34744
34840
34936
35176
35000
35176
35128
35368
35320
35512
35432
35352
35272
35512
35512
35416
35624
35608
35544
35336
35576
35384
35400
35432
35304
35064
34840
35080
34824
34376
34360
34136
33288
33256
32872
32808
32151
31751
30935
30471
29927
28887
28294
27766
27366
27094
26774
26582
26102
25766
25398
24742
24630
23861
23253
22821
22613
20212
25926
27078
24533
21557
20260
18948
23237
29655
31479
29735
27462
24838
22053
22485
26646
30743
32840
33832
34552
34952
35064
35096
35208
34264
32023
32904
33960
34616
35160
35368
35064
34984
34088
32215
30823
30311
30519
31015
30823
29927
29111
28775
26678
24614
22773
21573
21909
21909
22197
21541
21253
21813
21365
20084
18564
18084
18948
20709
22805
24790
26294
27414
28246
29191
29975
30295
30871
30967
31271
31159
31399
30999
27574
23525
21957
21701
22021
22885
24678
27142
29447
31287
32840
33928
34424
34600
34328
34216
33896
33512
33496
33352
33208
33304
32968
33096
32727
32663
32423
32551
32247
32199
32279
32039
31991
32103
31687
31799
31543
31575
31639
31559
31815
31751
32023
31959
31975
32119
31895
31879
31527
31495
31127
31175
31207
30791
30919
30711
30535
30023
29783
29127
29079
28695
28534
27686
27606
27046
26518
26358
26118
26262
26582
26454
26982
27590
28022
28198
28278
28630
28871
30407
33176
33896
33096
32183
31495
29943
26582
23317
21893
22709
23925
24790
25398
25638
26086
26374
26774
27158
27558
28150
28855
28903
28630
27414
22757
20533
20693
22597
24213
25990
26566
28534
29655
31175
33256
34008
33960
33624
33912
34376
34632
34776
34664
34120
33192
32888
33640
34104
31255
27302
24085
21637
22485
25798
28695
30503
31495
32311
32856
33064
33592
33704
33752
32711
29847
30135
29991
31271
31863
33576
34456
34776
34568
34184
34120
33576
33256
33400
33176
32904
32663
32455
32023
31575
31655
31479
31335
31447
31335
31543
31287
31575
31431
31127
30983
30567
32103
33160
30935
27894
25526
23397
21061
20276
19028
18612
18052
17908
17364
17364
17428
17444
17412
16580
16804
17172
16868
17092
17348
17620
17332
17828
17060
17828
20468
22997
25302
26342
27398
28502
29623
31255
32311
33160
33832
33672
33656
34168
33832
32103
28903
25622
23205
21493
20260
20180
21637
24021
26262
29895
32583
33720
33880
33304
32631
31623
30983
29735
26390
23509
21061
20276
19044
18996
18740
19396
20084
23925
27462
30567
32695
33304
31575
29751
27574
25446
22773
20885
19764
20084
20468
23925
27318
29751
31543
32567
33544
33928
34024
34312
34712
35064
34936
34552
33688
30471
27174
24229
22085
20292
20100
20805
24469
28198
30983
32743
33848
34136
34136
33608
32984
32439
31687
30807
30503
29127
28438
28438
27894
27302
26262
25398
24293
23317
22309
21189
19956
19220
18836
18084
18276
21461
25622
29191
31799
33208
34040
34440
34648
34888
34840
34584
34152
33912
33752
32743
29783
26662
23189
23013
26198
30391
33144
33880
32840
30423
26534
23189
25446
29159
32183
33512
33256
31079
29063
27846
26454
24694
22949
21109
20100
19252
21557
24085
24710
24902
28967
32183
33144
33352
33048
29383
24742
22821
22501
23045
28711
31831
31175
27574
23573
21781
20420
21525
23157
26950
30503
32567
33512
34008
33800
33224
32455
31671
31191
30359
27094
23365
21637
22853
24469
25318
26870
29159
30167
30839
32183
33128
30039
26774
24341
22101
20629
19588
18804
18404
17844
17844
17460
17924
17460
18164
18788
21077
23045
24774
25814
28582
31063
32503
33560
34408
34680
34936
35000
35032
34536
34408
33784
33800
33032
29287
24533
23765
25942
28070
29223
31111
33048
33784
33000
28230
24117
23013
24069
25590
27542
27686
27862
29863
31671
33320
34072
33000
27574
23733
22149
21141
22981
26310
28326
30263
30887
31975
33640
34088
34104
33960
33544
33384
33112
32663
31255
29655
30183
27270
24117
26758
29479
31783
33352
31127
25526
24261
27894
31047
33352
34312
34328
34376
34824
32503
28534
24501
25190
26774
28727
30327
31175
31751
32727
33736
32936
27830
23813
22485
23701
26486
31063
33080
32407
31207
30695
27942
24229
21717
20292
19492
21221
22949
24405
25654
26806
27510
27766
28486
29031
29287
29911
30359
30951
31271
32231
32599
32824
33560
33736
33832
33528
33640
34008
34120
34856
34296
31895
29703
26710
23413
22389
25046
27590
30823
32952
33848
33016
31687
30631
29447
27942
26854
25702
24565
23669
24389
24790
22005
20741
20388
20725
21893
24341
27174
30055
32535
33816
33816
33528
31927
28919
24998
23413
25606
30039
31895
33320
34088
34056
32727
30551
28711
26886
25094
23381
21909
20549
19412
18820
18004
17940
17476
17748
18228
18612
19348
20485
19652
19364
23221
26998
30999
31623
30455
26166
23237
23429
26022
28727
30903
32872
33944
34328
34344
34088
33816
33080
32487
31415
30967
29943
29143
27622
26742
25590
25286
25430
24085
21285
21781
26150
30583
32279
28759
23909
23397
25398
27510
30279
32920
32952
31287
28278
24549
22261
23013
24662
25798
27414
29303
30631
32103
32824
33784
34168
34600
34872
34952
35192
35240
35336
35240
35304
35144
35032
35016
34760
34360
33768
33112
32391
31719
30583
29255
28198
27158
26966
25238
22693
20517
19684
20933
23701
26534
28903
30647
32343
33384
34488
34920
34936
34248
33400
30199
26198
23093
22309
24293
27414
30503
32679
33832
34200
32984
30087
26966
23509
22245
24261
28230
31783
33512
34024
33928
32727
30311
26678
23349
22181
23477
25558
28102
30007
31639
32727
33544
34600
34296
34616
35320
35416
35384
35304
35128
35048
35000
34472
33864
34648
33816
32007
28887
25462
22805
22645
25062
28711
31559
33288
34152
33928
33992
33576
32647
31559
29943
28695
27190
25878
25270
25398
23685
21445
19812
18980
18420
19796
22837
25526
28022
30055
31287
32840
32952
33576
33928
34488
34792
34936
35080
35304
35288
35144
35160
34888
34648
34840
33560
29927
27350
23717
21493
20212
19364
21077
25030
28150
30423
32327
33624
33944
33352
32711
31655
30855
29895
28855
26214
22837
20725
20725
22181
25126
28182
31047
32711
34008
34312
34104
33672
31447
26678
23349
23413
26198
30711
32487
32199
29975
26310
22741
23893
27430
30487
32679
32535
31223
29303
27158
25174
23445
20821
20308
24197
29495
32087
31415
28855
25686
23221
21013
19684
18212
18036
17780
18356
19892
24742
28342
30919
32199
33272
33560
33624
33128
32375
31607
30423
29031
27638
26150
24437
22469
20452
18868
18212
18644
18964
21429
26262
29959
31703
31639
28951
25398
22421
20180
19828
21141
22997
24950
26982
29047
30375
31527
32743
32519
29383
24373
23957
27238
31271
32327
33288
32952
32695
31799
31127
29815
28871
27878
25862
24934
22501
20260
19668
21157
22901
24918
26918
28502
29959
31143
32119
33208
33640
33832
33768
33736
33336
32711
32599
31607
30503
29383
28246
27174
27174
25046
21765
19716
18804
18804
19508
20084
20581
21237
21925
22853
23541
24005
24870
25014
25462
25974
26262
28358
29671
30695
31863
32936
33288
32343
30951
29735
28006
26614
25270
23589
22325
21365
20180
19044
18452
17364
17156
16964
16532
16772
17156
17764
18180
19428
20228
21493
22821
24053
25574
27238
28630
30167
31239
32439
33320
33720
33992
34184
34120
33944
33416
32727
31559
30359
28438
26742
24982
23093
21301
20196
18740
18132
17620
17716
17732
18372
19732
20885
22917
24485
26294
27750
29431
30615
32039
32920
33800
34168
34520
34440
34568
33864
33384
32183
30935
28566
26534
24646
22421
21061
19300
18164
17908
17364
17796
18628
19236
21557
24549
26934
29031
30215
31191
31847
32455
32936
33432
33736
34056
34056
34344
34312
34104
34168
33704
33528
33064
32327
31495
30807
29991
28743
27958
26710
24902
21957
20404
18772
18628
18324
19108
20020
20629
22085
23269
24790
26454
28134
29623
30471
31687
32471
33368
34040
34312
34488
34584
34648
34600
33912
32007
29591
27062
24293
22629
20709
19332
18516
17716
17572
17844
17476
17876
18244
18020
18420
18884
18964
19796
20308
21061
22421
23397
24373
25094
25750
26470
27062
27894
28598
28662
29287
29975
30535
30887
31463
32055
32023
32599
32567
32759
33144
33400
33912
34280
34728
34856
34840
35032
34648
34776
34216
33704
33528
32984
32663
32215
31575
31319
31063
30455
30183
30263
29511
28646
27766
27414
26918
25734
24549
24229
23925
23829
23573
23221
22869
22021
20693
20212
18964
18564
17556
17220
16868
16516
16323
15827
15843
15795
15795
16115
16115
16500
17220
18820
20244
22709
24870
25702
26390
27222
27158
27830
28278
28903
29127
29479
29463
29767
29943
30135
30407
30599
31015
30967
31335
31303
31671
31255
32071
32007
32327
32391
32439
33064
33112
33464
33368
33512
33704
33704
33624
33976
34360
34216
33976
