32840
32888
33224
32872
33176
32952
33320
33192
33096
33176
33160
33016
32535
33080
33112
33496
33016
33352
33560
33880
33848
33992
34120
34264
35192
35400
35688
35944
35800
35640
35768
35976
35960
36088
36024
36008
36088
35736
35864
35768
34744
34120
32455
29911
25430
22853
21557
21925
21669
22021
23109
25366
26006
26230
27174
28006
29879
31911
33096
33560
34120
34088
34520
34520
34776
35336
35384
35688
35464
35928
35368
34360
33608
33480
32599
32087
31639
31607
31447
31015
30663
31191
29991
28598
27350
26886
27014
27398
25766
24806
24886
24501
23141
22117
20565
19524
18292
18404
18420
18612
18692
19492
20805
21989
23493
24309
24694
24950
25430
26118
26518
26934
26166
25926
27222
28486
29159
30263
30407
31319
31959
32215
32872
33240
33464
33832
34088
34360
34552
34520
34840
35096
35048
35256
35096
35384
35736
35192
35752
35864
35784
36024
36232
36216
35960
35864
35656
35288
35448
34456
34104
33496
33256
32471
32375
31735
31255
31079
30567
28679
26806
24485
23093
21765
20148
19652
18484
18324
18180
19012
19428
20004
20020
21541
23509
25126
26710
27350
28534
30599
32039
32936
34216
34664
35000
35688
35432
34408
32840
31015
28967
27478
26998
26918
25814
25926
24614
23733
21637
20485
19172
19620
18484
18900
20693
22293
24037
25430
27142
28390
30295
31879
32840
33848
34520
34776
35304
35560
35688
35624
35640
35464
35448
35336
35368
34872
33880
32503
31047
29015
26870
25654
24485
24021
24389
24934
23957
23269
21253
19668
19252
20116
22133
23285
24293
24758
24694
24678
24742
25190
26022
27478
28791
30167
31463
32551
32759
33160
33000
33112
32968
33480
33752
34328
34840
35048
35448
35336
34760
34776
34136
33368
32551
31543
29991
28502
26918
25254
23093
20789
19940
19668
19492
19508
20645
22661
24614
27222
29511
31335
32920
33992
34744
34744
35096
34744
33192
31687
30311
27318
25398
23653
21541
21045
20789
21237
22437
23365
24501
24565
28342
31367
33224
33656
32135
28134
23509
22101
25382
29191
32359
33880
34600
34280
32439
30503
26358
24085
21717
21013
20084
20404
20276
21461
22949
24501
25894
26518
28294
30247
32215
33272
34104
34744
35224
35512
35320
35592
34776
33160
29111
24806
22693
24694
28662
31687
33688
34520
34712
33752
32055
29815
26646
23765
21397
21173
22773
25862
29383
32023
33928
34632
34456
33032
31207
28246
25094
22325
20981
23061
25238
27766
30215
31991
33432
34504
34680
35528
35432
35112
33736
32055
29879
27542
26118
23541
21797
20004
19620
19844
20645
23349
26214
29959
32567
34200
34632
33320
30631
28134
25830
23989
22805
21493
20677
19636
19220
19028
19124
18676
18884
19268
19300
19236
19316
20805
23285
21141
19524
18980
21189
25414
29447
32295
33640
33064
30423
26662
23029
22869
26454
30119
32567
34216
33944
32247
29639
25606
23205
25974
30967
33080
31079
26166
25910
31223
32311
27718
24806
29655
33048
29591
24694
24021
28134
32711
33000
30215
25686
23157
26406
31223
32968
31159
26806
23541
23429
25894
28518
30599
32247
33240
34296
34904
35320
35144
34680
33768
31687
28150
25558
23637
21765
20260
20452
21621
22709
24229
25158
26726
27686
28038
29127
31095
32359
33832
34552
34760
34808
34104
33368
32359
31655
30695
29367
28374
27222
26134
24774
23157
21861
20821
19364
19044
18836
19892
22245
25366
29031
32279
33480
33272
29831
27462
24517
22165
23221
27254
30711
33480
33128
30919
26134
23365
24565
29287
32743
32984
30695
27622
24694
22069
20340
19572
19028
18548
19044
19364
19988
18900
19636
22885
26902
29335
31479
33208
34008
34936
35176
35144
34920
32904
29607
26774
23733
21349
21429
22181
25382
27718
30071
32247
33544
34424
34344
32856
31223
29015
26646
23589
21893
23109
28727
30439
30455
30647
30631
29287
30407
30535
29207
28070
26614
25142
29991
31751
33720
33288
34168
32727
34200
31911
33720
30023
27814
28999
25686
25382
22069
21301
20180
19988
19636
18884
19364
20869
24197
28150
30951
32215
33720
34408
34664
32936
30439
27286
25030
22261
20837
20404
21141
22517
24678
28166
28038
28054
29095
30359
30663
31511
31991
32888
33912
34184
34888
35288
35048
35336
35112
35256
34648
34472
34984
32904
29991
26806
23333
23029
24662
28006
30519
32087
33320
34472
35160
35384
35160
35080
34744
34344
34392
32423
29735
27270
25174
23877
22965
20645
19572
19780
20388
20917
24005
26662
29031
31399
32952
34232
34728
35064
35512
35032
33656
31767
30407
27206
24325
21749
21605
23413
26870
29399
32407
34120
34088
33528
31463
28278
24389
22741
27430
31319
33800
34408
34088
32167
28887
25094
22181
24277
28582
31383
33336
32583
29575
26454
23381
25222
31159
33752
33528
31655
29463
26102
22869
21125
21157
22069
24758
27302
30407
33016
33352
31031
28679
24421
22261
21685
22485
24614
27046
30871
33080
34312
34888
34552
33400
32711
29655
25222
22677
24325
29783
33240
34184
33080
30103
26150
23285
23173
27606
30935
33112
33848
28983
26390
31287
33656
30615
25974
28919
32487
28118
24614
26742
31431
33528
32551
30807
26294
25174
28775
32311
33624
32279
29639
25254
23429
23141
26742
30471
32743
34280
33624
30407
25622
22789
25878
31591
33096
32071
28230
24037
23221
25318
28262
30375
31895
33080
33624
34328
34504
35112
33144
34152
34296
35208
34648
32343
29911
25366
22581
20997
22661
26902
30455
33096
34376
34936
35256
35560
35576
35576
35592
33944
30775
27878
25062
22917
21509
20084
19732
19076
20020
22277
28582
32183
33672
33816
33880
33352
33208
32711
32279
31847
31495
30391
29927
28582
26710
24902
22501
20997
23317
26774
30567
33336
34280
33592
32647
31543
29943
28406
27238
26598
25558
27078
25670
22453
20725
19300
19332
20020
20933
22501
23797
24053
23541
26358
29175
31159
32455
33192
33992
33480
34152
34904
35160
35496
35272
35032
35048
35032
35496
35320
33064
30839
26966
23605
21365
20356
21637
24934
27814
31495
33368
34680
34984
35000
35592
35336
34424
34520
32824
31031
28326
25750
23253
21189
20132
19316
18756
17972
17876
17652
17940
18564
20901
23925
26550
28743
30551
31543
32423
32840
33544
33720
34024
34488
34792
35080
35224
35256
35640
35592
35880
35592
35672
36008
36024
35944
36024
36040
35992
36072
36024
36200
36024
35816
35544
35544
35240
35096
34856
34648
34904
34760
34728
34744
34392
33912
33528
32840
32167
31159
30295
29287
28038
27014
26262
25590
24806
24069
23221
22789
21733
20741
19892
19444
18820
18596
18292
17764
17732
17188
17252
17140
16676
17060
18020
19204
20468
21653
22389
22949
23893
24614
25430
26614
28022
29207
29895
30919
31527
32535
33048
33944
34408
35000
35288
35368
35528
35832
35720
35624
35192
35112
34696
34648
34344
34632
34776
34680
34728
34056
33480
32087
31031
29671
29111
28470
28054
27862
26870
26118
25062
24309
23189
22581
21317
20645
19844
19172
18356
17780
17764
17476
17924
18148
18724
18612
19236
20004
20340
21381
22773
23829
25238
25910
26422
27126
27622
28422
29047
29159
29655
30135
30471
30727
30471
30455
29895
29863
29767
29719
29511
30263
30423
30631
30807
30439
30519
30327
30503
30567
30247
30375
30391
29991
30071
30327
30263
30439
30679
