9074
9218
9378
9282
8786
8994
9106
9138
8946
8530
8498
8866
8802
8338
8482
8145
8306
8338
7889
8145
8354
8081
7841
8081
8226
7745
7905
8113
7649
7841
7985
7617
7745
7665
7921
7905
9810
10690
11042
11474
10786
10258
10322
9698
9122
8706
8514
8017
8081
7681
8097
8097
8594
8706
8338
7761
7841
7681
7489
7009
7233
7425
7201
7553
7521
7825
7201
7361
7505
7089
7249
6833
7665
8610
9298
9634
10866
11506
11906
12050
11842
11490
11474
10626
9794
9778
9266
9634
9458
9890
10146
9842
9490
8834
8306
8290
8033
7585
7953
7537
7809
7585
7873
7841
7665
8354
8145
8514
9042
9634
10242
11138
11586
11906
12947
12547
13011
12771
13219
13459
13763
13699
13619
13635
13731
13779
13715
13827
13731
13683
13667
13587
13427
13107
12883
13059
12851
12563
12258
12355
12162
11810
11730
11298
10690
10578
10066
10002
9458
9474
9026
9042
8482
8546
8626
7985
7985
7985
8049
7617
7777
7521
8097
8882
9330
9170
9538
9058
9282
8722
8914
8722
8386
8434
8354
7713
7729
7985
7473
7569
7697
6977
7073
7281
7249
7313
7377
6849
7025
7153
7233
6993
6801
7009
7553
7905
7761
8161
7905
8306
8722
8290
8562
8210
8322
8081
7873
7905
7393
7297
7345
7361
7377
7409
7057
7473
7665
7745
7745
7297
7313
7457
7233
7329
7057
7441
7185
6769
7057
6817
6801
7313
7105
6817
6833
6961
6897
6929
6929
6961
7041
6945
6625
6769
6897
7089
7217
6945
7425
7857
8177
7985
8738
8562
8658
8113
8097
8001
8402
8338
8722
9298
9026
9554
9362
9746
9570
9794
9586
10146
10658
10786
10994
11026
11410
11074
11250
10962
10690
11186
11314
11362
11858
11650
12082
12082
12066
12387
12515
12451
12499
12899
12643
12339
12739
12707
12595
12531
13011
13059
13091
13027
13427
13251
13555
13507
13155
13123
13507
13299
13091
13299
13235
12867
12515
12899
12771
12515
12707
12611
12355
12018
11778
11090
10866
10770
10482
10898
10610
11026
10978
11634
11634
12563
12403
12835
13267
13619
13267
13539
14275
13827
14051
13763
14099
14019
13907
13891
14227
14163
13955
14291
14147
13939
14355
14131
14067
14067
14467
14355
14227
14179
14115
14499
14307
14131
13907
14275
14051
13827
13539
13779
13603
13331
13139
12931
13219
13027
12691
12819
12451
12515
12258
11938
12034
11730
11250
11778
12258
12355
12355
12627
12419
12579
12274
11762
11810
11410
11442
11282
11506
12323
12451
12739
12899
13571
13651
13731
13619
13859
14099
14179
13891
13667
13235
13555
13075
12707
13043
12851
12595
13027
12659
12291
12291
12323
12291
12611
12963
12915
12851
13107
13075
12915
12643
12194
12242
11666
11698
11186
11314
10834
10946
10594
10370
10066
9730
9202
9362
8770
8738
9410
9266
9394
9186
8898
9058
8770
9362
9314
9538
9330
9554
9298
9538
9234
9474
9250
9714
9570
9874
10114
9634
9746
9890
9650
9922
9570
9874
9986
9874
10210
9986
10274
10274
10098
10018
10402
9906
9810
9442
8498
8546
8129
8242
8001
8033
7489
7569
7649
7137
7249
7409
6977
7137
7345
6833
7089
7137
7201
6833
7009
7217
6865
7153
7537
7217
7713
8081
8290
8690
8177
8258
7809
7825
7633
8161
8418
8290
8610
8161
8177
8338
7937
8482
8530
8962
9074
8770
9058
8738
8482
7825
7809
7489
8033
8338
8177
8546
9122
9330
10034
10706
11074
11698
11666
12210
12515
12899
13059
12915
13171
13971
13667
13635
13715
13795
13763
13779
13619
13603
13731
13827
13795
13843
13667
13587
13395
13347
13843
14019
13987
14003
14067
14035
14019
13971
14003
13923
13939
13923
13875
13955
13987
13987
14019
14451
14291
14323
14387
14275
14259
14435
14451
13923
13987
14131
14179
13843
13747
14195
14195
14083
14003
13875
13747
13651
13555
13763
13827
13379
12707
12242
11842
11890
11842
11698
12018
12883
13267
13411
13619
13299
12675
11810
11026
10066
9778
9010
9026
8770
9090
8914
9378
9202
9634
9538
9506
10018
9954
10402
10322
10722
10690
10466
10882
10834
10802
11266
11170
11634
11490
11506
11858
11746
12034
12339
11810
12050
12819
12563
12771
12771
12499
11970
12050
11858
11794
12274
12339
12307
12274
12274
12371
12387
12339
12627
12835
12899
13027
13091
13091
13251
13219
13219
13299
13331
13379
13427
13491
13491
13539
13571
13603
13619
13587
13619
13747
13827
13731
13795
13443
13491
13635
13683
13699
13779
13891
13923
13923
13971
13971
13875
13411
12242
11090
10258
9698
9762
9346
9426
9122
9026
9090
9202
10130
10354
10562
10834
11586
11810
11938
12146
12371
11618
10978
10626
10226
10818
10914
11154
11362
11378
12034
12002
11874
11730
11922
12787
12146
12547
12435
12419
13059
13139
13043
12995
13059
13395
13411
13475
13459
13523
13571
14099
14131
13683
13843
14499
13667
13107
13459
13507
12963
12963
12771
12979
13075
13475
13571
13555
13555
13939
13747
13571
13619
13683
13715
14227
14179
13971
13811
13667
13571
13987
13955
13875
13507
13171
12883
12755
12082
11346
11250
10546
10354
10306
9794
9682
9410
9522
8946
9058
8658
8706
8770
8626
8113
8113
8466
9298
9586
10354
10466
10850
10562
10770
10514
9778
9634
9378
9186
8386
8226
8242
8161
7985
7649
7889
7585
7601
7505
7473
7329
7249
7121
7153
7121
7217
7649
8129
8754
8514
8674
9026
9122
8786
8834
8722
8546
7761
7537
7377
7345
7249
7345
7457
7633
7649
7521
7569
7521
7409
7377
7041
6929
7281
6961
6833
7265
7329
7121
6833
7281
7041
6625
6833
7041
7073
7297
7761
7617
8129
8642
9074
9298
9842
9890
10450
10450
11042
11122
11522
11042
11106
10562
10994
10898
11442
11490
11618
12307
12371
12931
12979
12963
13155
13107
13027
12947
13507
13491
13491
13475
14003
14067
14035
14115
14099
13939
13987
13987
13971
13891
14403
14275
14275
14227
14195
14163
14099
13971
14355
14371
14403
14355
14355
14387
14323
14275
14115
14275
14339
14387
14211
14435
14531
14579
14627
14659
14547
14723
14723
14755
14675
14611
14595
14483
14547
14531
14579
14659
14531
14723
14627
14547
14275
13987
13763
13555
13251
13011
12707
12274
12258
12387
12643
12323
12435
12339
12274
12114
11170
11186
11378
11490
11330
11250
11810
12146
12291
12291
12194
12098
12403
12274
12018
11746
11746
11362
10946
10386
10050
9730
9234
8722
8802
8562
8177
8514
8113
8418
8161
8530
8290
8738
8674
9234
9010
9490
9394
9826
9842
10034
9714
9698
9506
9602
9282
9186
8626
8594
8113
8322
8402
8129
8738
8434
8978
8882
9186
9522
9362
9842
9730
10050
10226
9906
10546
10706
11362
11698
11890
12018
12339
13027
13123
13235
13219
13267
13299
13299
13443
13651
13683
13683
13651
14179
14163
14131
14099
14051
13987
14003
14483
14451
14451
14355
14291
14195
14195
14195
14707
14739
14595
14547
14723
14835
14579
14739
14579
14419
14723
14835
14291
14691
14691
14563
14355
14131
13923
13699
14227
14147
14115
14163
14147
14723
14563
14435
14867
14707
14611
14371
14147
14131
13667
13075
12467
11858
11778
11394
10802
10850
10482
10114
9794
9906
9522
9666
9138
9442
9026
9202
8866
9058
8514
8674
8754
8658
8546
8674
8242
8386
8498
8322
8530
8226
9058
9426
9570
10146
10418
10322
10418
10946
10866
10738
10834
10258
10402
9970
9586
9714
9234
8738
8738
8177
8370
7905
8017
8113
7841
8033
7681
7857
7505
7857
7601
8033
7873
8914
8786
9234
9010
9218
8642
8129
8290
7777
8097
8386
8177
8498
8177
8578
8450
9794
10130
9522
9634
9666
9314
9426
9666
9826
9602
9730
9842
9826
10402
10290
10306
10722
10482
10226
10658
10722
10770
11554
11634
11986
12178
12034
12274
12483
11938
11874
12723
13011
13235
13395
13363
13907
13827
13795
13539
13651
13635
13587
13395
13475
13747
13635
13555
13331
13267
13299
14067
14195
14195
14019
13843
13587
13795
13651
13571
13203
12835
13043
12787
12483
12130
12371
12307
12098
11954
11970
12563
12659
12579
12307
12707
12675
12274
11890
11858
11602
11314
11010
11426
11282
11154
11458
11346
11106
10754
10626
10354
10738
10194
10450
10178
10258
10898
11234
11986
12579
12579
12595
12419
12339
12114
12242
11858
11378
11058
11234
11378
11282
11330
11986
12130
12451
12739
12082
12851
13299
13123
12515
11842
11554
10626
10258
9746
9730
9362
9698
9394
9794
9810
9458
9714
9298
9570
9298
9810
9826
9634
10018
10098
10034
9714
10002
9762
10178
10098
10226
10770
10866
11538
11506
11666
12258
12162
11762
12002
11634
11362
10930
10994
10498
10130
9874
9634
9506
9970
9986
10258
10114
10194
10882
11250
11602
12419
12675
12963
13219
13939
14147
14323
14387
14483
14563
14611
14611
14675
14595
14163
13907
13971
13539
13539
13299
12787
12579
12931
13603
13907
14051
13859
14179
13763
13347
13219
12643
11874
11506
10658
10466
9666
9666
9650
9074
9458
9058
9362
9410
9122
8914
8914
8898
8706
8754
8674
8802
8930
8850
9058
8994
9586
9650
9826
10290
10402
10530
11122
10754
10354
10706
10530
10338
10802
10802
11202
11426
11474
12162
12066
11378
11410
10914
11218
11298
11234
12002
12178
12130
12018
12034
12387
12066
11842
12162
11906
11602
12050
12210
12403
12643
13427
13683
13923
14163
14227
14259
14163
14083
14019
14051
14499
14419
14403
14355
14323
14355
14243
14563
14579
14579
14387
14179
14115
14547
14499
14371
14307
14195
14611
14835
14643
14627
14419
14403
14499
14531
14467
14499
14563
14515
14563
14371
14179
13923
14291
14371
14563
14451
13939
13891
14131
13875
13619
13347
13059
12755
12915
12531
12531
12274
12098
11906
11378
11586
11378
11218
10962
10850
10738
10562
11490
11746
11922
12531
12515
12531
12483
12323
12915
12883
12691
12451
12098
11970
12323
12226
12098
11810
12130
11698
11442
11202
11570
11442
11346
11922
11778
11554
11234
11282
10642
10114
10034
9410
9570
9330
9106
9394
9202
9058
8882
8898
8562
8514
8210
8097
8049
8113
7745
7873
7905
7409
7697
7713
7345
7553
7713
7153
7585
7137
7377
7585
7681
7169
7553
7585
7361
7441
7617
7201
7585
7153
7265
7441
7617
7105
7601
7713
7345
7617
7601
7393
7569
7153
7361
7553
7201
7521
7713
7489
7697
7345
7441
7617
7137
7441
7617
7857
7873
7985
7793
7617
7569
7857
7729
7857
7697
7713
7969
8354
8722
8690
9106
8754
8786
8418
8610
8129
8210
8402
8562
8306
8658
9106
9250
9330
9826
9778
10226
10162
10530
10354
10914
10738
11090
11298
11282
11154
11618
11490
11906
11842
11714
12194
12066
12403
12274
12258
12018
11442
10722
10610
10258
10290
10226
9906
10242
9874
10226
10034
10642
10546
11314
11346
11250
11890
11938
11618
11762
11730
11570
11778
12242
12403
12531
12595
12803
12595
12627
12274
11810
11522
11874
11890
11666
11090
10434
10130
11042
11202
11170
11778
11698
12210
12963
13219
13411
13523
13635
13667
14195
14147
14083
14003
13939
14227
14259
14131
14163
13859
14035
13635
14099
13795
14035
13363
14227
14627
14387
14147
14003
14003
13971
13955
13875
13571
13651
13523
13443
13635
13603
13411
13235
13171
13043
13651
13795
14259
14419
14451
14563
14675
14643
14611
14611
14499
14323
14163
13971
13651
13235
13539
13555
13667
13619
13763
13891
14179
14147
14163
14067
13859
13779
13587
13395
13107
13091
13491
13507
13907
14035
14035
13811
13507
13427
12995
12403
11634
11570
10802
10274
9938
9810
9298
9298
8802
8914
8466
8514
8674
8113
8242
8338
7937
7921
8161
7761
7969
7985
8161
7905
7569
7617
7633
7633
7697
7793
7793
7857
7921
7873
7409
7409
7505
7697
7793
7425
7489
7537
7505
7969
7697
7425
7297
7425
7313
7697
7441
7617
7873
7841
8065
8434
8274
8754
8594
9058
9442
9410
9874
9778
10322
10930
10930
11122
11506
11602
12066
12082
11970
12355
11970
11762
12130
12002
11986
12435
12066
11026
10082
10418
10322
10450
9778
10610
11426
12018
12499
13251
13523
13507
13379
13379
13267
13683
13667
13635
13587
13459
13283
13155
13587
13427
13251
13139
12995
13571
13363
13171
13027
12867
13235
13107
12851
13203
13027
12835
12659
12659
12723
12499
12723
12579
12403
12483
12499
12226
12355
12242
12002
11698
12002
11746
12018
11874
11650
11826
11554
11314
11586
11330
11010
11234
10978
11138
11042
10802
11026
10834
10594
10386
10626
10930
10994
11250
11298
11602
10818
11138
11042
10578
10546
10146
10258
9810
9922
9410
10066
10226
10178
10482
10130
10386
9794
9842
9362
9410
8962
9234
9026
9234
8786
8946
9026
8578
8706
8482
8738
8177
8338
8594
8210
8338
8482
8129
8450
8113
8370
7953
8033
7697
7809
7969
7473
7553
7777
7409
7793
7921
8113
8210
8258
8161
8226
8210
8145
7937
7505
7585
7665
7905
7489
7665
7713
7345
7521
7601
7777
7505
7761
8001
7665
8049
8177
7969
8370
8017
8386
8802
8546
8642
8578
8113
8274
7889
8161
8450
8306
8690
8482
8722
8578
8610
8658
8514
8642
8001
8161
7793
8001
8081
8226
8354
8514
8786
8930
9122
9330
8226
8001
7825
8338
9170
9474
10466
10914
11298
11634
12098
12323
12531
12691
12803
13491
13587
13683
13779
13827
13859
13987
13955
13923
13811
14307
14307
14259
14195
14211
14227
14307
14259
14179
14179
14195
13971
14323
14211
14035
13891
13731
13651
13635
13987
14003
13747
13107
12274
11714
10642
10130
9250
8786
7873
7649
7377
7009
6481
6337
6161
6161
6129
6097
6193
6433
6769
6593
7121
7521
8097
8754
8722
9474
10114
10306
10466
11250
11298
12018
12002
12659
12643
12579
12851
12755
12723
13363
13347
13459
13459
13603
13667
14131
13907
13715
13555
13395
13715
13555
13315
13187
13507
13235
13235
13347
13267
13555
13779
13251
13283
13219
13235
13203
13363
13699
13875
13731
13635
13459
13155
13155
13251
13427
13475
13603
13683
14115
14147
14179
14131
14019
14067
14451
14387
14323
14115
13891
13619
13875
13763
13683
13651
13571
13667
13603
13315
13011
13299
13155
13075
12835
13107
13075
12931
12563
12034
11586
11074
11122
10594
10210
10226
10050
9714
9298
9410
8882
9138
8530
8994
8674
8898
8626
8658
8402
8514
8145
8370
8001
8290
7889
8145
7889
8354
7809
8049
7633
7873
8017
7617
8145
8017
8370
8530
8113
8402
8706
8354
8738
8594
8930
9138
9090
9234
8770
8850
8370
8562
8674
8258
8017
8177
8097
7921
8210
8017
8226
8145
8081
7969
7969
8065
8177
8610
8322
8674
8450
8722
8690
8450
9042
9394
9922
10162
9666
9010
9042
8578
8674
7921
8226
7681
7873
7441
7633
7841
7457
7729
7441
7713
7313
8097
7809
7601
8065
7505
7809
7361
7601
7329
7665
7457
7873
7825
8386
8242
8818
8786
9234
9250
9234
9874
9794
9746
10290
10178
10706
10850
10754
10738
11234
11138
11074
10354
9874
10002
9666
9522
10034
10066
10162
10802
10994
11042
11170
11666
11698
10866
9826
9602
9330
9666
10130
10290
10850
11138
11426
11554
12355
12339
12483
12563
13123
13267
13363
13475
13555
13411
13619
13683
13731
13587
13907
13475
14083
13811
13635
14291
13971
14195
14339
14499
14115
14099
14003
14419
14243
14163
14003
14339
14291
13411
12403
11954
10914
11378
12194
13219
13299
13187
12803
12451
12467
11938
11506
11618
11202
10770
10818
10338
10434
10034
10066
9538
9602
9794
9458
9602
9234
9474
10354
10738
11538
11762
11858
11986
12371
12018
11586
11602
11122
10610
10658
10002
9986
9586
9826
9490
9170
9378
9058
9378
8914
9346
8994
9314
9154
8738
9282
9058
9266
9058
8674
9106
8898
9218
8994
9362
9218
9042
9554
9362
9842
9746
10194
10082
10226
9762
9874
9522
9586
9266
9554
9314
9410
9842
9858
10498
10498
10914
11010
11058
11474
11234
11058
11378
10722
10722
10834
10834
10706
10770
11186
11378
11826
11922
12050
12098
12194
12691
12467
11906
11362
10914
11186
10786
10850
10690
10530
10498
10594
11074
11090
11154
11698
11762
11858
12050
12162
12291
12387
12242
11938
12066
11874
11554
11202
10738
10786
10210
9874
10306
10098
10690
10690
11106
11266
11474
11490
12002
12242
12339
12403
12579
13187
13283
13475
13715
13779
13779
13827
13779
13843
13795
13875
13811
13971
13971
14019
14019
13971
13923
13939
14035
14035
13907
13843
13763
13907
13939
14051
14003
14259
14243
14259
14339
14323
14355
14435
14499
14515
14531
14291
14355
14419
13955
13939
13779
13491
13155
12755
12355
11954
12082
11746
11730
11842
11602
11794
11794
11378
11762
11122
10866
10466
10642
10146
10210
10226
10914
10866
11154
10434
9922
9890
10850
11074
11426
12387
12691
12963
13091
13315
13363
13619
13763
13875
13843
14083
14115
14179
14227
14227
14259
14195
14003
14099
14067
14115
14083
14131
14083
13955
13987
14435
14387
14451
14499
14419
14515
14259
14227
14067
13923
13843
13891
13811
13731
13811
13699
13651
13619
13619
13571
13459
13859
13667
13843
13811
13315
13475
13779
13987
14067
13987
13651
13283
12851
12867
12515
12066
11746
11618
11874
11826
11666
11362
11170
11042
10722
10594
10082
9522
9698
9170
9378
9090
9410
9090
9330
8978
8658
8514
8578
8290
8482
8242
7857
7921
7889
7633
7585
7457
7313
7441
7825
8306
8386
8802
8770
9026
9234
8898
8930
8818
8274
8290
7729
8210
8642
8674
9362
9538
9986
10162
10594
10658
10706
11250
11250
11778
11922
12018
11986
12467
12403
12355
12835
12739
12563
12883
13267
13315
13219
13171
13731
13747
13827
13795
13811
13683
13443
13219
13331
13395
13347
13507
14035
14019
14019
13955
13747
13619
13507
13395
13395
13875
14003
14051
14067
14067
14019
14611
14323
14499
14451
14547
14547
14419
14243
14131
13875
13731
13699
13859
13651
13731
13779
13683
14131
13747
13523
13219
12899
13075
12819
12787
13203
13187
12963
12771
12883
12643
12258
12387
12210
12547
11362
11538
10962
10802
10290
10498
10370
10562
11138
11234
12098
12146
11986
11618
11666
11250
10754
10834
10322
10594
10290
10002
10050
9714
9842
9970
9746
10002
9522
9554
9506
8994
9042
8770
8402
8546
8081
8145
8274
7793
7905
8049
7617
7729
8081
7537
7665
7761
7313
7473
7585
7729
7249
7313
7425
7393
7233
7441
7505
7441
7665
7921
7505
7665
7777
7377
7521
7633
7505
7153
7569
7761
7729
7537
7841
7361
7665
7649
7233
7505
7617
7329
7745
8001
7921
7713
7905
7313
7777
7601
7697
7841
7377
7265
7505
7825
7553
7937
7729
8033
7841
8466
9410
9890
10306
11314
11826
12066
12483
12867
12755
13075
13891
13235
13683
13475
13811
13699
14099
14019
13955
13923
13795
13667
13539
13251
13779
13715
13699
13603
13507
13523
13635
13443
13315
13235
13171
13123
12963
12963
12883
12835
12611
12467
12787
12707
13107
13363
13299
13123
12835
12707
12563
12291
11970
11858
11682
12034
11746
11410
11794
11426
11282
11026
11426
11250
11058
10850
11218
11026
10930
10674
10562
10866
10674
10498
10530
11442
11378
11218
10994
11218
11026
10738
10850
10898
11138
11250
11282
11186
10834
10882
10418
9826
9922
9986
10066
11314
11282
10930
11634
11282
11490
10978
10962
10306
10162
9570
8994
9010
8994
8402
8546
8017
8226
7617
8001
7793
8242
8434
8674
8978
9362
9202
9554
9762
10290
10610
10930
10786
10866
11426
11426
11410
11410
12114
12114
12194
12194
12274
12371
12451
12579
12611
12627
12691
12755
12787
12851
12963
13011
13107
13219
13011
12627
12371
12178
12194
12307
12403
12531
12883
12819
12803
12963
13075
13091
13283
13235
13283
13603
13635
13619
13619
13715
13779
13667
13763
13731
14227
14243
14259
14275
14323
14275
14259
14291
14291
14339
14387
14371
14387
14355
14275
14387
14323
14323
14275
14355
14131
14131
14083
14131
14099
13987
13891
13971
13811
13875
14115
14275
14355
14323
14323
14291
14243
14275
14307
14307
14371
14355
14339
14355
14275
14179
14131
14003
13875
13891
14339
14211
14419
14243
14579
14291
14499
14259
14499
14291
14355
14259
14307
14323
14515
14435
14307
14211
14035
14227
14019
13859
13555
13267
12947
13123
12835
12499
12627
12355
12339
12178
12531
12226
12258
11986
11714
12002
11410
11474
11234
10818
11010
10626
10866
10466
10690
10290
10594
10114
10322
9890
10162
9810
10130
9570
9746
9394
9554
9122
9426
9106
9202
9362
8898
8818
8898
9234
9426
9922
9730
10322
10482
10914
10770
10450
10754
10386
9874
10098
9794
9554
9202
9586
9218
9314
9330
9010
9090
9666
9426
9730
9474
9106
9490
9666
9682
10050
10146
10034
10114
10482
10674
10562
10258
10162
10306
9922
9602
9570
9250
9218
9282
9266
8802
9026
9266
9346
8898
8690
8322
8306
7985
8274
7841
8001
7569
7345
7521
7697
7537
7153
7409
7585
7361
7601
7153
7521
6993
7329
6945
7313
7073
7409
7217
7473
7185
7473
7201
7457
7297
7569
7073
7249
6929
7249
6913
7265
7185
7665
7617
8113
8097
7825
8081
8177
7745
7905
7761
7985
8097
8530
8834
8882
9426
9490
9474
10162
10210
10338
10434
10130
10642
10786
10978
11122
10978
11010
11154
11330
11474
11986
12082
12098
11986
11890
11698
11986
12002
12018
12130
12210
12563
12723
12931
12963
13203
13347
13491
13523
13747
13715
13763
13603
13683
14147
14115
14099
13747
13843
14067
14355
14387
14275
14083
14291
14499
14307
14035
14291
14483
14371
14179
13811
14099
14115
14211
14179
14019
13827
13651
13235
13827
13811
13875
13827
13795
13763
13667
13795
13635
13283
12867
12499
12178
12146
11906
12002
12018
12355
12258
12098
11954
12323
11970
11426
11090
10562
10578
10146
9698
9762
9218
9362
8946
8626
8754
8818
8418
8065
8097
8226
7857
7969
8017
7617
7809
7489
7377
7537
7681
7329
7489
7665
7345
7537
7601
7121
7361
7473
7233
7537
7249
7393
7713
7457
7729
7201
7665
7265
7457
7137
7345
7489
7521
7329
7505
7137
7281
7457
7089
7393
7473
7281
7633
7505
7761
7553
7793
7617
7921
8065
8033
8033
8626
8642
8322
8033
7985
7793
7793
7793
7969
7761
8081
7841
8065
8177
7985
8418
8290
8802
8738
9330
9074
9474
9138
9442
9170
9394
8978
9186
9058
9490
9394
9618
9554
9170
9362
9554
9490
10034
10130
10834
10786
11538
11554
12162
12210
11874
12371
12194
11938
12178
12483
12483
12563
13123
13219
13107
13043
13155
13555
13907
13859
13907
14003
13987
13923
13875
13891
13763
13955
13875
13859
13875
13923
13827
14307
14179
14067
14003
13891
14291
14275
14259
14259
14179
14163
14163
14227
14179
14163
14019
13907
13827
13907
14147
14131
14083
13955
13683
14179
14211
14147
14003
14099
14131
14147
14083
14163
14179
14579
14259
14419
14115
14403
14611
14771
14483
15059
14579
14419
14227
14739
14275
13923
13507
13571
13491
13571
13955
13827
13507
13843
13331
12883
12883
12307
12242
11682
12018
11554
11714
11298
10914
10738
10802
9922
9762
9794
9826
10194
10082
9490
9378
9250
8706
8674
8530
8418
8322
8081
8113
8001
7617
7569
7825
7985
8418
8818
9522
10370
11042
11330
12130
12291
12995
13171
13171
13507
13667
13603
13971
13827
14131
13875
13523
14259
14179
14115
13939
14307
14179
13923
14339
14083
13891
14211
14035
14051
14179
13987
13587
13651
13123
12499
12435
11842
11778
11186
11170
10578
10514
9986
10082
9938
9538
9522
9282
9570
9170
9554
8866
9218
8946
8754
8850
8145
8930
9234
9090
9202
9202
9250
9234
8962
9186
9458
8914
9122
9138
9202
8578
8530
8562
8498
8354
7697
7665
7601
7521
7505
7521
7441
7601
7697
7777
7793
7953
7985
8049
8001
8049
8194
8258
7777
7905
7873
7697
7825
7233
7441
7681
7921
7425
7553
7633
7745
7505
7761
7985
8258
8274
8866
9522
9474
10034
10546
10738
11106
11154
11666
11586
12050
11938
12339
12307
12787
12691
12915
12883
12611
13043
12867
13299
13139
12995
12915
13363
13395
13331
13155
13539
13523
13411
13619
13683
12595
12419
12435
12002
12435
12547
13027
13235
13283
13299
13747
13731
13779
13731
13731
13987
13971
13347
13491
13507
13491
13603
13795
13875
14035
14115
13987
14163
14067
14147
14115
14019
14451
14435
14291
13987
13571
13603
13123
12963
13267
12819
12899
12371
12242
11442
11346
11282
10722
10770
10274
10306
9810
10354
11074
11090
11682
11506
11858
11634
11762
11186
11234
10642
10450
10178
9458
9298
9138
9010
8402
8306
8274
8338
8466
8065
8145
8242
8274
7713
7969
8081
7729
7985
7553
7841
7441
7585
7745
7505
7201
7457
7121
7505
7201
7569
7345
7857
7313
7473
7649
7009
7377
7073
7409
7761
7633
7857
7585
7729
7409
7745
8177
8322
8690
8738
9282
9298
9890
9826
10434
10642
10978
11778
12114
12627
12963
12787
12995
12291
12755
12659
12563
12146
13043
12867
13491
13299
12915
12435
11890
11362
11394
10994
10530
10018
10002
9794
9506
9602
8962
9234
8706
8770
8338
8466
8562
8097
8386
8049
8242
7969
8129
7681
8017
7649
7841
7425
7617
7633
7313
7521
7793
7217
7521
7521
7265
7457
7009
7313
6961
7201
7393
6945
7185
7377
6993
7617
7441
7841
7457
7601
7905
7649
7569
7121
7345
7377
7569
7089
7217
7249
7313
7233
7201
7345
7345
7393
6961
7073
7249
7329
7505
7793
8145
8418
8418
7985
8145
8033
8049
7569
7969
8370
8706
9138
9186
9698
9618
10098
10546
10498
10818
11138
11122
11522
11634
11746
11906
12082
12210
11970
11954
12114
12355
12595
12707
12547
12723
12915
12707
13043
12915
12835
13219
13155
13091
13411
13475
13347
13283
13587
13667
13523
13347
13699
13395
13027
11938
11458
11714
12002
12307
12531
12835
13299
13459
13475
13891
13747
12915
13091
12274
11922
12803
13011
12723
11778
11378
10770
10706
10354
9394
9202
9170
9010
9378
9442
10082
10130
10722
10850
11442
11554
11682
11730
12371
12210
12162
12739
12707
12579
12691
13107
13107
13203
13203
13171
13667
13667
13635
13539
13155
12467
12034
12050
11970
12467
12531
12579
12659
13315
13283
13347
13411
13475
13491
13571
13571
14019
14035
14035
14067
14019
14019
14035
13955
14243
14067
14227
14531
14291
14419
14595
14195
14275
14195
14243
14755
14611
14563
14531
14435
14419
14419
14403
14387
14451
14435
14531
14515
14499
14579
14579
14563
14483
14483
14387
14275
14163
14579
14547
14499
14499
14451
14435
14403
14435
14323
14211
14595
14531
14467
14435
14387
14355
14259
14275
14307
14243
14675
14675
14627
14467
14371
14371
14275
14675
14563
14419
14883
14675
14515
14771
14707
14531
14291
14275
13411
12979
13363
13267
13651
13779
13683
14339
14275
14067
13779
13843
13203
13011
12323
12371
12819
13107
13731
13523
12867
12707
11810
11266
10178
9714
9410
9154
9042
8386
8274
8290
8370
8434
8113
8017
8210
8450
8450
8354
8322
8242
9122
8274
8498
8370
9042
8610
8177
8113
7809
7665
7697
7873
7345
7489
7953
8402
8338
8978
8978
9602
9570
9970
10498
10402
10642
10066
10178
9986
10498
10578
10738
11330
11394
11826
11362
10978
11234
11154
11634
11794
12339
12515
12659
13107
13251
13235
13699
13779
13763
13811
13747
14003
13795
13683
13667
14035
13971
13747
13427
12963
13379
13267
13219
13747
13843
13875
13875
14307
14323
14275
14259
14067
14051
13923
13795
13539
13971
13827
13635
13555
13731
13843
13843
14403
14339
14211
14083
14291
14515
14451
14515
14563
14483
14419
14179
13971
13603
13731
13331
13011
13347
13299
13155
13331
13043
12515
12387
11874
11378
11186
10962
10722
10402
10930
10850
10610
10290
10338
9746
9794
9298
9378
9554
9426
9842
9986
9506
9554
9570
8866
8882
8882
8738
8129
8306
8482
8738
8274
8258
8290
8290
8242
7681
7905
7969
8033
8161
7697
7937
8306
8642
8690
8210
8129
8113
8370
8674
9010
9234
9922
10450
11186
11170
11890
12579
12531
12995
12915
12723
13059
12963
13299
13347
13155
13603
13619
13587
13939
13907
13763
14067
13811
14067
13907
13795
13667
13987
14019
13875
14259
14051
14419
14035
13603
13715
13411
13011
12931
12579
12835
12531
12659
12210
12274
11746
11954
12098
12034
11890
12146
11890
12291
12274
12675
12371
12595
11954
11682
11250
10738
10338
9906
9554
9858
9314
8626
8530
8722
8594
8001
8177
8386
7953
7921
7937
8065
7505
7633
7713
7809
7713
7361
7441
7537
7697
7169
7601
7345
7249
7313
7361
7377
7409
7393
7441
7457
7377
7073
7537
7617
7185
7169
7009
7361
7393
7201
7105
7553
7649
7569
7729
7937
8049
7761
8001
8386
8818
8610
9218
9714
9666
9858
9554
9746
10194
10482
10418
10594
10978
11106
11058
11650
11762
11698
11458
11282
11522
11554
11570
11682
11714
12387
12659
12787
12899
12835
12867
13107
13507
13427
13363
12995
13107
13043
12755
12867
12979
13235
13267
13443
12979
13091
12531
12483
11938
11586
11298
11234
10610
10498
10226
9970
10050
9826
9426
9442
9522
9026
9186
8690
8690
8802
8770
8226
8306
8466
8706
8722
8210
8177
8338
8450
8065
8129
8482
7889
8354
8226
7969
7873
8001
8033
7537
7825
8113
8242
7697
8033
8049
7569
7633
7313
7345
7553
7697
7505
7393
7409
7585
7361
7393
7457
7409
7473
7601
7521
7633
7105
7201
7169
7585
7521
7489
7377
7569
7505
7121
7249
7409
7505
6977
7073
7313
7377
7329
7137
7185
7329
7473
7409
7025
7025
6897
7457
6881
6945
7393
7361
6881
7617
7377
6801
6977
7281
7265
7329
7329
7217
7329
6833
7025
7153
7601
7585
8129
8290
8386
8674
8274
7873
8097
8626
8802
9266
9890
10210
10306
10610
10834
11234
11730
11874
11954
12242
12595
12339
12643
12691
12274
12210
12563
12659
12387
12979
13043
13139
13475
13395
13491
13843
13795
13763
13491
13427
13891
13779
13987
13987
13971
14259
14211
14051
14067
14403
14403
14419
14163
14195
14003
14595
14275
14611
14387
14323
14163
14403
14275
14243
14067
14147
14323
14147
14035
14451
14195
14067
14003
14003
13603
13779
13491
13107
12915
12707
12915
12627
12274
12435
12242
12210
12162
11826
11762
11570
11138
11362
10818
10930
10978
10530
10658
10514
10658
10402
10866
10642
10514
10274
10162
9618
9490
9970
10514
10306
10546
10674
10610
10194
10354
10226
10034
9890
10514
9922
9874
9858
9602
9634
9522
9490
9362
8898
9074
8706
8946
8338
8482
8530
8466
8386
8482
7681
8129
7585
7793
7777
7921
8177
8322
8498
8370
8226
8402
8306
8386
8514
8738
8770
8706
8546
8402
7905
7857
7409
7841
7841
7249
7313
7361
7553
7249
7601
7585
7585
7281
7473
7633
7777
7985
7953
8177
8290
8706
8770
9074
8978
9330
9074
9410
9458
9426
9554
10066
10146
10514
10818
10818
11202
11234
11506
11778
11906
11762
11682
12002
12226
12258
12547
12419
12675
12723
13123
12819
13171
13107
13363
13283
13555
13395
13699
13539
13923
13795
13427
13747
14051
13747
13651
13683
13763
13667
13555
13571
13699
13763
14083
14131
14451
13907
14131
14259
14419
14163
14035
14419
14275
14387
14371
14179
14467
14131
14499
14291
14227
14259
14595
14291
14195
14611
14419
14595
14227
14307
14243
14051
14259
14499
14291
14179
14147
14371
14483
14435
14067
14515
14435
14371
14035
14131
14227
14115
14355
14275
14259
13939
13987
14147
14243
13827
13251
13331
12531
12307
11554
11586
11250
10562
10306
9858
9746
9458
9234
8914
8626
8145
8049
8145
8129
8097
7889
7889
7825
8001
8113
7905
8097
8081
8049
7697
7777
7857
7857
7873
8354
8402
8081
8466
8322
8530
8466
8786
8866
8642
8626
8786
8962
8626
8882
9026
9298
9298
9378
9362
9106
9330
9570
9458
9650
9682
9426
9714
9970
10034
9874
9906
10146
10290
9986
10290
10386
10322
10402
10610
10690
10274
10546
10722
10786
10546
10770
10882
11026
10818
11026
10946
10962
10898
11106
11282
11442
11698
11122
11714
11154
11618
11410
11394
11826
11650
12066
11362
11490
11426
11074
10658
11202
11282
11330
10978
10866
11394
11602
11538
12098
12002
12339
12371
12579
12595
12771
12835
12595
12883
13155
13139
12995
13283
13267
13251
13475
13267
13475
13267
13155
13043
13347
13091
13715
13667
13843
13811
13699
13443
13747
13619
13955
13603
13427
13139
13235
13459
13555
13747
14019
13587
13875
13491
13299
13459
13155
13251
13203
12787
12915
12883
12979
12787
12723
12643
12114
12323
12627
12210
11810
11746
11426
11426
11090
11218
10786
10722
10642
10834
11106
11250
10770
10802
10706
10642
10050
10210
10514
10434
10498
11074
10978
10834
10818
10306
10450
9730
9650
9618
9090
8866
8962
8370
8450
7953
8210
7873
7521
7553
7617
7569
7585
7649
7697
7809
7889
7809
7921
8145
7729
8097
7889
8434
8386
8242
8226
8546
8706
8546
8338
8001
7665
7713
7985
8065
8081
7793
7889
8145
7633
7905
8177
7953
7985
8450
8674
8514
8546
8482
8242
7697
7825
8001
7905
7953
7361
7761
7345
7537
8081
8129
8081
8274
8770
8578
9506
10002
10786
11362
11954
12371
12739
12947
12835
12803
13411
13075
13235
13027
12995
13427
13203
12931
13075
12947
13267
12819
12883
12995
12963
12643
12627
12803
13075
13427
13443
13155
13123
13587
13459
13347
12931
13091
13395
12499
12531
12979
12691
12691
12242
12403
12082
12098
11490
11506
11074
10818
10706
10210
9890
9826
9362
9186
9058
8930
8834
9106
9170
8722
8754
8786
8882
8658
8177
8514
8001
8017
7969
7921
7889
8017
8258
8866
8786
9074
8674
8033
8017
8177
8338
8354
8370
8674
9218
9698
9506
10162
10146
10642
11154
11394
11442
12066
12162
12723
12563
13267
12947
13123
13171
13299
13667
13363
13667
13491
13667
14051
13939
13843
13987
14211
14147
14147
14275
14147
14211
14451
14451
14451
14307
14163
14323
14147
13939
14227
13859
14051
13891
13699
13555
13603
13299
13555
13155
12755
13251
12947
13203
12947
12947
13043
12963
12547
12323
12531
12387
12707
12226
12419
12563
12114
12371
11922
12483
11890
11842
12339
12515
12531
12371
12563
12291
12627
13171
13091
13379
13059
13683
12867
13107
12675
12066
12162
11394
11090
10738
10338
10594
10034
9906
9666
9362
9250
9122
8578
8466
8290
8306
8258
8242
8145
8177
8386
7745
7841
8161
8145
8081
7937
7665
7393
7489
7745
7793
7761
7713
7729
7457
7921
8354
8097
8113
7905
7793
7761
7729
7713
8145
8786
8113
8866
9138
9586
9650
10146
10226
9986
10498
10546
10818
11058
11186
11506
12066
12210
12178
12210
12579
12659
13155
12915
13363
13251
13651
13443
13251
13539
13203
13587
13299
13443
13731
13443
13955
13747
13971
13763
14067
13907
13891
14323
14291
14195
14547
14403
14547
14387
14547
14563
14451
14595
14499
14323
14131
14595
14467
14131
14115
14131
14179
13875
13987
14003
13587
13123
12803
12435
11586
11602
11410
10962
11122
11186
10578
10274
9874
9490
9234
8594
8610
8530
8306
8226
8033
8306
8322
8113
8322
8594
8930
8882
9570
9522
10162
10306
10802
11234
11522
11602
11922
12018
12210
12643
12579
12819
12771
12707
12915
13011
13347
13555
13571
13587
13523
13795
13971
13971
13907
13971
14179
14083
13907
13907
14227
14099
14067
14003
14355
14115
14355
14275
14355
14275
14323
14147
14115
14451
14707
14115
14195
14131
14515
13875
14275
14595
14531
14163
14499
14355
13987
13843
13075
12114
11730
11122
10578
10082
9266
8962
8738
8674
8402
8434
8418
8338
7985
8354
8386
8258
8177
7777
8129
8113
8226
8081
8049
7937
7937
7921
7857
7265
7665
8097
7633
7745
7761
8001
8081
8274
8482
8290
8658
9186
9586
9442
9714
10002
10018
10178
10178
9698
10018
9986
10306
10834
10690
10738
10930
11330
11522
11378
10994
10818
11154
11250
11730
11650
12098
12595
12979
13011
13059
13443
13523
13347
13891
13539
13523
13587
13875
13795
13923
13619
13555
13891
13651
13875
13619
13923
13683
13363
14131
13379
13603
13555
13011
13555
13283
13587
13235
13443
13459
13123
13635
13267
13299
12899
13299
12771
13155
12819
13315
13363
13155
13011
13235
13155
12963
12707
13075
12979
13171
12995
12755
12499
12659
12274
11826
11650
11938
11634
11490
11506
11298
11490
11410
11906
12210
11634
11234
10482
10658
10434
9666
9426
9170
8946
9186
9202
9714
9874
10098
10498
10450
11154
11282
11378
11794
11970
12114
12307
12082
12515
12595
12355
12723
12707
12995
13171
13379
13219
12691
12835
13299
13171
13283
13683
13555
13555
13827
14179
13779
14259
14451
14131
14323
14547
14547
14259
14083
14499
14563
14435
14131
14163
14227
14611
14531
14227
14675
14259
14499
14243
14419
14419
14371
14611
14259
14419
14003
14179
13667
14195
14275
14675
13875
13651
13939
13763
13731
13843
13619
13459
13603
13491
13331
13555
13651
13923
14307
13971
14291
14019
14259
14067
14275
13907
14163
14051
13747
13363
13907
12659
12563
12755
12323
12403
11890
11890
11490
11186
11330
11170
11042
10610
10722
10386
10610
10722
11090
11218
11378
10994
10834
10770
10626
10306
9666
9586
9394
9202
8802
8097
8177
8258
8145
8097
8242
8161
8354
8418
8626
8770
9026
9282
8914
9234
8994
9058
8930
9314
9218
9330
9602
9794
10242
10274
10290
10946
10306
10914
11186
11458
11570
11490
11810
11490
12034
11810
11874
12242
11970
12082
12483
12483
12451
12739
12515
12515
12355
12467
12835
12467
12771
12627
13123
12595
12883
12883
12787
12851
12563
12034
12531
12339
12274
12579
12002
12307
12082
12258
12451
12739
12755
12819
13347
13523
13475
13443
13651
13475
13923
13331
13379
13331
13667
13587
13683
13987
13683
14035
13843
13923
13715
13619
13603
13779
13187
14099
13939
13715
13683
13347
13651
12867
13187
12979
12771
12963
13363
13715
13443
13507
12643
12883
12098
11506
10962
10946
10274
9714
9314
9378
9250
9714
9794
11202
11842
11986
12787
12787
13299
13235
13907
14051
13651
14195
14147
14003
14003
14131
14307
14435
14051
14307
14051
14099
14227
13891
14083
14355
14083
13875
14371
14259
14067
14035
13827
14067
13811
13843
13875
14243
14339
14275
14419
14403
14195
14051
14275
14435
14403
14611
14419
14291
14627
14579
14147
13811
13875
13315
13507
13171
12627
12611
12419
11826
11586
11570
11634
11586
11538
10978
10930
10690
10674
10690
10226
10306
10114
10066
10290
9762
9794
9842
9890
9730
9874
9874
9810
10194
10482
10434
10370
9986
9954
9970
9314
9826
9778
10002
10018
9442
9458
9922
10018
9698
9746
9602
9442
9666
9458
9138
9218
9698
9938
9394
9442
9410
9714
9666
9842
10322
10306
9938
9810
9378
9394
8898
8722
9058
8674
8530
8610
8850
9058
8930
8738
8482
8258
8129
8033
8081
7681
7793
7697
7473
7665
7825
7953
8161
8466
8402
8770
9410
9410
9490
10146
10114
10578
10466
10642
10130
9922
10098
10482
10594
10994
10930
11186
11762
11698
11890
11746
12130
11602
10690
10210
10018
9666
10050
9666
9698
9778
9666
10834
11122
12178
12403
12787
13411
13059
13315
13219
12675
12210
12210
10850
11634
11490
11042
10546
10450
10354
10578
9970
10034
9874
9570
9330
9538
9586
9090
8898
8930
8962
8786
8914
8466
8434
8530
8914
9170
8914
8930
8786
8994
8738
8338
8322
8306
8033
8226
8786
8434
8338
8754
8754
8690
8930
8754
8177
8145
8049
7921
7921
8210
7857
8097
7633
7537
7985
7377
7329
7377
7329
7393
7617
7729
7361
7473
7553
7457
7121
7345
7377
7329
7329
7281
7425
7393
7393
7265
7505
7377
7793
7329
7345
7393
7361
7361
7537
7329
7361
6945
7217
6993
7521
7137
7537
7665
7233
7345
7537
8033
7601
8210
7761
8033
8274
8354
8674
8610
9074
8113
8113
7937
7793
8258
7825
8081
7681
7665
8081
8322
8482
8226
8802
9266
9954
10082
10450
10546
10802
10882
11218
11570
11362
11394
10866
10738
11090
10866
11506
11650
11650
12082
12643
12947
12947
12995
13155
13459
13331
13571
13635
13379
13187
13219
13267
12963
13363
13779
13843
13587
13379
13587
13539
13539
13123
13363
13619
13859
13715
13587
13843
13667
13299
13171
12531
12307
12146
11618
11794
11394
11538
11714
11314
10786
10610
10418
10322
9858
9522
9378
8914
8818
8658
8658
9202
9122
9202
9442
9282
9362
9250
9202
8946
8786
8914
8754
9058
8946
8914
8482
8642
8498
7921
7777
7857
7857
8049
8482
8498
9090
10034
10370
10994
11250
11794
12274
12242
12403
12931
13043
13571
13379
13427
13539
13331
13667
13427
13859
13667
13763
14179
14147
14163
13859
13635
13427
13443
13107
12851
12194
12210
11970
12114
11666
11186
11410
11186
11106
10530
10962
10594
10354
9810
9842
9362
8898
8274
8706
8562
8466
8049
7697
7617
7825
7793
7729
7953
7953
8145
8658
8738
9090
9138
9938
9506
10226
10194
10354
10690
10658
11010
11522
11538
11778
11874
12002
12643
12371
12803
12787
13235
12979
13315
13235
13523
13507
13635
13731
13491
13475
14051
13747
13987
14131
13939
13859
13827
13763
14179
13859
14131
14179
14227
13843
14115
14019
14163
14051
14307
14131
14355
14371
14339
14067
14515
14243
14419
14323
14163
14467
14515
14195
14595
14403
14131
14419
14227
14275
14099
13971
14147
14067
14355
14227
14003
14499
14275
14387
14227
14611
14467
14211
14515
14355
14627
14371
14515
14627
14307
14259
14291
14851
14739
14611
14579
14691
14707
14643
14387
14755
14083
14387
14355
13971
13811
13651
13715
13155
13555
13459
13187
13219
12787
12146
11874
11954
11234
11138
10978
10674
10706
10802
10786
10402
10050
10226
10034
9570
9538
9554
9122
9154
9186
9170
9122
9042
8498
8466
8578
8514
8626
8514
8514
7937
8129
8242
8065
7985
8242
8386
8274
8001
8226
8049
8017
7521
7409
7681
7681
7361
7777
7217
7313
7345
8017
7649
7793
7265
7377
7553
7697
7409
7969
8001
8081
8113
7873
8113
8338
8594
8418
8258
8226
8065
7937
7633
7537
7825
8546
9266
10034
10674
11394
11826
12515
12643
12499
12515
12707
12691
12499
12467
12371
12531
12627
12130
11970
12114
11858
11986
11666
11762
11602
11714
11298
11506
11122
11330
10898
11394
11138
10850
11074
10978
10802
10546
10738
10434
10770
10306
10466
10578
10242
10226
10306
10370
10562
10050
10434
10530
10562
10402
10690
9810
10242
9634
9714
9602
9522
9458
9298
8786
8818
8802
8786
8866
8786
9026
8610
8402
8049
7969
8177
8081
7889
8081
8001
7969
8113
7873
8113
8001
7841
7745
7601
7537
7633
7569
7489
7169
7153
7201
7137
7105
7057
7009
7105
7297
6977
7425
7025
7489
7073
7089
7185
7105
7137
7233
7377
7249
7505
7137
7137
7217
7473
7585
7089
7537
7489
7281
7585
7569
7233
7521
7329
7697
7473
7585
8065
8033
7697
7937
7729
7825
7873
8097
8081
8322
8370
8402
8498
8226
8434
8658
8690
8690
8418
8898
9042
8754
9074
9346
9378
9474
9618
9554
9282
9218
8994
9362
9314
9410
9890
10258
10098
10370
10658
11090
10658
11026
10834
10994
11234
11458
11730
11490
11858
11730
12066
11890
12082
12050
12419
12307
12627
12242
12563
12403
12867
12835
12963
12691
13059
12851
13235
13107
12851
12947
13283
13123
13011
13187
12899
13155
13395
13347
12723
13091
13139
12803
13219
12963
13267
13475
13187
13667
13587
13635
13587
13475
13315
13539
13363
13379
13475
13523
13507
13507
13251
13315
13459
13619
13619
13875
13907
13939
14019
14403
14227
14003
14323
14051
14179
14483
14035
14307
14355
14355
14227
14083
14131
14019
13907
14051
14243
14163
14259
14003
14099
14099
14579
14275
13859
14291
14371
13987
13747
13971
13555
13635
13091
13395
13011
12915
12963
12611
12387
11858
11986
11650
11282
11170
11170
10738
10818
10770
10002
9458
9650
9106
8770
9042
8370
8242
8546
8514
7921
8370
8434
8210
8450
8177
8354
8145
8386
7953
8145
7825
8097
7473
7713
7825
7489
7729
7377
7713
7409
7425
7489
7313
7601
7537
7217
7761
7585
7953
7569
7681
7249
7793
7745
8226
8145
8674
8658
9154
9170
9746
10146
10594
10146
10626
11090
11218
11602
11170
11458
11778
11922
11778
11810
12274
12291
12130
11810
12146
11826
11810
11330
11538
11266
11682
11586
11970
11874
11714
11970
11810
12226
12098
11826
12162
11714
11650
12371
12627
13315
13507
13539
13571
13571
13971
14019
13875
13635
13555
13779
13587
13459
13283
13075
13171
13219
13331
13475
13475
13299
13043
12787
12963
12643
12451
12274
11986
11666
12226
12210
12082
11858
11986
12130
11826
11458
11202
10850
10994
10450
10578
10306
9842
10002
9666
9954
9442
9570
9458
9682
9490
10306
10338
10866
10738
11106
10770
11170
10930
10450
10546
10146
9618
9458
9058
8274
8514
7969
8049
8129
7729
7857
8161
8081
8097
8017
8001
8017
8081
8322
8258
7985
8642
8786
8258
8594
8017
8177
8129
8514
8690
9186
9586
10466
10898
11426
12194
12499
12675
12915
13363
13507
13523
13475
13475
13507
13427
13603
13539
14147
13971
13539
13987
13875
13555
13299
13555
13555
13651
13571
13475
13395
13347
13283
13107
13059
13139
13027
12883
12963
12899
12883
12851
12771
13155
13251
13523
13571
13171
13171
13091
12947
13395
13555
13651
13299
13235
13347
13219
13059
12963
12947
12867
13027
13299
13299
13411
13267
13171
12899
12467
12034
12274
12355
12451
12531
12707
12739
12579
12355
12098
11602
11426
11554
11458
11394
11122
10578
10562
9762
9042
9138
8450
8322
8274
8274
8306
7969
7777
7665
8242
8354
8498
8850
8706
8786
9250
9330
9762
9730
10146
10066
10546
10322
10738
10658
10818
11010
10898
11234
11154
11490
11506
11346
11650
11442
11778
11634
11490
11346
11218
11778
11810
12002
12178
12226
12242
12307
12435
12883
12931
12835
12611
12371
12242
12307
12419
12579
13123
13203
13107
13059
12963
12643
13171
12835
13539
13635
13507
13235
13043
12819
12563
12435
12659
12995
13251
13859
14019
14115
13731
14227
14259
14371
14307
13987
14483
14611
14115
14451
14419
14419
14435
14323
14195
13939
13795
13555
13299
12995
12659
12371
12178
11954
11666
11506
11826
11746
11794
11826
12339
12515
12915
12130
11874
11746
10642
10834
9922
9410
8898
8642
8386
8498
8242
8642
8610
9138
9106
9954
9602
10194
10146
10578
10514
10834
10466
10786
11122
11010
10994
11602
11554
11506
11954
12082
12178
12258
12675
12899
13187
13283
13427
13539
13555
13555
13539
13411
13155
13139
13187
13379
13443
13635
13763
13811
13891
13827
14371
14115
13955
13875
13779
13779
13747
13779
14387
14419
14387
14435
14419
14387
14339
14355
14259
14243
14147
14163
14275
14259
14179
14195
14419
14371
14403
14195
14291
14323
14323
14419
14355
14067
14195
14387
14387
14387
14243
14083
14227
14355
13875
14003
14227
13843
12771
12162
11522
10802
10658
9954
9378
8866
8962
8482
8354
8001
8450
8546
7985
8033
7905
8338
7921
8482
8274
8418
8418
8466
8914
8594
8258
8482
7985
8258
8113
8594
8834
9154
9538
10322
10658
10994
11314
11602
11794
11954
11570
11922
11682
11442
11266
11138
11170
11330
11426
11666
11794
11858
11810
11810
11634
11618
11554
11506
11474
11634
11426
11458
11282
10994
10946
10914
10850
10866
11058
10866
11058
11378
11810
12274
12226
12595
12979
13235
13555
13299
13491
13619
13715
13875
13667
14003
13683
13859
14099
14147
13731
13939
14019
14179
14147
13779
13987
14003
13731
13859
14067
14131
14179
14195
13715
13923
14067
14275
14419
14467
14115
13971
13635
13187
13139
12483
12098
12050
11938
11618
11938
11778
12082
11666
11682
11170
10450
10018
9810
9282
8738
8930
8482
7985
8322
8001
7777
8081
7841
7521
7905
7601
7873
7633
7361
7601
7537
7361
7105
7553
7313
7473
7601
7393
7265
7537
7409
7185
7121
7617
7361
7233
7665
7265
7857
7745
7953
8145
8930
8978
8706
9554
9794
10082
10450
10690
11026
11218
11298
12066
12210
12403
12643
12707
12835
12899
13043
13219
12563
12691
12995
13075
13331
13011
13107
13443
13571
13779
13891
14051
14051
13747
13779
13923
14131
14211
14323
14307
14051
14051
14275
14387
14067
14179
14195
14275
14195
14131
14147
13763
13731
13859
13939
14163
14195
14163
14083
13507
13811
13603
13043
13667
13539
13827
13939
13795
14211
14035
13923
14099
14163
14291
14323
14419
14067
14179
14307
14483
14467
14195
14307
14499
14147
14355
14531
14115
14259
14403
14563
14627
14083
14179
14067
14019
13715
13859
14083
14307
13971
14323
14371
14419
14531
14531
14499
14483
14579
14435
13923
13923
13891
13939
14051
14147
14243
14387
14483
14067
14243
14003
13795
13827
13939
14291
13891
14067
14291
14355
14515
14611
14243
14403
14483
14515
13795
13763
13603
13155
12915
12899
12915
12787
12723
12499
12274
11810
11490
10994
10738
10578
10322
10114
9890
9698
9362
9970
10050
10130
10210
10130
9938
9682
9266
9042
9282
8818
8466
8514
8402
7985
8274
8562
8482
8482
7857
7857
7825
7905
7873
7569
7297
7281
7617
7361
7265
7649
7489
7281
7681
7537
7377
7761
7777
7473
7937
7841
8242
8242
8113
8594
8402
8754
9122
9410
9154
9314
8962
8818
9410
9938
10226
10738
11170
12114
12531
12467
12659
13347
13475
13123
13267
13363
13507
13555
13619
13619
13619
13571
13459
13411
13283
13251
13123
12947
12931
13235
13539
13747
13859
13779
13523
13763
13939
13971
14003
13939
13763
13811
13907
13955
13971
13811
13539
13203
12723
12355
11842
11442
11794
11762
11602
11410
11138
10834
10562
10322
10066
9730
9954
9570
9234
9154
8850
8866
8546
9186
9218
9506
9634
10098
9410
9234
9042
9346
9314
8946
8802
8514
8097
8177
7665
7873
8145
7793
8161
7921
8354
8033
8498
8834
8738
8626
9026
8674
9138
8898
9282
9010
9394
9234
9026
9522
9330
9138
9538
9362
9682
9458
9714
9682
9426
8898
9026
8674
9186
9074
9058
9666
9490
9474
9650
10354
10578
10818
11058
11202
11410
11570
11746
11890
11938
11970
11682
11618
11282
11282
11266
11426
11826
11394
11954
12018
12018
12066
12274
11762
11890
12066
12210
12339
12435
12659
12963
13139
13315
13171
13555
13827
13427
13619
13827
13955
14083
13987
14067
13987
13587
13523
13795
13539
13651
13779
13843
13859
13795
13571
13395
13235
12835
12611
12146
12579
12291
12547
12018
12210
11698
11954
11650
11826
11282
11186
11010
10706
10514
10258
10034
9634
9586
9314
8674
8898
8482
7937
8434
8145
7761
8177
7857
7841
7969
7601
7745
7585
7793
7665
7473
7265
7521
7457
7169
7505
7345
7233
7073
7425
7345
6993
6961
6881
7377
7153
7025
6897
7329
7329
7105
6897
6849
7345
7201
7121
6929
6929
7329
7233
7233
7025
7585
7505
7521
7537
8113
8001
7873
7745
8129
8290
8274
8370
8978
9106
9234
9314
9618
9762
10066
10050
10130
10274
10434
10658
10898
11122
10946
11170
11394
11442
11586
11618
11986
12291
12563
12755
12995
13139
13267
13523
13619
13267
13571
13747
13939
13763
13843
14099
14003
13923
14083
14195
13827
13811
14099
14243
13971
14131
14307
14387
14323
14195
14435
13859
14099
14323
13987
14115
14259
14307
14419
14067
14243
14403
14099
14227
14323
13859
13971
14035
14115
13651
13699
13779
13779
13971
13683
13923
14035
14179
13715
13667
13827
13923
13539
13731
13955
13587
13683
13843
13907
13411
13235
13395
13315
13299
12771
12787
12883
12387
12467
12451
12435
11874
11842
11730
11602
11458
11586
11234
10978
10802
10546
10354
10610
10546
10386
10434
10354
10146
10066
9922
9906
9762
9890
10274
10274
10258
10162
10130
9954
9842
10210
10162
10162
10306
10322
10370
10434
10338
10194
10514
10450
11378
10674
11234
11282
11282
11682
11330
11506
10978
10978
10578
10434
10242
10050
10002
9698
9522
9570
9906
9778
9650
9522
9490
9314
9202
8978
8946
8866
8898
8690
8866
8834
8786
9090
8514
8882
9042
8642
8530
8338
8274
8562
8434
8386
8754
8754
8642
8546
8418
8354
8306
8129
7921
7745
7553
7553
7985
7857
7745
7377
7361
7777
7649
7457
7249
7121
7057
7057
6993
7345
7281
6961
7473
7217
7793
7585
7425
7905
8049
8418
8850
9762
10130
10674
11154
11730
12194
12883
13347
13763
14019
14531
14803
14739
14803
14947
15251
14899
15315
15411
15539
15347
15571
15363
15635
15747
15507
15683
15427
15635
15987
16339
15891
15971
15923
15923
15907
15811
15859
15939
16051
15715
15907
15763
16083
15875
15955
16147
15859
16083
16259
16067
16243
15987
16115
15987
16179
16067
16067
15987
16355
15843
16035
16147
15875
16083
15859
16067
15795
15907
16179
15699
15827
16051
15811
15683
15811
15939
15955
15555
15587
