9666
9890
9954
9954
9858
9874
9682
10002
9762
9666
9970
9554
9618
9730
9778
10002
9890
9954
9618
9858
9986
9890
9970
10082
9698
10066
9874
10002
10018
9922
10242
10242
10002
10162
10498
10402
10706
10370
10626
10722
10514
10914
10770
11010
11330
11250
10866
10866
11154
11122
11074
10930
11122
11010
11362
11426
11474
11410
11106
11266
11314
11170
11346
11618
11922
11762
12162
12371
12755
12947
13507
14131
13795
14387
14083
14707
14819
14899
14643
14947
14995
14739
14819
14643
14499
14579
14451
14355
14547
14515
14211
14547
14083
13619
13043
13235
13155
13475
13875
13811
13603
14003
14419
14035
14083
13987
14099
14275
14275
14707
14451
14931
15075
14835
14531
15107
15091
15123
14995
15283
15219
15315
15411
15347
15155
15155
14995
15267
14883
14675
14627
14131
14227
13859
13907
13555
13171
13155
12771
12899
12579
12435
12627
12803
12467
12371
12579
12819
12563
11426
12611
12851
12659
12531
11762
11618
10882
11282
10562
9906
9554
9506
9202
9074
8962
8818
8626
8834
8978
8546
8466
8786
8962
8882
8930
8930
9218
9234
9506
9538
9874
10210
10018
9682
10386
10658
10962
10850
11170
10690
11234
11442
11426
11810
12002
12098
12018
12835
12803
12915
13427
13683
14515
14067
14371
14739
14771
14659
14963
14659
14403
14867
14691
14627
14707
14371
14675
14435
14403
14147
14979
14563
14259
13939
13827
14019
13379
12963
12979
12307
12130
11554
11250
11634
10274
10194
9698
9714
9634
9586
9250
9058
8850
8242
8994
9170
9410
10050
10162
10818
11058
12034
12018
12515
13267
13283
13603
14019
14131
13651
14803
14707
14723
15091
14963
15027
14979
15251
15251
15379
16019
14899
15139
15571
16083
15219
15395
15187
15347
15043
14627
14755
14387
14355
14131
14035
13827
13779
13315
12611
12483
11986
11426
11554
11298
10690
10450
10674
10530
10418
9970
10162
10130
9826
10002
9586
9618
9762
9794
9906
9730
9602
9250
9010
8866
9122
8658
9154
9618
9954
10386
10226
10738
11074
11410
11778
12611
12499
12883
13315
13171
13443
13251
13843
13635
14019
14483
14355
14707
14979
14883
14867
14883
14691
14435
14835
14627
14451
14499
14771
15043
14115
14003
13811
13907
13587
13251
13123
13011
12210
11890
11538
11138
10434
9986
9842
9762
10434
9490
9618
9330
8690
8930
8754
8354
8370
8434
8466
8882
8658
9346
9138
9394
10210
10210
12050
11362
11762
12018
12066
13027
12194
12210
12226
12435
12979
13139
13123
13427
13843
13875
14419
14419
14547
14915
14835
14899
14835
15027
15043
14835
14691
14915
14691
14307
14483
14387
14067
14227
14515
14387
13539
12515
11890
11346
10514
10418
10098
9346
9426
9602
8802
9378
9458
9330
9138
9330
8738
9170
9826
9762
10338
11506
12066
12867
13443
13635
14003
13827
14035
14387
14147
13795
13507
13475
13027
12851
12563
13395
11762
11362
10978
11090
10354
10562
9474
9538
9618
9362
8690
8674
8594
8498
9058
8658
8658
8818
8594
8594
8978
8738
9058
8754
8930
9154
9426
9938
9634
10210
10466
10018
10370
11746
12579
13027
12947
12387
11810
11442
10194
9842
9410
9042
8866
9122
9026
8802
8834
9026
9314
8594
8578
9586
10882
12034
12995
13347
12995
12146
11314
10930
10482
9506
9746
9442
9074
8690
8994
8258
8546
8226
6913
8306
8546
9330
9826
10834
12034
12435
12691
11922
11586
10674
10002
9730
10098
8914
9058
8802
9074
9394
9346
9522
9266
9506
9794
9970
9890
10402
10434
11074
10594
11218
11602
11506
11586
11778
12755
12979
13443
13507
13475
13827
13619
12995
12643
12339
11890
11394
10962
10450
9986
9778
9426
9362
9298
8882
8546
8738
8690
7137
8546
8434
8017
8129
8530
8466
8930
9970
10386
10834
11314
11330
12419
12002
12050
12755
13171
13507
13571
13907
13891
13555
13587
13283
12739
12707
12931
12499
12050
12483
12210
11570
11298
10802
9698
10002
9234
9330
8994
8594
9058
8754
8946
8658
9010
9330
9778
10338
10722
11506
11906
12258
12819
13107
13827
13891
14387
14723
14307
14419
14323
14147
14947
13795
13811
13123
13091
12226
12098
11826
11170
10082
10578
10162
9810
9234
9250
9042
9202
8177
9090
9458
8850
9522
9906
10434
10354
11074
11186
11986
11890
12547
12467
13251
13283
13987
13971
14435
14115
14595
14483
14707
14675
14755
14451
14035
14131
13747
13187
12883
12835
12755
11234
10978
9954
9602
9554
9746
10210
10386
10402
10658
10642
10706
10786
11362
11890
12242
12643
12851
12899
13043
13651
13571
14179
14051
14483
14419
14451
14627
14691
14563
14499
13923
13603
12899
12563
12258
11346
10962
10610
9874
9650
9330
9362
9426
9602
9874
10434
10050
10130
11106
11106
11922
12691
12915
13827
13683
15059
14611
14579
14131
14931
13699
13475
12995
12499
11074
10818
10210
9858
9794
9650
8994
9138
9138
9138
9394
9730
10370
10562
10914
11314
11346
11922
11698
12451
12691
13523
13619
13635
13315
12835
11634
10770
10066
10690
12451
12931
12819
13123
12707
12307
11794
12066
11250
11282
10866
10370
10482
9666
9762
9218
9506
9410
8674
8802
8690
8706
8658
8177
8161
8354
7889
8177
8370
8834
9682
10354
11554
12082
12387
12947
13171
13795
13747
13891
14739
14403
14579
14691
14627
14147
14499
14227
14211
13827
13043
13043
12387
12387
11954
11730
11106
11250
10722
10418
9602
9330
8754
9186
8882
8866
9218
9106
9778
10226
10386
10482
10642
12002
12515
13011
12627
12226
12419
12082
11314
10866
10178
10034
9842
10674
11602
12643
13507
13427
12771
11474
11554
10514
10626
9986
10114
10562
11634
11986
12323
12995
13331
13875
14035
14483
14275
14755
14499
14323
14771
14467
14259
14515
14163
13603
13651
13587
13219
12787
12707
11746
11282
10834
10306
9842
9762
9298
9106
9058
8786
8466
9298
8626
9586
10418
11714
10962
9986
9618
10274
11682
11986
12611
13411
13811
14003
13875
13395
14051
13379
13091
12194
11506
10370
10418
9842
9458
9922
11058
11634
12787
13635
14003
13523
12579
11922
11682
10514
10850
11490
12210
13395
13891
14003
13539
13235
13203
12755
12579
11826
12098
11362
11282
11026
10578
10850
9970
9746
9762
9186
9186
8530
8690
8642
8370
8610
8738
8786
9522
9266
9794
9730
10594
11234
11410
12162
12178
12595
13363
13603
13971
14243
14195
14659
14483
14691
14563
14355
14323
14483
14131
13715
13875
13299
13123
12739
12643
11858
11650
12098
10530
10594
10354
9746
9586
9314
9842
9122
9058
9154
9602
9378
9730
11666
10834
11362
12018
12755
13235
13827
13891
13987
14419
14051
13779
13635
13507
12771
12483
12130
11330
10338
10546
9666
9634
9586
9202
8914
8818
8914
9074
9650
9682
10226
10962
11906
12291
13219
13907
13555
13603
13779
13011
12531
11618
10690
10322
9970
10162
10882
11538
12114
13283
13619
14115
13491
12915
12723
12178
11442
11138
10386
9714
9458
9362
9154
9042
8898
9122
9346
9506
10146
10450
11234
11970
12146
12659
14275
13651
13875
14227
14563
14355
14115
14259
14451
13747
13459
12723
12307
11746
11282
10978
10098
9362
9378
9330
9666
10226
11058
12178
12995
13027
13043
12515
11730
10338
10370
9650
9282
9266
9170
9634
9746
9842
10706
10562
11218
11442
11666
12323
12339
12931
14403
13923
14115
14083
14163
14787
14803
14835
15139
14835
15011
14771
14403
14371
13491
13059
12931
12130
12114
12771
12451
12082
11202
10226
10050
10914
11634
12547
13331
13891
14131
13891
13331
12435
11890
11282
10546
9810
9666
9442
9586
9922
10530
10946
12050
12787
13619
13779
14211
14435
14387
14419
13379
12579
11810
12018
10290
9954
9842
10274
10850
11586
11890
12851
13571
13811
14003
13459
13379
12403
11618
10946
10594
9906
9554
9330
9202
9154
9346
9010
9714
9650
9842
9906
10418
10978
11314
12194
12979
13427
13971
14003
14563
14435
14931
14611
15011
14547
14883
14451
14355
13923
13443
12899
12835
12291
11890
11074
10562
10274
9762
9266
9106
8754
8738
9490
9442
9442
9970
10482
10866
11602
11826
12499
13299
13491
14083
14115
14579
14691
14691
14755
14627
14371
13987
13171
12851
12002
11330
10322
9938
9378
9650
9266
9378
9650
10146
10210
11410
12002
12803
13219
13635
13587
13939
14515
14595
14707
14627
14563
14195
13891
12755
12307
11282
10930
9938
9906
9394
9938
10018
10706
11442
12403
12755
13075
13859
14227
14227
14467
14291
13779
13827
13171
12819
12210
11682
11298
11122
10466
10018
9650
9426
9234
9506
9778
10354
10210
10754
11026
11426
11682
11282
11394
12258
12419
13091
13699
13907
14963
13971
13747
13395
12867
12403
12659
12050
11426
10770
10402
10450
10066
10962
11042
11746
12515
12611
13523
14099
14243
14387
13683
13059
12547
10882
10450
10034
9730
9426
9890
9842
9890
10386
11170
11794
11986
12947
12274
12146
12034
11842
12851
12371
12947
13363
13139
12931
12931
12387
12146
11410
11266
10994
10306
9682
9378
9362
9250
9122
8690
9090
9106
9090
9250
10082
10770
11330
11666
12258
13731
13347
13843
13555
13331
12771
12643
11986
11826
11586
11106
10786
10482
10002
9490
9394
9154
8850
9874
9970
9858
10818
11010
11490
12194
12659
13075
13123
13635
14243
14211
14611
14579
14115
14419
13651
12979
12387
11442
10722
10210
10786
11634
12258
13427
13747
13875
13347
12611
11650
10562
9938
9778
9442
10082
11106
12130
12611
13299
13075
11602
10658
10482
11250
12451
12867
13603
13395
13171
12627
11698
11138
10562
10162
9570
9362
9522
10738
12114
13139
13571
13443
13027
12931
11986
11730
10818
10498
9730
9986
10338
10610
11554
12483
12931
13251
11682
11586
11026
10322
9970
10146
11026
12002
12563
13411
13571
13747
13299
13075
12499
11922
11506
11346
10866
10482
9922
9794
9666
9282
9010
8946
8882
8674
8882
8978
9186
9986
9362
9490
9442
9778
10194
10482
10978
11746
11650
11794
12226
12691
12899
13555
13891
13763
13811
13427
13155
12050
11314
10562
9842
9490
9122
9522
9186
9458
9458
9890
10226
9666
10546
10674
11602
12307
12819
13299
13955
14083
13955
14323
14419
14563
14531
14675
14211
13187
12467
11522
11010
10386
10370
10530
10386
10882
10946
11650
12194
13075
13443
14115
14051
14419
14355
14163
14035
14291
12483
11666
11058
10450
10050
9810
9554
9362
9138
8978
8914
9042
9282
9442
9826
10690
10498
11106
11186
11874
12467
13363
13427
14003
13891
14115
14579
14163
13411
12963
12563
11986
11506
11074
10802
10658
9858
9874
9538
8946
9474
9570
9570
10642
10050
10114
9858
10050
10498
11026
11666
11714
12371
12323
12883
13155
13363
13539
13459
14419
14243
13667
14675
14819
14883
14659
15107
14947
15155
15315
14867
15187
14899
15059
15187
15379
15443
15715
15251
15283
15523
15315
15443
15315
15315
15155
15331
15795
15523
15331
15331
15283
15395
15571
15683
15427
14579
15619
15523
15523
15235
15443
15603
15731
15059
15027
15539
15459
15491
15507
14963
15331
15139
14979
14803
14691
14611
14483
14899
14691
14611
14531
14451
14355
14691
14499
14419
14723
14755
14691
14643
14579
14579
15043
15107
15075
14995
14915
14835
15123
15219
15107
14611
14883
14947
14947
14963
15315
15331
15331
15299
15235
14835
14227
13603
12947
12931
12467
11874
11810
11426
11154
10770
9938
9698
9058
9074
9138
8786
9154
9074
9794
9906
10786
11122
11986
11970
12707
13651
14499
13603
14083
14147
15267
14371
14595
14563
14435
14179
13635
12963
12291
12291
11986
11938
11442
10658
9826
9890
9298
8818
9074
8914
8674
9202
9122
9058
9426
9442
9426
9762
9538
9890
9794
9714
10034
10178
10178
10130
10114
10658
10610
10594
10450
10466
11058
10962
10882
10834
10850
10802
11250
11090
11154
10946
11474
11362
11346
11330
11778
11682
11730
11714
11634
11442
11410
11410
11730
11698
11762
11682
11490
11506
11954
11858
11874
11634
12210
12018
11906
11810
12499
12323
12387
12371
12242
12291
12739
12627
12611
12659
12659
12643
12627
12483
12915
12883
13219
13219
13107
13123
12963
12739
12803
13219
13267
13299
12979
12995
13651
13363
13427
13395
13283
14275
13139
13507
13539
13603
13683
13683
13779
13843
13923
13987
14051
13955
14115
14131
14179
14179
14211
14323
14307
14307
14323
14451
14579
14579
14643
14691
14707
14371
14499
14563
14611
15059
14739
14819
14915
15011
15043
15059
15059
15011
15827
15219
15299
15379
15587
15027
15459
15427
15347
15299
15203
15219
15203
15139
15107
15155
15171
15123
15155
15171
15171
15603
15587
15619
15523
15523
15795
15587
15635
15795
15715
15315
15347
15347
15491
15459
15603
15635
15363
15475
15555
15235
15347
15555
15619
15267
15219
15347
15283
15475
15459
15219
15427
15491
15571
15683
15283
15251
15475
15523
15507
15347
15747
15539
15811
15091
16339
15795
15587
14771
15619
15331
15779
15875
15891
15523
15731
15683
15843
15859
15939
15539
15603
15699
15859
16003
15699
15731
15795
15859
15907
15923
15523
15507
15475
15427
15555
15587
15587
15667
15539
15667
15523
15443
15347
15363
15443
15475
15667
15779
15859
15875
15843
15475
15363
15475
15491
15523
15523
15507
15507
15331
15443
15443
15411
15459
15827
15667
15667
15555
15587
15555
15587
15667
15795
15187
15187
15123
14963
14899
14643
14947
15139
15571
15699
15283
15843
15603
15875
15779
15715
15907
16035
15571
16099
15603
15523
15587
15635
15731
15795
15571
15267
14691
14051
14915
13635
14787
14595
14723
13891
14451
14963
14755
14803
14899
15043
15203
15459
15123
15763
15235
15539
15459
15459
15651
15667
15539
15299
15379
15507
15411
15427
15635
15667
15683
15587
15395
15203
14931
14611
14579
14931
14771
13843
13043
12739
13763
14355
14467
13987
13203
13011
12963
13283
13747
14355
14243
13843
13507
13763
14291
14515
13923
13107
12627
12707
13779
14259
14547
14195
14115
14419
14883
14611
14563
14755
14771
14835
14579
14787
14883
14931
15075
15171
15267
15331
15395
15411
15395
15347
15379
15603
15059
15187
15187
15283
15443
15555
15619
15443
15427
15155
15203
15283
15443
15427
15523
15587
15667
15731
15795
15731
15331
15411
15459
