7489
7409
7569
7249
7281
7345
7473
7473
7393
7825
7505
7761
7441
7297
7425
7553
7105
7649
7153
7473
7201
7457
7601
7489
7569
7137
7697
7265
7649
7297
7537
7473
7425
7537
7569
7681
7265
7265
7473
7441
7297
7745
7777
7585
7585
8017
7361
7969
7361
7825
7649
8226
7889
8113
8097
7921
8290
8274
8450
8386
8610
8802
9218
9154
8914
9394
9426
9730
9362
9442
10210
9858
10306
10370
10114
10498
10514
10706
10402
11170
10530
10530
10002
10386
10290
10722
10530
11650
11266
10882
10594
10450
9714
9554
9394
8754
8258
8386
8274
8850
8546
9106
9154
9554
9682
10226
10114
10898
11106
11282
11362
11730
11954
12258
12787
12963
13491
13763
13987
14131
14531
14339
14211
14435
13843
13811
13379
13379
12947
12851
12323
12098
11730
11346
11154
10466
10050
9826
9314
9554
9026
8930
8498
8850
8818
8402
8338
8498
8818
8658
8802
8738
8706
9874
9890
10066
10834
11298
11170
11522
11714
12066
12226
12611
13155
13443
13683
13731
13715
13939
14003
14627
14243
14627
14915
14515
14675
14915
14659
14867
14419
14451
14323
13555
13091
12611
11938
12034
11250
11010
10898
10194
10290
10098
9650
9570
9346
8930
8674
8642
8498
8370
8242
8530
8210
8210
8322
8129
7905
8322
8290
8578
8145
8706
8754
8882
8802
9426
9362
10370
10306
10402
10354
10642
10770
11314
11602
12130
12531
12723
13187
13715
13827
13891
14147
14611
14307
14771
14579
14819
14147
14627
14051
14291
14419
13731
13603
13731
12691
12979
12755
12611
12082
12002
11794
11826
11826
12274
11410
11122
10866
10578
10386
10498
10162
9970
9730
9298
8994
8978
8674
8642
8418
9106
9122
9234
9266
9730
9746
10178
10674
11138
11442
11714
11682
11810
12194
12355
12531
12899
13059
13475
13539
13907
14227
14355
13731
13491
13187
12963
12755
11794
11266
11106
10658
10466
9778
10066
9506
9106
8642
8530
8882
8850
8818
8466
8578
9074
8994
9154
8786
9186
9394
9042
9314
9634
9202
9458
9458
9682
9330
10066
10514
11538
11986
12226
12595
13251
13555
14003
13603
13955
14019
14307
14611
14243
14547
14819
14531
14867
14931
14835
14883
14499
14579
14723
13907
13939
13651
13059
12755
12755
12563
12531
11794
11490
11138
10946
10546
10194
9826
9634
9042
9874
10194
10898
11602
12002
12419
12595
13139
13651
14163
13923
14211
14547
14755
14835
14499
14323
13987
13379
13139
12755
12499
11794
11426
11170
10978
11314
10866
10034
10066
9634
9346
8898
8690
9218
9506
9874
10130
11170
12082
12899
13459
13619
13875
13875
14003
14067
13731
13459
13107
11746
11250
10514
9858
9682
9810
8898
9378
9922
10738
11410
11794
13091
13059
13171
13763
14147
13811
14035
14067
14051
13555
13683
13763
13299
13043
12915
12531
11986
11490
10658
9810
9906
9522
9090
8658
8930
8850
8818
8802
8802
9042
9026
9554
9826
10066
10386
10434
10802
11122
11810
12098
12643
12867
13411
13779
13683
13811
14195
14067
14051
14563
14371
14515
14547
14899
14963
14739
14755
14531
14099
13939
13459
13235
12787
12050
12018
11378
10994
10018
9730
9250
9122
9314
8882
8770
8610
9074
8962
9378
9170
9362
9234
9746
9378
10306
10114
10290
10674
11106
11602
12274
12595
13123
13571
13907
14227
13539
13315
12787
11986
10994
10114
9938
10466
11042
12258
12755
13475
14003
14003
13939
14019
14291
14179
14227
13779
14147
13555
13651
12963
12819
12659
12659
11890
11634
11762
11362
10914
10322
10098
9570
9474
9362
9730
10146
10610
11282
12066
12226
13523
13715
12963
12995
12403
11906
11346
10818
9730
9570
9474
9330
8946
8834
8626
8466
8290
8226
9026
9506
10226
10690
11506
12034
12339
12947
14035
13603
13923
13891
14419
14403
14051
14451
13939
13923
13923
13523
13443
12835
12098
11794
11154
10274
9746
9394
9202
8930
9122
9522
9954
10274
11202
11890
12002
12835
13475
13443
13907
14371
14195
14515
14035
14643
14003
14067
13907
13187
12979
12787
12098
11618
10690
10274
9154
9234
9170
9586
10546
11218
11938
12963
13427
13763
13827
13891
13779
13971
13747
12963
12531
12114
11378
10722
10066
9778
9506
9154
8802
8738
8722
9010
9634
10402
11106
11938
12579
13171
13811
13779
14227
14611
14275
14355
14371
13667
13027
12515
11922
11938
10882
10418
9778
9554
9474
9298
9090
8994
9154
9234
10082
10658
11602
12242
13267
13443
13683
13139
12915
12483
11986
11074
10466
10114
9714
9218
9058
8930
8802
8642
8738
8882
9138
9474
9858
10306
10770
11362
11762
12162
12835
13507
13731
13011
12194
11138
10658
10690
11346
12355
12723
13379
13731
13987
14067
14131
13779
13251
12563
12307
11890
11458
10930
10338
9954
9522
9026
8834
9186
9074
9362
9714
9458
9922
10258
10770
10834
10514
10706
11186
11330
11666
11698
11250
11746
12066
12274
12451
12627
12771
12851
12931
12595
12707
12979
13171
12979
13459
13651
13651
13763
14003
14291
13923
14115
14467
14771
14915
14579
14819
14947
14883
14579
14627
14579
14467
13955
13843
13475
13203
12723
11794
11314
10898
10242
10338
9826
9362
9106
8866
8978
9058
9874
10322
10866
11490
11714
12627
12787
13299
13859
14243
14099
14259
14243
14163
14003
13267
12787
12403
11906
11378
10962
10466
9906
9522
9458
8866
8626
9058
8802
8818
8690
9426
9586
9570
10034
10306
10610
10818
11234
11666
12226
12835
13075
13427
13939
14243
14339
14099
14707
14659
14515
14323
14019
13603
13379
12995
12258
11826
12483
12242
11618
10738
10082
9714
9810
10146
11810
12819
13171
13507
13635
13539
13251
13011
12499
12291
11778
11426
10434
10146
9682
9266
9042
8642
9010
9042
8962
8994
8882
9138
9506
9810
10226
10738
11426
11954
12419
12931
13571
13555
13827
14403
14099
14483
14531
14147
14067
13379
13043
12755
12162
11474
11442
10930
10050
9666
9458
9586
10018
10514
11010
11586
11938
12451
13027
13475
13859
14179
14515
14451
14259
14371
14467
14147
13587
13203
12723
12242
11602
11058
10338
10002
9426
9170
8738
9122
9074
9010
9954
9682
10418
10994
11538
12050
12563
13219
13683
13795
13891
14515
14211
14131
13555
13123
12979
12963
12146
11506
10706
10002
9474
9650
9698
10034
10290
10402
10898
11714
12307
12579
13299
13331
14019
13971
14355
14483
14163
14275
13715
13683
12707
12355
12066
11954
11218
10530
9442
9538
10354
10578
11010
12098
12803
13507
13539
14243
13987
14387
14131
13955
12867
11234
10610
10146
9906
10530
11410
11794
12835
13603
13955
13779
14099
13587
13539
13395
12595
12499
12002
11682
10658
10130
9666
9330
9010
8770
9186
9010
9170
9314
8930
9730
10578
11474
12419
13059
13667
13667
14083
14291
14051
14099
13363
13011
12579
12162
11410
10930
9746
9618
9202
9042
9090
9762
10834
11282
12547
13219
13715
13795
13683
13315
12675
12419
11778
11138
10210
9810
9682
8994
9234
9266
9202
9666
9954
10530
11122
11810
12419
12659
13171
13811
14131
13843
14195
14371
14147
13779
13587
13027
12691
12274
12050
11170
10818
10466
9970
9698
9330
9138
8994
8706
8946
8898
9330
9810
10386
11074
11410
11746
12274
12307
12419
13283
13395
13955
13955
14195
13763
13203
13171
12803
12066
11746
11410
10450
10066
9698
9266
9026
8738
8674
8626
8642
8898
9186
9442
10098
10642
11362
11986
12130
12371
13363
13619
13843
14435
14163
14515
14355
14611
14243
14499
14243
14515
14339
14419
14099
14195
13859
14195
14323
14003
14403
13715
14307
14131
14051
13891
13635
13875
13987
13667
13571
13859
13843
13635
14195
13779
14067
14067
14195
14003
14131
14195
13619
13635
13587
13891
13379
12979
12194
11458
10402
9938
9458
9298
9314
9650
10306
11458
12467
13475
13267
13363
12819
12499
11842
11202
10466
9938
9618
9458
9346
9410
9554
9842
10050
10450
10882
11586
11442
11698
12242
12931
13187
13683
13203
13267
13155
12114
11938
11442
10242
9730
9426
9106
8978
8786
9186
9602
10274
10898
11218
12034
13075
13507
13027
12435
11794
10802
10258
9810
9362
9042
8866
8658
9346
9490
9586
9954
10354
10834
11426
11954
12419
12883
13331
13267
13843
14115
14115
14291
13859
13859
13427
12883
12291
11378
10962
9938
9666
9522
9154
9826
10402
11106
11874
12883
13443
13843
13779
13315
12995
12419
11906
11250
10098
10034
9666
9426
9362
9410
9554
9490
10034
10354
10962
11282
11954
12467
13075
13459
13587
13811
13907
13859
14019
14131
14019
12579
11714
11010
10546
10066
9714
9522
10194
9298
9810
9778
10530
11042
11586
12114
12691
12627
13347
13779
13923
14259
14099
14371
14611
13667
12515
11330
10962
10690
11938
12114
13299
13795
13715
13411
12995
11826
11170
10722
10242
9890
9746
8978
8978
8546
9154
9058
9826
9810
10050
10578
10658
11106
11858
12130
13059
13571
13651
14083
13619
13299
12851
12210
10866
10066
10146
9458
10050
9826
10706
10722
11106
11890
12467
13043
13363
13603
14147
13539
13699
12323
11874
10834
10434
9746
9634
9282
9314
9234
9490
9938
10674
11538
12210
13171
13235
13811
13843
14067
14403
13987
13923
13459
13363
12419
11602
10946
10434
9634
9714
9058
9906
10306
11346
12451
12947
11762
10930
10050
10002
9682
9842
10210
11122
11954
12947
13155
13619
14211
13811
14275
14291
13667
13715
13347
12995
12274
11938
10290
10034
9426
9730
9714
10690
10850
11730
12403
12723
13315
14147
13715
14387
14115
13619
12835
12114
10802
10258
9826
9458
9042
9362
9570
9954
10546
11522
12194
12435
12915
13779
13971
14035
13811
14003
13731
13075
12499
12531
11714
10914
10434
9794
9858
9154
9362
9282
9746
9938
10562
11218
11986
12146
13027
13747
13651
14067
13843
13523
12963
12323
11314
10370
9586
9522
9042
9586
9618
10514
10930
11986
12114
13075
13811
13571
14067
13715
13475
12499
12098
11506
10914
10274
9778
9506
9138
9394
9490
9986
10674
11730
12178
13187
13523
13443
13859
14211
13411
13539
12963
12018
11538
10434
9922
9810
9842
10194
10498
11330
12130
12515
13171
14147
13731
13987
14083
14099
13811
13203
12899
12194
11714
11554
10930
10130
9698
9474
9042
9058
8882
8770
8674
8690
8626
8850
9026
9426
9474
10002
10194
10402
11042
11714
11634
12210
12899
13027
13331
13651
13859
14163
14323
14515
14371
14659
14435
14563
14627
14579
14579
14451
14659
14531
14147
14355
14051
13651
13859
13555
13715
13363
13619
12803
13059
12707
12915
12579
12627
12194
12291
11570
11426
11570
10834
10914
10722
10850
10690
10322
10114
9970
9874
9970
9906
10034
9922
9874
9682
9746
9522
9554
9554
9570
9570
9362
9426
9410
9202
9090
8754
8626
8161
8145
8290
8290
8001
7665
8033
7985
7585
7489
7841
7697
7329
7905
7617
7617
7633
8033
7857
8097
8466
9042
9074
9730
10098
10658
11490
11890
11954
12451
12739
13123
13347
13443
13459
13363
12659
12547
12018
11634
11298
11122
10850
10610
10242
9874
9442
9394
8642
8658
7761
8177
7825
7585
7441
7729
7569
7425
7601
7841
7665
7761
7985
7953
7953
8642
8978
9234
9570
9922
10194
10722
10850
11202
11426
11330
11618
12082
12371
12707
12435
12883
13187
13635
13667
13379
13651
13795
14227
13859
14179
14355
13971
14243
13827
14035
13587
13923
14019
13715
13987
13715
13827
13539
13619
13395
13699
14035
13491
13843
13347
13731
13523
13475
13603
13475
13619
13443
13571
13811
13475
13683
13667
13299
13475
13571
13379
13187
13475
13763
13491
13619
13811
13363
13507
13667
13299
13475
13155
13475
13539
13315
13411
13587
13171
13251
13411
13299
13347
13091
13331
13459
13123
13043
13219
13507
