9826
9762
9282
9330
9522
9666
9394
9266
9394
9266
8978
9074
9458
9474
9186
9170
9362
8946
9266
9218
9058
8946
9330
9362
9218
8818
8770
9058
8786
8786
8642
8898
8610
8818
8610
8306
8210
8242
7713
8097
7825
8049
7793
7649
8161
8370
8930
9170
9442
10114
10178
10242
10482
10994
10738
10498
10466
11010
10930
11202
11570
11714
11458
11426
11122
11618
11282
11186
10706
10482
10946
10418
10322
9666
9314
9250
8946
9042
8274
8370
8498
8258
8097
8354
8161
8033
8530
8402
8177
8706
8466
8866
8818
8514
9026
9010
8690
9170
9218
9858
9826
10034
9810
9762
10338
10578
10642
10706
10914
11266
11506
11698
12274
12435
12723
13043
13555
13939
14243
14419
14595
14163
14419
14483
14179
14579
14643
14819
14787
14803
14771
14435
14323
14595
14435
14515
14307
14531
14323
14291
13843
13731
13891
13859
13843
13683
13539
12659
12291
11698
11058
10466
9890
9170
9074
9458
9122
9202
9282
9266
9106
9282
9682
10082
10146
10802
10834
11442
11730
12210
12595
13219
13763
13875
13843
13923
14515
14643
14835
14579
14707
14915
15123
14867
14851
14643
14947
14947
14499
14515
13971
13763
13731
13443
13107
12755
11986
11618
11154
10754
10034
9858
9586
9170
9250
8770
9170
8834
8738
9154
8978
8658
9330
9170
9090
8962
9490
9458
9186
9746
9634
9746
9602
9794
9666
9762
9650
9762
9570
10402
10306
10354
10274
10306
10562
11074
11346
11330
11538
11618
11778
11906
12050
12050
12323
12643
12899
13299
13507
14259
13475
13811
13827
14147
13795
14147
14291
14307
14451
14755
14835
14691
14803
15043
15171
14771
15107
15075
15283
15251
14947
14355
13395
12082
11298
10642
10082
9634
9362
9202
8722
9074
8690
8466
8834
8930
8626
8546
8946
9090
8898
8978
9170
9442
9234
9826
9970
10466
10290
11410
11906
12194
12739
13091
13011
13379
14147
14051
14355
14787
14771
14339
14531
14291
14755
14803
14787
15267
14147
14019
13939
13603
13283
12947
12499
12082
11490
10834
10306
10146
11570
12291
13139
13619
13811
14163
14307
14131
14067
13859
13619
13363
13011
12371
12210
12146
11682
11538
11186
10786
10690
10386
10146
9826
9682
9506
9250
9154
8722
8482
8370
8706
8546
8994
8450
8562
8642
9090
10018
11362
12483
13139
13251
13075
13203
13059
12819
12210
11970
11762
11650
11474
11122
10946
10594
10466
10242
9794
9554
9378
9090
9410
9042
8706
9378
8722
8338
8642
8226
8546
8274
8017
8402
8017
8129
8129
8258
8338
8562
8786
8914
8962
9522
9666
9730
10306
10514
10770
10898
11554
11858
12307
12643
13059
13123
13555
13475
13683
14227
14131
14467
14467
14627
14835
14963
14739
14931
14691
14595
14403
14403
14483
14467
13763
13619
13363
13283
12931
12595
12066
11698
11346
10770
10370
9874
9874
10802
10626
11218
12130
13363
13779
13779
13475
13299
12947
12499
12883
13011
12451
11714
11090
10482
10306
9826
9314
9426
9058
9394
8914
8658
8850
8418
8786
8610
8754
8994
9330
10274
11106
11746
12595
12963
13475
13891
14179
14163
14035
13731
13107
12451
12210
11618
11042
11010
10466
9906
9778
9474
9682
9122
9538
10658
11026
11778
12883
13507
13875
14403
14019
14051
13907
13123
12467
11602
10866
10754
11122
11938
12675
14067
14419
14883
14803
14995
15155
14979
15107
15043
14867
14707
14435
14307
14131
13987
13699
13619
13315
13251
12979
12595
12323
12242
11826
11298
10402
10274
9986
10546
11954
12819
13315
14179
14259
14003
13379
12451
11762
10898
10226
10178
9634
9842
9474
9650
9538
9506
9938
9698
10434
10418
10482
11154
11602
12387
13427
13907
14067
14275
13939
13331
12323
12050
10994
10306
10370
10226
10754
10978
11314
12210
13251
13379
14035
14275
14595
14803
14963
14947
15107
14867
13987
13843
12979
11986
11586
10962
10290
10594
9954
10450
10498
10802
10930
12050
12707
13283
14179
14307
14899
15139
15075
14707
14259
14051
14131
13779
13555
12819
12739
12258
12226
11810
11650
11218
11106
11042
10642
10578
10338
10082
9682
9570
9426
9394
9058
8946
9282
9298
9186
9282
9730
9746
9730
9874
10482
10498
10674
11394
11826
12082
12451
12723
13123
13491
13827
14131
14403
14595
14931
14467
15123
14979
15123
15427
15555
15907
15651
15587
15395
15571
15555
15651
15667
15523
15699
15155
15027
14787
14643
14307
14163
14003
14579
13891
13027
12098
11266
10578
11106
11554
11922
12515
13155
13619
14019
14451
14691
14995
14883
15123
15283
15555
15763
15891
15987
15507
15395
15363
15587
15651
14835
14259
13779
12803
11602
11394
10386
10514
10146
9778
9810
10146
9506
10034
9986
10018
10258
10530
10722
11474
12787
13363
13891
14451
14675
14579
14419
14403
14099
13171
12050
11026
11026
10594
10290
10530
10162
10178
10946
11202
11666
12595
12899
13571
14019
14435
14451
14579
14483
14563
14115
14035
13635
13283
13523
12499
12483
12066
11762
11250
10834
10210
9810
9986
9522
9730
9474
9730
9362
9410
9458
9922
9874
10114
10690
11058
11330
11826
12226
12707
13395
14163
14627
14899
14643
15299
15027
14243
13203
12178
11682
11170
10930
10946
11602
11954
12355
12755
13251
13715
14147
14675
14771
15283
14979
15139
15539
15683
15779
15843
15315
15683
15555
15571
15043
14659
14611
14067
14355
13171
13043
12226
12114
11106
11250
10978
10818
11266
11618
12787
13635
14259
14307
14179
13683
12915
12387
11778
11042
11202
10642
10002
10258
9938
9378
9634
9330
9762
9634
10098
10002
9986
10338
10770
10978
11186
11554
11810
12547
12723
12995
13299
13619
14051
14483
14851
15075
15315
15443
15459
15523
15123
14803
14099
13619
13139
12883
12274
11506
10914
10258
10354
9922
10034
10066
10034
10562
10994
11410
11922
12467
12995
13507
13939
14323
14723
15075
15171
15091
15347
15475
15539
15043
14931
14867
14643
14627
14227
13907
13731
13315
12915
12499
12098
11778
11330
10786
10850
10402
9874
9250
9506
9106
8930
9330
9394
9986
9762
10258
10738
11394
12082
12339
13107
13411
13859
14323
14611
14707
14707
14323
14147
14323
13699
13331
13395
12899
12323
11698
11538
10930
10162
10050
9890
9362
9410
8946
9106
8706
8946
8770
8946
9362
9330
9986
10098
10738
11186
11426
12130
12755
13091
13491
13891
14163
14323
14435
14419
14275
14051
13715
13523
13331
12851
12210
11682
11026
10354
9762
9730
9458
8962
9074
9010
8882
9426
9538
9842
10818
11298
11746
12082
12595
12963
13283
13587
14003
14115
14291
13731
14083
14435
14627
14467
14707
14803
14787
14771
14643
14451
14227
13811
13379
12803
12339
12274
11618
10898
10594
10274
10322
9714
9730
9138
8882
8930
8882
8914
9202
9522
9522
10706
11026
11522
11714
12579
13043
13523
14051
14259
14563
14579
14547
14435
14227
14131
14019
14115
13811
13299
12707
12114
11394
10754
10146
10130
9842
9266
9266
9186
8770
8642
9026
9122
9522
9602
9778
10306
10482
10562
11330
11586
11762
12002
12355
12691
13059
13363
13683
14099
14371
14659
14851
14675
14803
15011
14451
14403
14067
13715
13347
12931
11938
11506
11026
10530
10162
9730
9426
9202
9362
9138
8818
8610
9026
8834
8882
8946
9650
9762
9986
10130
10258
10466
10626
11442
11810
12242
12483
12515
12899
13363
13731
14067
14451
14755
14435
14483
14419
14403
14323
14147
13603
13683
12883
12899
12643
12515
11874
12355
12675
12291
11362
10898
10498
10034
9538
9186
8914
9298
9234
8946
8626
9410
10098
10354
10546
11074
11506
11890
12867
13011
12963
13283
13859
13827
14083
14339
14691
14915
15027
15107
15139
15187
14515
14867
15059
14595
13555
12307
11330
10530
10322
10818
10850
10978
11682
11922
12178
12867
13123
13315
13363
13779
14131
14403
14467
14387
14211
13827
13427
13523
12915
12835
12371
11858
11506
10642
10498
9762
9746
9282
9426
9378
10178
10914
11826
13203
13731
13843
13747
13379
13555
13139
12627
12114
12098
11362
10882
10818
10194
10162
9618
9682
9298
9362
8834
8930
8754
9154
8818
9234
9314
9826
10322
10306
10114
10850
11890
12483
12931
13443
13363
12579
11778
11202
10290
10066
9618
9250
8914
9122
8818
9298
9298
9314
9522
10274
10514
10354
10130
10850
11442
12483
12995
13267
13827
13811
13891
13859
13331
12851
12018
11026
10706
10130
9762
10114
10402
11010
11490
12146
12995
13667
13987
14019
14099
13987
13843
13731
13347
13235
12771
12387
11922
11570
10994
10626
10258
9906
10002
9746
9426
9010
8786
9026
8786
8578
8946
8898
8834
10114
11938
12723
12515
11890
11042
10274
9714
9314
9042
9506
9426
9586
10178
10562
10834
11250
11618
11842
12082
12915
13539
14019
14163
14259
13939
13987
13859
13715
13651
13075
13139
12771
12563
11938
11410
11122
10418
10194
10050
9746
9138
9202
9090
9154
9330
9394
9458
10194
11026
11810
12531
13171
13603
13987
14243
14371
14531
14659
14675
14675
14579
14563
14419
14291
14067
13891
13763
13187
13059
12819
12595
12242
11906
11602
11026
10754
10354
9906
9458
9650
9410
9106
8738
8738
8738
8498
8113
8642
8434
8738
8690
8322
8658
8658
9106
9922
10994
11922
12707
13283
13667
13875
13843
13779
13139
12979
12723
12531
12291
12002
11602
11154
11090
10930
10610
10226
9762
9346
9394
8994
9090
8642
8738
8562
8802
8434
8578
9138
9186
9138
9154
9442
10706
11490
12194
12835
13139
13571
13763
13971
13923
13811
13635
13427
13235
12467
12787
12723
11346
10754
10370
9842
9138
9010
9442
9426
10434
11698
12643
13427
13507
13763
13907
13939
13843
14099
13299
12307
11362
11074
10338
9810
9794
9234
9346
8994
8658
9410
9410
10210
10418
10690
11186
11474
11890
12130
12146
12835
13411
13827
14227
14515
14643
14835
15059
15059
14659
14723
14819
14867
14931
14339
14451
14595
14579
14531
14019
13811
13555
13411
13235
12723
12499
12210
11730
11330
11410
10914
10498
10082
9522
9698
9202
9282
9122
8914
9058
9954
11186
12258
12947
13139
12323
11314
10258
10226
10194
11154
12467
13219
13603
13811
13795
13123
12915
12675
12595
12274
11906
11618
11426
11074
11170
11122
10594
10402
9858
9810
9810
9762
9650
10082
9618
9330
9538
10194
11474
12339
13075
13555
13747
13747
13651
13507
13379
13171
12995
12627
12323
11842
11378
10882
10690
10706
10498
10162
9954
9954
10018
9666
8962
9458
9378
9266
10466
11090
11586
12307
12915
13379
13715
14035
14115
14355
14147
13843
13043
11938
11442
10978
10226
9986
10034
10178
10914
11426
11794
12178
12867
13459
13475
13731
13443
12835
12082
11586
11634
10914
10114
9522
9682
9586
9682
10354
10450
10610
10914
11170
11522
11986
12371
12915
13475
13571
14051
14371
14579
14803
15123
14771
14947
15251
15395
15267
14915
15155
15235
15315
14803
14851
14787
14675
14531
14211
14227
13667
13059
12883
12771
12531
11778
11586
11362
10690
10498
10114
10162
9730
9218
9378
8930
8946
8642
8482
8754
8866
8578
9314
9314
9378
9458
9922
10674
10962
11282
11762
12146
12499
13363
13635
14067
14227
13859
14067
14323
14515
14691
14979
15075
15235
15299
15363
15443
15123
15155
15267
15203
15251
15059
14659
14419
14291
13859
13699
13171
12819
12899
12595
12066
11698
11410
11186
10402
10434
9810
9842
9170
9234
8738
9026
8498
8802
8226
8786
8386
8802
8530
8978
8786
9490
9490
10162
10322
10642
11362
11618
11842
12066
12547
12851
13123
13235
13491
13811
13827
14227
14307
14611
14675
14435
14243
14515
14419
14387
14147
13923
13635
13747
13091
13331
12723
13139
12659
12387
12403
11746
11602
11202
10658
10242
9490
9442
9730
9394
8882
8626
8754
8194
8242
7793
8081
8402
8161
8434
8530
8658
9282
9666
9746
10802
10978
11426
11746
12483
12707
12739
12787
13203
13347
13459
13731
14115
14259
14403
14387
14771
14563
14275
14259
14419
14499
14595
14515
14115
14051
14019
13843
13715
13491
12563
12467
12178
11826
11362
10642
10770
10082
9618
9394
9042
8434
8610
8097
8258
7649
8049
7441
7697
7697
7425
7601
7873
7665
7921
7665
7985
7745
8161
8065
8626
8770
8594
8177
9090
9442
10578
10946
11922
12274
12579
12883
13203
13747
14003
13987
14227
13859
14163
13651
13811
13331
13427
13427
12883
13059
13187
12403
12723
12419
12034
11666
11714
11458
11026
10418
9954
9922
9634
8882
9026
8274
8578
7969
8434
8081
7825
8242
8306
9090
9442
9826
10706
11106
11346
11682
12403
12707
12995
13315
13555
13651
14083
14083
14547
14099
14547
15123
14787
14675
14803
14595
14659
14771
14883
14595
14419
14115
13971
13955
13731
13267
12835
12403
12483
12242
11634
11522
11106
10514
10626
10130
10018
9410
9378
8738
8834
8642
8370
8338
7809
7905
8097
7377
7585
7569
7729
7681
7281
7329
7521
7473
7617
7089
7425
7761
7201
7681
7377
7265
7857
7905
8113
8113
8322
8161
8738
8898
8962
9042
9154
9058
9282
9106
9634
9666
9906
9986
10034
10402
10386
10658
10610
10370
10850
10866
10770
11186
10994
11570
11394
11314
11714
11778
12146
12050
12018
12242
12291
12210
12291
12611
12643
12451
13059
13075
13235
12979
13603
13555
13811
13603
13827
13859
13923
14051
14035
14067
14259
14419
14483
14659
14643
14755
14851
14835
14915
14851
14803
14659
14819
14675
14867
14835
14819
14227
14291
13635
13219
12483
12178
12082
11538
11122
10562
10610
10034
9874
9378
9378
8914
8850
8386
8065
8161
7841
7745
7777
7761
7761
7409
7361
7617
7649
7089
7073
7345
7249
7489
6929
7313
7393
7073
7121
7425
7409
7009
7201
7009
7233
7537
7601
7457
7377
7425
7137
7089
6881
7361
6961
7169
7457
7105
7169
7713
7153
7553
7761
8081
7585
7729
7873
8306
7601
8258
8594
8370
8658
8882
8658
8994
8802
9122
8802
9090
9154
9122
9474
9058
9314
9490
9298
9682
9250
9506
9778
9474
9810
10162
9810
9714
10130
9954
10322
10162
10610
10450
10818
10418
10770
10834
10834
11282
11346
11634
11346
11634
11298
11442
11602
11506
11106
11698
11570
12210
11106
9138
7441
6993
6321
6049
5473
4769
4577
4609
4385
4257
