15795
15747
15635
15347
15635
15779
15923
15667
15763
15523
15667
15859
15715
15747
15987
15571
15779
15699
15811
15475
15443
15763
15907
15923
15555
15715
15795
15731
15491
15587
15715
15811
15315
15603
15555
15811
15811
15683
15571
15603
15427
15811
15603
15427
15763
16019
15539
15619
15683
15907
15299
15699
15731
15955
15827
16051
15635
15731
15891
15875
15571
15571
16163
16019
15683
15715
15747
15971
15715
15603
15875
15251
15347
15347
14707
14915
15155
14755
14435
14515
14339
13891
13987
14179
14019
14307
13971
13619
13683
13619
13715
14291
14083
14147
14003
14131
14531
14563
14451
14499
14179
14707
15155
15107
14771
14835
15315
15027
15219
15539
15523
15107
15235
15731
15699
15331
15635
15667
15539
15667
15635
15811
15827
15443
15811
15731
16307
15587
15939
15811
15315
15315
15507
15331
15331
15283
15123
15795
14947
14899
14851
15267
14995
14915
14435
14675
14787
14403
14275
14835
14627
14627
14499
14867
14579
14963
14211
14147
14387
14595
13891
13875
14323
14083
14323
14099
14243
14067
13587
13331
13299
13203
13267
13203
13075
13091
12659
12947
12563
12499
12419
12451
12066
12146
11730
11618
11394
11682
11666
11314
11378
11202
10898
10290
10226
10338
10370
9970
9938
9634
9522
9714
9426
9170
8690
8482
8930
8594
8145
8242
7825
8258
8081
7489
8177
7809
8354
8113
8338
8113
8226
8562
8722
8594
9186
9074
9058
9362
9554
9746
10210
10050
10594
10946
10754
11554
11346
11762
11762
12050
12499
12835
12819
13043
13203
13235
14179
13379
13587
13859
14067
14227
14563
14835
14419
14883
14883
14787
15123
15091
14835
14995
14435
14435
14451
14403
13747
12819
11346
10722
9922
9714
9474
9938
9906
10066
9746
10226
10370
10802
11010
10850
11570
11522
11858
12755
13011
13267
13747
13811
14595
14803
15011
14643
14611
14707
14595
14643
14787
14435
14371
14707
14099
14371
13891
13795
13779
13459
13683
13331
13283
13011
13123
12883
12883
12515
12483
12274
12403
11826
11890
12034
11986
11666
11634
11458
11090
11090
11634
11762
11154
10994
11122
11042
10738
10514
10610
10562
10402
10370
10258
9922
10258
9570
9954
9634
9778
9330
9106
9394
9202
9394
9026
8930
9058
8754
8898
8530
8722
8434
8370
8226
8065
8338
8065
7921
7665
7505
7473
7569
7617
7761
8097
8145
7953
7889
7825
8145
8081
8194
8065
8498
8129
8722
8626
8930
8898
9506
9426
10050
10066
10226
10786
10594
10738
11426
12050
11474
11826
11730
12595
12659
12947
13139
13779
13219
13539
13603
13715
13651
14083
14211
14403
14323
14547
14419
14483
14387
14659
14819
14675
14947
14643
15011
14883
15091
14915
15203
14755
14739
14563
14547
14451
14547
14435
14227
14003
14115
14019
13731
13427
13187
12947
13027
12803
12595
12082
12419
12242
11938
11330
11554
11250
10962
10834
10402
10402
9922
10082
9890
9906
9266
9474
8882
8866
8386
8434
8226
8450
8033
9154
9826
11170
11906
12323
12787
13123
13219
13347
13971
13731
14339
14195
14611
14659
14707
14323
14771
14883
15059
14851
14771
14819
14803
14931
15107
15139
14659
14947
15011
14947
14835
15027
14515
14515
14547
14179
14387
14323
14307
14131
13907
13891
13667
13235
13555
13315
13043
12387
12531
12323
12098
11634
11314
11282
11026
10578
10674
10194
10450
9666
9458
9618
9298
8930
9090
8642
8258
8306
8306
8546
8065
7777
8113
8145
7857
7937
8065
8097
8210
7617
8514
8161
8017
8450
8482
8674
8290
8914
8770
8962
9042
9634
9954
10290
10402
10610
11058
11554
11778
12146
12483
12547
12867
13539
13587
14019
14387
14003
14355
14467
14483
14627
14755
14531
14723
14579
14307
14131
14931
14003
13651
13603
13235
12787
12707
12258
12114
11282
10834
10370
10146
9778
9522
9218
8962
9122
8754
8258
8626
8017
8530
8226
8994
8802
8770
9666
9858
9954
10258
11074
11378
11826
12194
12451
13267
12979
13347
13523
13875
14035
14227
14547
14675
14547
14787
14675
14483
13891
13715
13267
11842
11010
10642
10498
11250
11202
11282
11394
11922
12483
12643
13091
13155
13347
13779
14115
14195
14531
14819
14451
14643
14659
14803
14739
14707
14563
14515
14227
14115
13971
13731
13427
12963
13123
12403
11874
11810
11378
10690
10242
10386
9554
9138
9218
8914
8562
8818
8546
8370
8706
8626
9250
9394
9970
10226
10882
10850
11266
11762
12274
12803
12995
12995
13715
13603
14211
14371
14563
14675
14659
14675
14451
14227
14019
13907
13731
13427
13123
12627
12130
11554
11554
10818
10610
9970
10018
9378
9218
8674
8850
8450
9074
9522
10850
11682
12515
13043
13699
13763
13971
13315
12835
12339
11666
10706
9938
9746
9346
8914
8850
8498
8690
8338
8738
8402
8722
8658
9106
8930
9394
9410
9362
9954
9794
10402
10482
10562
11010
11250
11330
11602
11618
11842
12242
12643
12659
12867
13043
13123
13267
13363
13939
14147
14259
14451
14563
14323
14499
14643
14643
14739
14739
14547
14371
13955
13779
13747
13555
13043
12883
12707
12419
12130
11842
11602
11426
11138
10866
10386
10226
10098
9362
9138
8770
8594
8434
8546
8226
7985
8354
8210
8274
8706
8722
9394
9458
9954
10562
10946
11298
11602
12082
12659
13091
13683
13971
14259
13987
14051
14019
14163
14035
13443
13139
12755
12387
12323
11266
10914
10146
9570
9314
9682
9890
10482
11106
11618
12371
12755
13203
13443
13779
14163
14291
14579
14739
14627
14595
14771
14803
14851
14803
14723
14227
14291
14115
13891
13667
13411
13139
12899
12435
12274
12018
11666
10818
10642
10946
10626
10178
9858
9266
9458
9010
8802
8962
8626
8834
8594
8274
8658
8402
8578
8210
8514
8145
7857
8177
8001
8258
7777
8145
7953
8129
7825
7729
7569
7601
7537
7425
7521
7441
7425
7361
7505
7521
7665
8081
8081
8049
8626
8434
9218
9058
9538
10994
11842
11906
12323
11698
10962
10226
9554
8978
9026
8722
8498
8818
8674
8434
8242
8786
8898
8930
9234
9682
9954
10146
10274
10738
11346
11682
12130
12018
12643
13011
13459
13667
13827
13971
14099
13299
12307
11378
10834
10178
9842
9666
9730
10146
10482
10738
10978
11202
11474
11602
11746
11826
12307
12515
12771
12899
12963
12659
12963
13171
13507
13699
13795
13955
13795
14067
14371
14611
14547
14339
14147
13907
13539
13123
12803
12451
12082
11346
11266
10754
11058
10546
10322
9954
9714
9874
9362
9506
9298
9058
8658
8498
8514
8402
8290
8001
7857
7937
7777
7777
8177
8786
9394
9810
10450
11490
11714
12210
12483
12643
13027
13331
13683
13859
14195
14323
14483
14067
14387
14435
14787
14675
14771
14819
14915
15251
14739
14787
14755
14771
14851
14947
14915
14995
14835
15315
14963
14771
14579
14355
14579
14435
14707
14483
14627
14195
14435
14195
14163
13891
13699
13395
13155
12723
12499
11986
12146
11794
11378
10834
10802
10210
10194
9634
9506
9042
9106
8594
8786
8306
8450
8129
8386
7841
8210
7793
8322
8274
8194
8546
8610
8898
8914
9394
9474
9906
10338
10418
10594
10962
11698
12242
12451
12707
12995
12963
13155
13987
13683
14035
14291
14595
14643
14451
14355
14595
14483
14083
14419
13859
13523
13459
13187
12707
12339
11362
11410
10946
10450
9922
9426
9554
9298
9202
8722
9106
8930
8802
8754
9458
10674
11970
12803
13283
13411
12643
12002
11042
10658
9986
9778
9410
9138
8610
8386
8802
8898
8802
8898
9074
9538
9698
9858
10610
10850
11234
11362
11810
12082
12371
12723
13011
13331
12979
13555
13747
14115
13811
14227
14499
14243
14579
14467
14707
14451
14739
14851
14915
15123
14947
14675
14803
14787
14803
14035
14227
13987
13939
13715
13619
12787
13011
12739
12499
12178
11842
11522
11122
10978
10386
10226
9554
9298
9186
8994
8530
8754
8466
8290
8626
8610
8594
8914
9314
9154
9154
10306
11362
11666
12691
12899
13539
13411
13171
12883
12531
12291
11794
11410
10962
10258
9762
9954
9394
9074
8610
8898
8418
8113
8145
8113
8434
8322
8177
8514
8482
8226
8962
8930
8754
9570
9698
9810
10530
10930
11074
11442
11634
11986
12387
12867
13091
13523
13587
13795
13603
13939
13827
14115
14083
14147
13363
13491
13571
13267
12723
12226
11218
10466
10450
9714
9074
9170
8818
9058
8834
9154
9218
9314
9410
10162
10386
10818
10978
11554
11842
12210
12563
13027
13251
13683
14019
14131
13843
14179
14403
14339
14003
13363
12611
11762
10834
10354
10018
10722
11986
12963
13555
13875
13651
13779
13683
13747
13139
13123
12515
12467
11458
11362
11042
10418
10274
9858
9714
9602
9186
8706
8770
8434
8674
8129
8546
8290
8226
8129
7777
8306
7985
8418
8322
8306
8306
9010
8850
8962
9522
9714
9778
9762
10034
10898
11058
11282
11634
11842
12210
12467
12643
12995
13427
13763
13603
13955
14291
14531
14675
14387
14499
14419
14579
14131
13971
13923
13475
13491
12883
12675
11778
11570
10962
10706
11090
10546
9826
9778
9330
8946
8658
9266
10610
11746
12178
12755
13427
13635
13859
13955
14083
13539
13251
13363
13219
12995
12659
12066
11874
11714
11378
11138
10674
10450
10034
9826
9426
9154
8674
9026
8594
8306
8161
8033
8001
8482
8738
8017
8578
9698
10226
11298
11698
12515
12611
13555
13795
14259
13587
13667
12707
11522
10466
9954
9570
9682
9266
9058
9170
9554
9826
9922
10050
10226
10626
11266
11474
11730
12066
12435
12323
12643
13011
13347
13731
14083
13827
14115
14467
14803
14707
14579
14595
14867
14019
14307
14259
13667
13315
13027
12819
12531
12291
12034
11778
11314
11042
10658
10226
9730
9746
9586
8914
8962
8738
8642
8354
8386
8258
8498
8914
9026
9394
10034
10066
10594
10802
11682
12146
12579
12947
13363
13795
13971
13939
14259
14435
14643
14611
14387
14323
14131
14083
13747
13379
12963
12595
12274
11634
11378
10770
10338
9874
9442
9490
9218
8578
8786
8626
8818
8258
8290
8466
8786
9138
8690
9410
9346
9538
10178
10338
10578
10706
11106
11330
11474
11810
12226
12451
12755
13075
13507
13603
13939
13987
14259
14035
14755
14291
14499
14643
14755
14755
14739
14595
13939
13779
13491
12883
12899
12499
12002
11970
11458
10770
11842
11970
11218
10354
10226
9522
8866
9138
8978
9042
9298
9186
9266
9938
10722
11346
11906
12387
12723
13139
13875
14259
14323
14579
14611
14771
14483
14467
14483
14387
14099
13875
13939
14035
13155
11586
10642
11042
11858
12627
13331
13635
13763
13203
12771
12098
11442
11410
10530
10018
9490
9490
8898
9106
8626
8610
8482
8514
8226
8610
8322
8290
8482
8690
8882
8962
9346
9538
9186
9010
10130
11122
11986
12226
12867
13123
13427
13587
13747
13107
12483
12210
11538
10866
10674
10002
9378
9378
8770
8946
8434
8610
8306
8770
8642
9074
9138
9794
10082
10242
11266
11682
12242
12531
12963
13155
13699
13651
14403
14387
14323
14147
13923
13699
13251
12787
12291
11746
11090
10306
9586
9570
8898
9026
8882
9234
9122
9426
9794
9922
10994
11010
11538
11698
12242
12531
12931
13523
14419
14179
14099
14419
14323
14403
14051
13859
13667
13411
13059
12723
12323
11746
11106
11026
10434
9666
9650
9202
8738
8850
8770
8306
8818
8530
9314
9010
9778
10066
10514
11218
11442
12258
12435
12915
12851
13251
13683
14035
13939
14275
14179
14643
14435
14563
14739
14755
14899
14931
15043
15011
14707
14659
14643
14515
14531
14131
13891
13267
12915
12451
12082
11954
11506
10946
10402
10354
9650
9170
9058
8594
8818
8978
8690
9106
9074
9090
9938
9842
10338
10962
11586
11842
12307
12531
12963
13187
13395
13555
13875
13939
14147
14355
14483
14579
14787
15011
14563
14787
14899
14643
15027
14723
14691
14611
14627
14531
14675
14067
14243
14195
14371
14163
14515
14067
14371
13939
14083
14067
14275
14003
14147
13987
14019
13907
13923
13475
13315
13219
13059
12739
12515
12403
12066
11794
12050
11746
11202
11010
10674
10706
10338
9810
9682
9346
9346
8978
8418
8274
8482
8161
8226
8033
7777
8049
8065
7809
8290
8466
8530
8402
8242
8898
8386
7873
8450
8226
8370
8562
9234
9394
9442
9730
10482
10770
11250
11490
12130
12467
13027
12915
13363
13667
14115
14483
14307
14451
14675
14787
14595
14067
14131
13843
13715
13459
13043
12515
11938
11186
10338
9490
9474
8962
9330
9442
9778
10162
10898
11746
12355
12707
13203
13635
14067
14323
14675
14435
14659
14963
14611
14515
14707
14771
14179
14211
14003
13635
13619
13363
12579
12082
11746
11202
10866
10210
9842
9330
8946
9042
8706
8450
8578
8226
9058
9154
10098
10722
11666
12146
12835
13491
14067
14387
14659
14835
15587
15427
15315
15187
15075
14723
14819
14163
13651
13475
12851
12226
11554
10354
10354
9874
9650
9282
9282
8962
9186
9250
9666
10482
10930
11202
11698
11938
12467
12899
12835
13139
13491
13987
14307
14787
14851
15347
15315
15763
15699
16099
16436
16275
16195
16484
16500
16195
16243
16339
15795
15763
15283
15203
14851
14691
14531
14499
14163
13875
13155
13027
12787
12579
12146
12018
11730
11410
11106
10770
10482
10130
10434
10002
9906
9442
9074
9154
8898
8898
8562
8194
8402
8210
7969
8290
8306
8145
8210
7889
8562
9458
11202
12451
13315
13795
14211
14563
14579
14563
14403
13603
13667
13395
13235
13043
12931
12643
12323
11762
11842
11522
10978
10866
10786
9682
10130
9906
9794
9554
9042
8658
8594
8242
8290
7921
8033
7857
8386
8626
8946
10162
10802
11346
12323
12691
13379
13715
13923
14147
14627
14867
14419
14419
14435
14259
14291
13987
13747
13395
12883
12403
11874
11922
11298
10738
9954
9938
9330
9138
8834
8113
8402
8226
8690
8546
9122
8161
8706
9394
10226
11010
12194
12739
13475
13651
13939
13827
13603
13059
12723
12226
11282
10402
9570
9058
8914
8722
8994
8786
9330
9394
9938
10146
10530
11218
12018
12178
12563
12643
13443
13635
13987
14035
14355
14387
14691
14819
14963
14595
14579
14627
14419
14179
13971
13667
13155
12595
12435
11538
10930
10514
10050
9474
8914
8754
8466
8354
8418
8514
8674
8658
9410
9442
10210
10338
10594
11186
11570
11730
11970
12659
13027
13283
13427
13891
14115
14531
14515
14547
14243
14019
13651
13267
12787
12226
11634
10978
10850
10018
9522
9378
8930
8738
8514
8386
8049
8113
7809
7969
8242
8290
8161
8722
8962
8994
9026
9330
9986
10306
10354
10562
10674
10962
11138
11602
12162
12435
12899
13267
13795
14067
14595
14275
14755
14355
14355
14611
14851
14451
13747
12291
11346
10946
10018
9282
9282
8722
9042
8770
9250
9394
9410
9554
10386
10674
10786
10818
11250
11298
11282
11634
11970
12018
12403
12515
12883
12851
13171
13443
13603
14179
14275
14451
14819
15091
14995
14819
13395
11714
10962
10642
10514
10738
11138
11634
11954
12307
12867
13331
13795
14259
14883
14755
15299
15843
15955
15939
16179
15363
15219
14787
14387
13619
12851
11970
11218
10562
9826
9298
9026
9634
9618
10018
10402
11026
11698
12146
12851
13459
14323
14243
14291
13843
13475
12611
11938
10802
10002
9314
10194
9906
10546
10898
12242
12883
13171
13859
14179
14627
14835
14435
14451
13891
13075
11954
10914
10130
9682
9298
9394
9874
11154
12082
13219
13747
14435
14771
14547
14851
14531
14179
14019
13763
13475
12819
12515
12355
12002
11794
11474
11346
10914
10434
10162
9874
9362
9026
8690
8786
8626
7777
8113
8145
8498
8210
8594
9042
9026
9570
10050
10786
11474
11762
11842
12371
12915
13523
13971
14467
14643
15059
15427
15251
15651
15939
15699
15891
16003
15571
16067
15491
15299
14755
13635
12435
11442
11634
12931
14131
14483
14163
13667
13043
12387
11154
10450
10274
9922
9426
8994
8690
8546
9154
9122
9266
9458
10162
10418
10562
10930
11634
12194
12387
12899
12995
13491
13651
14419
14627
14819
14595
15363
15603
15843
15523
15875
15987
15571
15651
15475
15475
15187
15043
13923
13955
13411
13379
12579
12483
12130
11682
11042
10322
9826
9714
9282
9202
9074
8466
8738
8290
8642
8242
8594
8898
8674
8418
9058
8962
9330
9618
9330
9650
9954
10530
10306
10898
11442
11346
11970
11986
12771
12611
12851
13763
14275
14659
15331
14995
15251
15267
15347
15251
14707
14547
14451
14147
13923
13603
13347
13139
12835
12435
12066
11906
11954
11778
11362
11202
10786
11202
10770
10706
10530
9986
10450
9922
10370
9954
9730
9906
9906
9458
9298
9442
9330
8978
9346
9106
9394
8930
8530
8786
8210
8434
8482
8210
8386
8177
8610
8242
8065
8418
8242
8386
8274
7921
8418
8113
8482
8177
8370
8033
8290
7953
8482
8017
8530
8210
8530
8177
8594
8834
8658
8546
8882
8738
8658
8866
8674
8994
8674
8850
8610
8113
8514
8594
8338
8370
8354
8338
8642
7889
8049
8113
8145
7873
8418
8434
8738
9202
9266
10050
