15443
15491
15923
15651
15651
15811
16067
15843
16083
16115
16115
16147
16131
15955
16035
16163
15619
16083
15555
15779
15987
15747
15875
16083
15811
16147
15427
15859
15955
15331
15843
15411
15539
15651
15779
15763
15699
15603
15603
15443
15331
15827
15683
15299
15443
15075
15347
14931
15539
15155
14755
14883
14867
14371
14499
14419
14531
14003
14227
14435
14307
14515
14451
14131
14275
14115
14099
13539
13315
13363
13123
12675
12659
12531
12339
12114
11378
10930
10466
9938
10098
9458
9298
8994
9122
9074
9554
9282
9426
8866
8802
9090
8930
8562
8498
8258
8642
8290
8610
8658
8674
8226
8290
8322
8626
8498
8258
8514
8434
8722
8113
8610
8322
8754
8658
8081
8690
8578
8434
8658
8242
8642
8386
8242
8658
8482
9042
9074
9186
9906
9778
9746
10002
10674
10978
11602
11778
12643
13107
13683
14051
14035
14515
14691
14227
15299
15811
15747
15843
16243
16051
16195
16179
16291
16644
16484
16708
16484
16724
16532
16916
16740
16788
16371
16227
15299
14851
13619
13251
13027
12242
11410
11618
11090
10818
10978
11122
11458
11218
10498
10482
9714
9154
9426
9170
8802
8674
8418
8514
9138
8802
8658
8386
8370
8386
8514
8322
9282
10242
10882
11570
12258
12835
13267
13891
14035
14243
14819
15379
15331
15955
15555
16243
15939
16452
16355
16452
16468
16307
16852
16580
16740
16820
16788
16436
16980
16580
17060
16724
17108
16756
17092
16692
16740
16468
16452
15955
16019
16131
15539
15971
16195
16083
15683
15827
15635
15651
15379
15091
15059
14835
14851
14355
13523
12707
11602
10962
10146
9826
10050
9058
9234
9170
9778
9138
9170
9042
8978
8738
8770
9314
9330
9362
9522
9602
9666
9730
9810
9890
9826
9890
10818
10610
11234
11666
12291
12947
13123
13475
14179
14035
14259
14979
14851
14963
15411
15811
15763
15923
16291
16323
16291
16836
16868
16532
16996
16964
16371
17156
16996
16596
17124
16852
16291
16756
16468
15955
16211
15699
15795
15299
15059
14371
14435
14259
13555
13267
12435
12483
12307
12210
11570
11442
11378
11074
10546
10450
9858
9506
9106
9394
9154
8802
8882
8658
9058
8866
9234
8914
9122
9410
10226
10482
10418
10706
11010
11426
12034
12419
12755
13459
14291
14179
14163
13603
13459
12531
11698
11074
10482
9554
9762
9602
9202
9666
9746
9938
10098
10994
11314
11810
12403
12899
12819
13635
14131
14851
15187
14931
15651
15987
16323
16019
16099
15875
16243
15731
15475
15043
14915
15171
14131
14387
13843
13699
13491
13267
13171
12739
12403
11970
11810
11474
11106
10962
10626
10162
9282
9522
9714
9106
8834
8722
8738
8850
8610
8338
8626
8322
7905
8466
8049
7969
8338
8258
8177
8434
8498
8210
8898
8690
8770
8738
9458
9810
10050
10466
10610
10834
11106
11810
12258
12483
12579
13139
13587
13235
13635
14387
14371
14643
15091
14787
15155
14995
15379
15075
15395
15571
15347
15635
16099
15715
16227
16275
16676
16227
16612
16708
16564
16740
16692
16820
16740
16724
16339
16564
15987
16035
15795
15731
15299
14947
14451
14403
13475
13203
12851
12258
12002
11170
10722
10754
10482
9762
9314
9586
9234
9506
9602
9842
10754
11586
12595
13731
14435
14563
13187
12707
11698
10770
10178
9938
10082
10098
10258
10578
10946
11186
11746
12050
12323
12787
13651
13459
13699
13971
14387
14403
14771
14995
15539
16019
15699
16195
16291
16564
16211
16083
15763
14883
13779
12242
10882
10402
10306
10258
10290
10594
10706
10722
11138
11586
12307
12435
12451
12819
13075
12995
13459
13427
13667
13795
14099
13971
14483
15027
14947
15395
15731
15795
15715
16227
16163
16468
15763
16420
16676
16660
16692
16820
16996
16852
16724
16339
16291
16227
15875
16035
15475
15571
15411
15011
15171
14355
13859
13523
13331
12194
11874
11410
11010
10594
10290
9778
9394
9074
9282
9202
9298
9026
9170
9122
10114
10034
10370
10642
11378
11810
12419
12835
13603
14291
14419
14867
15459
15491
15907
16548
16371
16532
16163
16468
15971
15795
15539
14915
14947
14531
13891
13971
13667
12771
12419
12194
11746
11106
10978
10434
10418
9922
9602
9362
9058
9042
9170
9090
9266
8706
8482
8354
8658
8466
8706
8210
8258
8706
8802
8626
8850
9570
9906
10130
10754
11106
11394
12371
13075
13251
14195
14195
14883
14915
13971
12162
11538
10834
11602
12611
13379
14755
15155
14963
15715
15763
15571
15523
15347
14739
14947
14755
14579
14035
13843
13699
13715
13731
13203
13091
13171
12627
12146
11858
11618
11442
10722
10498
10386
10322
9922
9442
8818
8610
9106
8994
9042
10082
10978
11522
12114
12531
13251
14003
14579
14867
15235
15187
14163
13987
13379
12771
12691
12274
12034
11570
11394
10914
10994
10674
10194
10082
9698
9938
9874
9698
9410
9042
9458
9058
8658
8242
8594
8498
8033
8450
8690
8258
8081
8065
8642
8354
9186
10306
12371
12579
12403
11298
10642
11218
12307
13379
14227
14435
15171
15939
15891
15971
16275
16131
16307
16051
16147
16195
15827
15843
16147
15555
15923
15731
15683
15475
15523
15363
15171
14643
15283
14835
15075
14675
14563
14579
13779
13651
13587
13283
12467
12467
12339
12066
12307
12146
12098
11362
11090
10994
10642
10322
9842
10066
9954
9362
9154
8498
8626
8530
8498
8434
8113
8562
8546
8466
9026
9058
8962
9746
10162
10306
10562
11026
11346
11730
11970
12419
12563
12803
13139
13411
13651
14163
14627
14707
15315
15923
15955
16660
16420
16932
16003
16548
16868
16900
15619
14899
14291
13459
12915
11426
10674
10162
9954
9634
9906
9666
9618
9618
9986
10050
10642
10882
10946
11202
11298
11410
11106
11410
11490
11826
12210
12034
12771
12755
13107
13411
13523
13603
13235
13747
13619
13475
13923
13619
13875
13619
13395
13811
14147
14371
14291
14547
14963
15251
15315
15251
15091
15347
15571
15027
15219
15491
15811
16051
16083
16612
16404
16948
17172
17252
16932
17156
17204
16820
17172
17252
16804
16852
16147
16388
16484
16371
16628
16195
16163
16227
16179
15795
14915
14291
13923
13315
12531
11938
11378
10802
10514
9762
10082
9426
9362
9186
9650
9538
10226
10866
11506
11922
12387
12835
13635
14035
14595
14707
15203
15907
15955
16420
16788
16996
16932
16980
17124
16628
16420
16580
15715
15219
15011
14611
13795
13155
12018
11890
11106
10498
9618
9570
9874
9762
9874
10098
10898
11170
10210
10146
12258
13907
13491
12499
11634
10786
10546
10434
11202
11826
12515
13107
13539
14307
14387
14643
14787
15667
16291
16195
16532
16195
16580
16211
16115
15475
14131
12787
11970
11058
11522
12755
14099
15331
15875
15443
14563
13987
13043
12387
11778
11042
10226
9682
9874
9362
8850
9122
8754
9106
8946
9250
9250
9362
8946
9714
9794
9538
9586
9954
9874
9778
10482
10162
10354
10386
10866
10898
11186
10898
11250
11938
12339
12531
12483
12963
13075
13715
13779
14291
14515
15011
15395
15139
14051
14787
15475
15331
14851
13939
13123
12291
11890
11442
10674
10402
9714
9266
9410
9026
8770
8962
9170
9122
9890
10002
10098
10578
10914
11586
12483
12963
13427
13459
13619
14355
15123
15171
14835
14883
13539
12867
11074
10610
10082
9714
10514
11330
12258
12947
13779
14499
14899
14531
15027
15699
15651
14403
13539
12307
12002
11234
10514
10274
9842
9330
9010
9250
9106
9122
9714
10002
10194
10642
11698
11906
12595
12787
13267
14131
14691
15059
15523
15347
15907
15907
16067
16083
15699
15715
15651
14931
14595
14291
14051
13491
12563
11810
11058
10354
9538
9474
9890
10274
10610
11826
12691
13523
14803
14867
15379
15091
15059
15011
14083
12723
11970
11154
10434
10258
9986
10130
10610
11154
11858
12579
12963
13699
14451
14851
15251
15779
16003
15939
16083
15491
15651
15507
15011
14243
13875
13379
12899
12114
11458
10706
10514
10338
9458
9442
9378
8706
8722
8546
8850
8786
9170
9410
9362
9906
10466
10898
11394
12258
13027
13843
14419
15187
15283
15779
16163
15843
15459
15555
15331
14323
13955
13283
12563
11922
11106
10386
9666
9778
9538
9522
9682
9890
10162
10450
10578
10066
9282
9602
9938
10594
11618
12627
13507
14243
14579
15347
15795
16051
16035
16355
16051
16115
16243
15747
15939
15267
15283
14979
14419
14019
13971
13571
13027
12146
12130
11394
10818
9938
9570
9666
9202
8850
9410
9538
9618
10306
10626
11394
11874
12803
13571
14531
15155
15827
16003
15683
15763
15731
15571
14611
14019
13331
12499
11378
10850
9954
9778
9362
9986
9666
9938
10594
10786
11762
12355
13699
13907
14931
15155
15651
16019
15651
16035
15779
15651
15155
14307
14787
15107
14323
13411
12931
11698
11234
10690
10098
9474
9314
9138
9042
8594
9298
8994
9106
9714
9698
9234
9874
9762
9522
10050
10290
9938
10034
11154
10898
11378
11826
12162
12643
13347
13555
14131
14659
15059
15539
15923
15731
16115
16083
15859
15299
14963
14371
13635
13539
12258
11858
10482
10514
10018
9730
10674
11170
12226
13187
14083
14451
15235
15571
15843
15315
15059
13891
13011
11522
10914
10482
10066
9314
9778
9906
9906
10930
11154
11826
12467
13171
13859
14387
15059
15715
15523
15891
16003
16051
15587
15155
14947
14867
13763
13523
12803
12226
11282
10530
10402
10322
10034
10226
9922
9778
9586
10194
10002
10098
10450
10866
11362
11986
11074
11154
12130
12979
13971
14739
15459
15619
15443
15123
14723
14083
13411
12499
11698
10962
10162
10514
10082
10242
10354
11026
11762
12627
13299
14163
14579
15395
15731
16371
16452
16852
16484
16724
16996
17108
16516
16532
16420
16083
16179
15523
15731
15507
15043
15059
15203
14931
14371
14707
14179
14259
14387
14451
13635
13475
13027
12803
11762
11298
10738
10386
9762
10050
9618
9922
9890
9842
9090
9442
9426
10290
11522
13011
14403
14643
15843
15411
15523
15283
14883
14275
13459
12883
12403
11730
10738
10290
9810
9634
10178
10338
11490
12146
13859
14563
14803
15715
16099
15875
15043
14387
13827
12771
12002
11058
10482
9762
9762
10306
11026
11490
12162
12915
13523
14435
14707
15331
15443
16259
16099
16355
16115
15827
15571
14883
13859
13107
12291
11506
10866
9842
9378
9362
9234
9362
10226
10642
11522
12034
13267
14179
14643
15475
15571
15283
15027
14403
13555
12691
11570
11106
9746
9746
9602
10434
10866
12274
13219
13763
14611
15283
15603
15891
16644
15539
15267
14099
12883
11698
10754
10178
10306
10914
11890
12851
13731
14931
15507
15491
16067
16420
16035
16131
15859
15395
15395
14835
14515
14291
13955
13363
12499
11970
11442
11154
10706
9890
9778
9570
9330
8546
8738
8690
9138
8866
9202
9362
9330
10386
11426
12931
14003
14563
15059
13907
13027
11490
10338
10562
11042
12194
13235
14323
15315
15155
14739
14243
13379
11762
11298
10530
10466
10786
12162
13347
13635
14867
14915
14627
13347
12098
11090
10946
12451
13619
14467
15059
15075
14035
13139
11954
10754
10194
9858
10514
11154
11890
13283
14179
14931
15507
15459
15507
14691
14307
13267
12467
11586
10450
10290
10002
9202
9106
8642
9442
9234
9554
10050
10450
10770
11058
12739
12691
13443
13651
14371
14467
14643
15251
15779
15635
16115
16676
16179
16724
16724
16868
16708
16371
16740
16980
16660
16868
16147
14851
13987
13155
12194
10770
10450
10146
10562
11170
11826
13475
13875
15091
15011
15747
16195
16484
16436
16660
16676
16644
16532
16323
16035
15747
15187
14819
14371
13539
12867
12146
11426
10850
10514
10194
9986
9410
8994
9362
9298
9874
10722
11762
12851
13955
14259
15315
15363
16051
16291
16243
16195
16163
15779
14803
14691
13891
12371
11810
10898
10610
9938
9810
9634
9826
10722
11026
11570
12467
13203
14147
14755
15411
15603
16420
16371
16820
16500
16548
15699
14691
13187
11426
10706
10882
11730
12723
13939
15235
15667
16115
16083
15459
15011
14499
13315
12355
11378
10418
9746
9986
9714
10418
10530
11154
11490
12034
12723
13923
14691
15219
15219
15923
16211
16692
16195
16243
15827
15091
15187
13059
12114
11746
10450
10290
9314
9490
9634
10354
10642
11058
12098
12563
13475
13299
13635
14403
14995
15379
15571
16099
16195
16740
16436
16948
16676
17156
16724
17668
17236
17588
17460
17716
17332
17492
17300
17796
17364
17652
17124
17684
17844
17652
17364
17748
17412
17620
17652
17252
17444
17412
17380
17364
17556
17284
17508
17236
17636
17716
17364
17700
17540
17636
17492
17748
17396
17620
17380
17236
17060
16804
16131
16339
15923
15571
15395
14691
14675
14419
14179
13155
12707
12563
12082
11602
11602
11058
10546
10482
9842
9490
9266
8930
9010
8978
8578
8626
8370
9186
9138
9586
9938
10226
10434
11074
11650
11746
12403
12723
12691
13459
13667
14131
14099
15091
15059
15443
15603
15667
15859
16003
16243
16355
16564
16564
16916
16996
17140
16932
16788
17204
16788
17204
16900
17652
17476
17364
17572
17396
17396
17716
17444
17556
17604
17572
17012
17252
16868
17204
16948
16900
16612
16532
16420
16548
16211
16420
16131
16003
16115
15539
15907
15571
15475
15779
15667
15203
15347
15315
15315
15027
15091
15315
15059
15411
15635
15539
15555
14899
14755
14787
14259
13891
13667
13667
13411
13635
13779
13747
13651
13923
13747
14035
14083
13763
13811
13747
13731
13667
13299
13427
13539
13411
13651
