34312
34376
34360
34408
34552
34792
35096
35416
35736
35848
35320
33528
31959
30263
28727
27382
25046
23653
22821
23141
24694
27878
31143
33048
34248
34792
35144
34952
34520
34392
33768
32023
31303
30503
29927
29255
28999
28759
29511
28999
27382
26486
26006
24918
23653
22149
20949
20324
19924
20196
20164
20789
21733
22581
23845
25158
26902
28743
30023
31783
32984
33656
34472
35048
35368
35384
35352
35064
35160
34408
34376
33512
32695
31943
30455
28711
26838
25462
24389
23525
22117
21045
20116
20276
19972
19716
20084
19940
20164
19956
20324
20228
20132
20388
20244
20517
20388
20837
20581
20276
22213
23349
24453
26566
28054
29687
30919
32535
33432
33688
34488
34920
35256
35624
35800
35848
35880
35848
35912
35800
35736
35576
35880
35608
35816
35832
36088
35736
35608
34712
34424
34360
34072
33960
33336
31847
30599
29207
27526
26038
24549
22965
21717
20661
20372
19956
20436
21093
22709
24790
26662
27798
29143
30679
32135
32920
33368
34104
34376
34824
34984
35304
35592
35640
35912
36024
35960
35960
36232
36056
35784
35992
35752
35480
35544
35176
35000
34552
34040
33768
33064
32551
31623
30983
30279
29431
28871
27926
27126
26198
25190
24325
23317
22965
22533
21349
21029
20324
20004
19460
19476
19060
19444
19444
20004
20148
20853
21237
22261
22885
24149
25206
26630
28118
28983
30311
31495
32087
33128
33816
34296
34968
35176
35432
35832
35864
35800
35752
35848
35560
35208
34648
34184
33528
32615
32055
31191
30215
29255
28454
27222
25910
24533
23125
21957
20917
26598
30983
33368
34808
34696
34216
33272
32119
30199
27686
25462
23477
22405
21157
20581
20821
20725
21381
22789
23925
25254
26678
28006
30023
31255
32920
34024
34744
35064
35288
35048
34456
33880
32695
30871
28038
25670
23573
21957
21189
20645
21317
21909
23461
24614
26134
27766
29479
30663
32119
33224
34344
34936
35544
35480
35192
35080
34472
34008
33352
32071
30951
29431
27734
26102
24261
22645
21621
20933
20148
20436
21029
21717
23269
24758
26310
27958
29367
30711
32183
32872
33576
34632
35176
35368
35576
35176
34168
32711
30935
28262
25686
23477
21717
21413
21525
22805
23877
25750
27254
29671
30695
32087
33256
34184
34904
35320
35560
35576
35496
35480
35080
34792
33976
32824
31815
30583
29127
27382
25878
24229
22709
21861
20645
20180
19988
19604
20036
20949
22053
23669
25382
27446
29287
31511
33016
34424
34904
34680
33720
29575
25750
24325
26918
30295
32808
34520
34856
34536
34024
32952
31495
30103
28358
26518
25254
23717
22261
21429
20501
20244
19700
19860
19956
20789
21525
23109
24501
25910
27318
28935
30439
31815
32695
33896
34504
35288
35512
35480
35288
34856
34328
33304
32119
30103
28054
25846
24021
22197
21301
21141
22245
23429
25190
27094
29239
31143
32759
33848
34904
35272
35320
35432
34984
34632
33992
32727
31719
30231
28534
27350
25414
24149
22565
21349
20388
20308
20485
21781
23157
24726
26278
28166
29703
31335
32471
33928
34616
35256
35352
35288
34920
34488
33400
32167
31159
30183
28086
26566
24854
23461
22101
21365
20292
20180
19956
20725
21525
23333
26038
28358
30807
32727
34088
34840
35064
35368
35000
34536
34104
33288
32199
31719
30455
29607
28454
26950
25814
24630
23301
22357
20981
20356
19844
19668
19524
19748
20004
20276
21317
22309
23637
24998
26342
27718
28983
30311
31415
32631
33576
34440
35112
35464
35384
35128
34840
34360
33576
32888
31703
30887
29639
28823
27830
26918
25990
24902
24101
23189
22485
21653
21269
20725
19956
19924
19236
19316
18756
18644
18596
19188
18900
19364
19876
20517
21237
22501
23573
24277
25302
26454
27750
28839
29575
30631
31383
32359
33128
33688
34520
34968
35288
35432
35576
35480
35192
34792
33688
32231
30695
28855
26902
25110
23717
22341
20917
20597
19860
19876
19492
19844
20148
20260
20789
21029
21365
22165
23253
24085
25398
26518
27574
28454
28999
29799
30551
31095
32039
32503
33304
33832
34424
34872
34888
35480
35592
35848
35848
35992
35864
36072
36056
35992
35672
35528
35608
35192
34808
34376
34264
33736
33736
33272
32856
32151
31239
30679
29911
29127
28518
28134
27558
26966
26294
25478
24886
24085
23765
22997
22037
21845
21061
20517
20228
19748
19732
19556
19300
18756
18548
18884
19044
19476
19828
20420
21013
21781
22837
23957
25014
26406
27830
29095
30231
31159
31895
32743
33256
33704
34056
34600
34776
35080
35528
35704
35896
35896
35896
35928
35832
35784
35720
35640
35400
35192
34808
34680
34152
33512
32599
31911
31095
30183
29383
28679
27814
27094
26198
25254
24181
23573
22517
21589
20965
20084
19700
19540
19300
19876
20709
21557
23173
24758
26598
28711
30775
32711
33896
34456
35096
35048
34536
34168
32952
31175
29223
27158
24966
22965
21477
21429
21173
21797
22597
24630
26150
27414
29207
30919
31895
33240
34296
34840
35272
35608
35560
35576
35016
34392
33704
32856
31479
30391
29207
27702
26278
24614
23045
22165
20885
19972
20164
20036
20036
20260
21077
21701
22565
23637
24982
25910
27446
28422
29351
30311
31191
31607
32455
33096
33560
34184
34584
35064
35240
35720
35720
35848
36056
35672
35640
35384
34776
34456
33736
33256
32391
31511
30471
29463
28695
27670
26758
25510
24165
23221
22245
20965
20485
19924
19668
19316
19668
20485
21141
22677
23877
25414
27078
28534
30023
31671
32727
33944
34792
35208
35512
35016
34488
33624
31639
29559
27190
25078
23381
21877
20997
21477
22213
23397
25302
27014
28935
30551
32279
33496
34296
35064
35224
35192
34728
33448
32247
29975
28214
26038
23925
22053
21349
20677
21221
22357
24053
26262
28919
30583
32535
33656
34632
35512
35480
35448
35256
34680
33880
32503
31015
29223
27110
24774
22853
21669
20388
20949
21717
23237
25846
27830
29847
31687
32920
34136
34696
35416
35464
35320
35288
34488
34056
32920
31575
30103
28662
26950
25574
23797
21957
20933
20501
20981
22117
23685
25718
27718
29239
30663
31911
33112
34120
34872
35240
35784
35496
35160
34280
33560
32039
30471
28566
26566
24517
22549
21493
21205
21477
23301
25574
27910
30167
32375
34040
34824
34792
34280
32888
31399
29367
27526
25382
23717
22501
21093
20757
20501
21285
22693
24389
26694
28470
30247
31975
33336
34200
34856
35480
35416
35208
34856
34328
33384
32119
30663
28887
26982
24982
23109
21525
20709
20661
21045
21733
23509
25158
27398
28983
30567
32263
33192
34440
35144
35528
35560
35512
35160
34616
33944
33176
31607
30119
28727
26950
24966
23573
22341
21077
20244
19972
20132
20581
21269
22517
23973
25478
26854
28662
30327
31879
32872
34184
34760
35192
35512
35224
35032
34744
34616
34392
33128
31527
29271
26134
23797
22421
22501
24790
27702
30567
32984
34232
34776
34360
32599
30423
27862
25270
22965
21749
20885
21109
22005
23109
24565
26038
27830
29351
30887
31911
32984
34296
34808
35320
35256
35368
35144
34072
33368
32359
30791
29271
27766
26486
24806
22885
21733
20901
20468
20324
21141
21797
23333
24918
26390
27862
29271
30567
31735
32551
33496
34104
34872
35160
35784
35800
35576
35064
34376
33192
32247
30615
29015
27478
25606
23813
22149
20853
20565
20837
21941
23797
26166
28855
31127
32904
34168
34808
35064
34728
33848
32231
30727
29191
27110
24950
22949
21685
20981
21029
21925
23477
24678
26102
27638
29047
30471
31783
33032
34152
34808
35256
35384
35624
35544
35256
34856
34232
33480
32920
32023
31207
29943
28727
27446
25830
24758
23493
22197
21061
20581
19812
19620
19268
19540
20517
21781
23877
25990
28278
30119
32023
33208
34600
34920
34712
34200
32952
31383
29655
27686
25574
23605
21573
20917
21365
22645
26134
27846
28855
30711
30983
32087
32375
33016
33784
33800
34264
34424
34888
35160
35336
35432
35736
35688
35928
35944
36088
36104
36152
36152
35880
35512
35032
34408
33608
32503
31607
30455
29255
27926
26646
25382
24694
24165
25094
24389
22469
21253
20501
20404
20629
21285
22501
23621
24886
26646
28630
30247
32103
33464
34296
34984
35288
35512
35496
35688
35384
34568
33816
32359
30919
29335
27542
25670
23957
22197
21061
20517
20805
21893
23749
25446
27270
29303
31319
32599
33800
34632
35160
34744
34248
33432
31975
30967
29735
28662
28054
26950
25942
24806
23509
22837
21877
20645
19988
19604
19396
19092
19220
18884
19236
19700
20404
21733
22805
24662
26390
27958
29287
30647
31735
33080
33992
34776
35016
35368
35224
34872
34408
33512
32872
31863
30647
30023
29063
27910
27382
26390
25734
25078
24469
23909
23301
22901
22357
21285
20901
20613
19860
19620
19700
19796
19508
19332
19604
19492
19092
18724
18564
18612
18884
19188
20196
21525
22773
24037
25878
27222
28679
30103
31655
33112
34040
34936
35256
35176
35128
34680
34424
33960
33352
32952
32471
32135
31815
31335
30167
29335
27590
26086
24630
23125
21877
20741
20372
19316
20068
20068
22149
24373
27238
29911
31671
33288
34152
34840
35464
35336
34632
33480
31847
29895
27958
26374
24309
22805
21509
21093
20677
20581
23957
28839
32439
33800
33896
32647
30407
28150
26358
24405
23365
22101
21365
20613
19732
19860
19780
20020
20757
21349
22613
23669
24726
26342
28294
29959
32215
33576
34600
34760
34312
33256
31911
29815
27558
25366
23013
21781
22005
24694
28534
31575
33640
34760
35176
34952
35160
34744
34168
33288
32567
31911
31143
29975
28951
28214
26758
25958
24469
23285
21717
20885
20164
20372
21957
23637
26070
28839
31399
33352
34600
34808
34424
33224
31479
28823
26310
23877
22533
21653
22597
24133
26166
27926
29735
30951
32311
33112
34056
34520
35224
35416
34984
34104
32647
31031
29239
27718
26438
24806
23861
22757
21333
20452
20084
19364
19508
19636
20597
21573
22437
23397
24245
25334
26998
28278
30199
31703
32663
33656
34136
34840
35112
35448
35624
35384
35192
34488
33944
32872
31799
30663
29447
27446
25574
23269
21733
20949
20629
20485
21237
22565
24149
26310
28342
30471
32503
33752
34648
35192
35256
34808
34216
32711
30967
28102
25222
23029
21925
21957
23397
24982
26518
28150
29559
30743
31991
33448
34472
35192
35400
34600
33720
31303
29479
26854
24646
22853
21701
20661
20853
21029
21381
22373
22997
24101
24694
25494
26470
27990
29447
31191
32824
33944
34840
35160
35368
35032
34152
33656
32439
31319
29671
28246
26774
25094
23189
21781
20709
20132
20292
20837
21141
22197
23461
25974
27894
29799
31271
32503
33304
34072
34584
34984
35624
35688
36008
36024
35944
36056
35768
35416
34520
33400
32167
30247
28662
27062
25606
24261
22901
21429
20805
20356
20068
20629
21285
22741
24774
26774
29159
31095
33096
34088
34744
35256
35160
34552
33832
32071
30631
28630
26374
24726
22885
21205
20917
20517
21301
22325
24277
25846
27654
28695
29959
30919
32359
33496
34648
35336
35416
35448
35560
35288
34872
34504
33736
33096
32503
31511
30439
28614
26790
25430
23717
22565
21365
20821
20020
20308
20533
20965
22149
22917
24373
25606
27430
28679
30327
31783
32936
33624
34232
35000
35192
35496
35736
35896
35688
35560
35288
34984
34328
34072
33400
33112
32247
31687
30647
29527
28326
27670
26774
25750
25254
24549
23685
23253
22181
21541
20773
20228
19716
19268
19044
18932
19044
18628
18724
18596
18708
19188
19668
20244
21061
21589
22405
23141
23717
24389
25190
26006
26902
27766
28310
28759
29207
29671
29975
29895
30231
30007
30407
30551
30791
30919
31271
31671
31863
31671
31879
31943
32055
32087
32247
32087
32567
32567
32727
32551
32583
32583
32759
32808
32583
32295
32743
32567
32856
32663
33064
33304
33752
33768
33848
34168
34168
34152
34408
34472
34680
34728
35176
35192
35320
35224
35496
35480
35720
35768
35832
36600
36024
35928
36072
36024
35896
35688
35640
35320
35368
35352
35368
35320
35112
34936
34616
34376
34088
33496
33224
33144
33128
32743
32583
32279
32103
31671
31527
31463
30295
29991
29319
28887
29015
28390
28070
27846
27670
27718
27542
27398
27398
27382
27222
26918
26470
26518
26390
