17748
17508
17748
18020
18356
18420
18708
18772
18628
18692
18900
19524
19812
20533
20965
20533
20805
20661
20308
20837
21253
21653
22565
22869
23013
22645
22453
22501
21909
22085
22757
22277
22597
22741
23109
22933
22421
22341
22085
22245
22725
23573
23941
23573
22997
22725
22149
22037
22373
22773
23173
23605
24181
24117
24085
24085
24405
24261
24950
25446
26086
27238
28903
30631
32295
33352
34264
34472
35064
35096
35240
35096
34520
34552
34536
34424
34536
34248
34312
33832
33000
32519
31671
31207
30519
29639
28614
27974
27302
26678
26214
25494
25062
24453
23829
22853
22117
20901
20436
19428
19028
18932
18692
18868
19236
18676
19540
20100
20517
21461
21877
22325
22917
22773
23013
23269
23781
24453
25430
26038
27046
27270
27894
28198
28759
29063
29543
29527
29543
29735
29927
29911
30599
30999
31431
32135
32455
32455
33016
32984
33128
33208
33288
33336
33960
33784
33704
33976
34008
34440
34056
34456
34360
34520
34648
34760
34744
35352
35560
35544
35672
35720
36184
36200
36248
36152
36216
35992
36168
35992
35832
35816
35576
35432
35176
35368
35224
35160
34776
34616
33896
33544
32904
32551
31591
31447
30711
30519
30423
29527
29175
28262
27814
27302
26726
26182
25782
24694
23957
22901
21941
20965
20324
19812
20292
22501
24005
25702
27062
28246
28951
30055
30263
30967
31335
31607
32311
32952
33352
34200
34616
34936
35304
35352
35544
35576
35720
35720
36200
35944
36008
35816
35928
35704
35944
35688
35672
35880
36232
35544
35064
34648
34120
33912
33656
33320
33112
32920
32279
31703
30823
29991
29639
28646
27670
26374
24918
24453
23653
23013
22165
21413
20789
19700
19332
18804
18436
18692
18596
18900
19700
20452
22085
24982
27814
30375
32119
32856
33976
34264
34584
35496
35432
35544
35672
35912
36024
35944
36056
35912
35960
35688
35672
35544
35256
35080
34712
34712
34472
33944
33368
33384
32727
32647
31831
31655
30823
29879
29047
28118
26998
26534
25670
24726
23829
22549
21845
20949
20420
19764
18996
18724
18676
19028
18660
19188
19892
20084
20949
21493
22181
23333
24037
24934
25798
26646
27462
28006
28695
29287
30199
30759
31447
32231
33080
34152
34056
33544
33080
32119
31159
29991
29223
28390
27574
26662
25686
25206
24229
23429
22725
22053
21365
20709
19876
19364
18676
19044
18324
18676
18804
19636
19508
20725
21573
23077
24085
25078
26134
27110
27926
28919
29735
30503
31479
32151
33128
33816
34152
34744
35064
35432
35496
35672
35752
35800
35768
35480
35496
35128
34952
34296
34104
33352
32599
32071
30967
30391
29847
28711
28150
27558
26710
26694
25878
25254
24261
23589
22853
22213
21317
20901
20468
19428
19060
18676
18676
18516
18980
18932
19876
21077
22245
24053
25766
27686
29367
31127
32711
33528
33096
32615
31767
31015
29815
28374
26870
25462
23861
22917
21477
21013
20084
19428
19140
18788
18932
19220
19892
20549
21589
22869
24181
25062
27062
27174
28022
28759
29303
30039
31255
32103
33224
34168
34648
35096
35560
35832
35864
35688
35352
34984
34888
34008
33384
31911
30007
27974
25846
23701
22117
21301
20324
20276
20629
21317
22741
23669
25542
26934
28518
30215
31511
32423
33592
34728
35032
35560
35752
35576
35576
35496
35560
35176
34760
34104
33080
32039
30631
29479
28134
26694
25158
23925
22709
21301
20613
19604
19540
19380
19220
19796
20565
22117
23413
24886
26422
27766
29015
30695
31943
32984
34040
35032
35304
35496
35624
35496
35416
34904
34376
33624
33352
32503
32215
31735
30647
29703
28614
27142
25830
24101
22805
21253
20164
19844
20004
20869
22709
25190
27718
29639
31175
32679
33608
34232
34776
35368
35400
35896
35672
35496
35896
35928
35496
35224
34456
33512
32199
30567
28342
26102
23653
21733
21573
25718
30343
33592
34344
34072
33320
30871
27062
23669
22261
21765
22277
23221
24742
25910
27382
28422
29591
30215
31239
32311
32727
33400
34168
34232
34808
35064
35480
35784
35800
36056
36136
36024
35528
35704
35704
35256
35064
34600
33976
33576
33016
32247
31143
30007
28983
27542
26486
25174
23797
22741
21605
20901
19972
19348
18804
18948
18740
18740
18916
19108
19588
20036
20757
21157
22165
23045
24213
25382
26582
27590
28903
30119
31191
32151
33128
34008
34856
35400
35256
35512
35464
35032
34872
34152
33496
32711
32311
31223
30039
29063
28038
26966
25750
24453
23525
22213
21333
20597
19844
19188
19076
19012
19332
20308
21989
23701
25462
27574
29479
31207
30535
33016
31527
28791
25542
22837
22949
23797
25990
28246
29911
30999
31607
32599
33560
34136
34920
35448
35528
35688
35592
35800
35368
35224
34920
34536
33784
33224
32759
31767
31047
29687
28470
26934
25430
24213
22357
21717
20549
19716
19236
19348
19316
19828
20501
20709
21749
22885
23925
25318
26038
27382
28679
29943
31015
31959
32423
33688
34232
34776
35112
35592
35704
35448
35992
35848
35512
35640
34776
35016
35096
34808
34648
34568
34408
34520
34408
34344
34200
34360
34008
33976
33960
33832
33512
33464
33240
33112
32711
32039
31959
31639
30855
30375
29623
28999
28118
27734
26838
25974
25446
24501
23365
22629
21109
21077
19892
19636
18852
18468
18596
18804
19348
20837
21829
23509
25206
26934
28374
29847
31319
32679
33640
34408
34872
35368
35528
35560
35240
34600
33848
33096
32199
31415
30135
28775
27814
26806
25878
24758
23861
22981
21749
21077
20020
19412
18996
19028
18708
18964
19108
19284
19940
20741
21109
19428
19268
22885
26246
28919
31447
33272
34280
34552
34488
32872
31223
29495
27846
26278
24966
23525
22181
20757
20228
19828
19348
19940
20597
21573
22901
24870
26758
28310
29943
31255
32631
33960
34232
35000
35336
35528
35208
34856
34184
33736
32423
31015
29719
28614
26630
24726
22933
21301
20388
19636
19380
19892
20356
21029
22389
23733
25046
27158
28839
30151
31111
32407
33368
33944
34488
35080
35448
35752
35608
35320
35208
34376
33544
32199
31271
29527
27894
26774
25350
23317
21557
20565
19828
20645
21045
22325
23717
25302
26646
27878
29415
30391
31031
32071
33144
34216
35464
35400
35480
35768
35416
35608
35640
35272
34552
33592
32055
29463
27302
24549
22389
21029
20468
21029
21877
23877
25846
27654
29815
31607
33256
34264
34872
35336
35464
35144
34808
34456
33560
32071
30583
29271
27238
25302
23253
21861
20549
19988
20116
20821
20965
22357
23397
21173
20517
25430
29879
32359
33928
34664
35080
34856
34824
34200
33880
33160
32487
31863
30999
30199
29303
28342
27206
26054
25190
24101
22805
22309
21077
20420
19652
19076
19060
18660
18916
19348
20116
21141
22037
23525
24662
26022
26502
28342
29655
30647
32087
32968
33928
34760
35096
35608
35544
35640
35400
34872
34024
33512
32679
31031
29687
28486
27110
25542
23989
22453
21477
20645
19716
19124
19172
19652
20132
20565
20885
21669
22469
23317
24405
25222
27206
27190
28855
29591
28759
29847
31175
32071
32423
33560
34120
34552
35160
35208
35624
35672
35832
35816
35736
35320
35192
34488
34168
33464
32679
32151
30855
29927
29031
27974
26710
25366
24453
22709
21653
20581
19908
19204
19396
19444
20180
20549
21621
22885
23909
25766
27062
28374
29799
30599
31879
32583
33496
33512
34808
34824
35496
35704
35848
35720
35688
35192
35000
34440
33896
33128
32119
31239
30263
28903
27206
25830
24373
22837
21589
20661
19988
19268
18980
19220
18932
19012
19636
19348
18164
18436
19108
19668
19268
20741
25462
29223
31767
33544
34264
34984
35256
35064
34808
33896
33048
32119
31127
30103
28999
27878
26950
25670
24437
23397
22245
21477
20725
20020
19348
18836
18740
18644
18500
19476
21365
23653
24325
25430
26726
30183
32583
33432
33864
33832
33272
31431
29271
27174
25206
23557
22549
21925
20549
19668
19684
19156
19572
19972
19940
20741
21429
22229
23013
23509
24533
25462
26278
27254
28182
28855
29303
30135
30727
31351
31687
32247
32567
33064
33736
34136
34360
34856
34920
35352
35480
34808
34696
35352
35160
34328
32567
30615
28823
27542
26486
24822
23397
22677
22421
20965
20084
19380
19076
19124
19540
20004
20789
21349
22325
22597
23461
24501
24934
25302
26326
26806
27846
28406
28967
29591
30535
30711
31207
31735
30343
29207
31463
33192
34040
34712
34728
34264
32647
30791
28743
27254
25846
24501
23093
22101
21029
20517
19780
19668
19204
18484
18628
18164
17988
17780
18084
18532
18404
18612
18916
19444
20372
20533
21733
22853
24085
24902
25814
27014
27702
28118
28534
29079
29591
30167
30999
31607
32391
32840
33544
33912
34440
34728
35320
35336
35352
35816
35816
36008
36088
35880
36248
35928
36088
36200
35992
36104
36280
35912
35880
35560
35384
35528
35736
35608
36072
35768
36104
36040
36056
35976
36056
35880
35896
36024
35512
35496
35256
35192
35112
35032
34808
34472
34536
33976
34104
33704
33544
33352
33208
33032
32759
31975
32295
31751
31671
30967
30535
30535
30039
29687
29255
27990
27878
26774
26086
25430
24630
24101
23125
22005
21557
20613
20196
19700
19396
18692
18484
18052
18180
18036
18132
18260
18020
18868
19364
19956
20420
20821
21797
22293
23029
23509
24694
25270
26214
26982
28054
29047
29591
30247
30919
31655
32023
32455
33208
33816
34120
34600
34904
35464
35560
35528
35720
35736
36024
35736
35816
35528
34872
35288
35672
34904
34216
33224
32599
31639
30887
30167
29191
28070
27334
25782
24950
23493
22869
22101
21541
20613
19956
19364
19188
18308
18724
18580
18740
19124
19732
20597
20901
21845
22869
23717
25110
26486
27830
29255
30631
31399
32455
33128
33704
34552
34904
35336
34952
35160
35528
35352
34552
33720
32743
31527
30247
28759
27126
25414
23941
22885
21717
20276
19364
19252
19172
18884
19700
20324
21669
23493
25110
26790
28727
30135
31655
32535
33224
34056
34936
34696
35144
34456
32984
31383
29271
27126
25286
23413
21909
20853
19892
19892
20485
20965
22229
23797
25430
27110
28871
30487
31607
33112
33576
34776
35192
35384
35624
35384
34616
34216
33224
31975
30567
29175
27830
26182
24662
24678
24341
22277
20709
20132
19716
20949
21733
22885
24517
25462
27894
29399
30647
31911
33160
33944
34424
35128
35480
35624
35544
35864
35512
33848
31991
30183
28214
26070
23013
21637
20581
20661
22421
24485
25430
27382
30055
32375
34200
34680
34792
35224
34760
33928
33048
31815
30759
27206
24229
22117
22453
24758
26998
29239
31287
32215
33400
34168
34584
35480
35640
35512
35784
35384
35096
34520
33672
32567
31479
29975
28711
27302
25878
24854
23381
22117
20981
19716
19508
20036
21445
23349
25638
27958
29895
31687
33544
34488
34888
34872
34696
33736
32167
30999
29079
27142
25414
23189
21573
20308
21605
22917
25670
28406
30839
32759
34008
34744
35048
34616
34216
34136
32423
29975
27382
24774
22277
21221
20517
20549
20613
21653
23381
25078
27846
30167
32055
33656
34696
34952
35304
35592
35400
35240
34840
34040
32808
30743
27942
25030
23125
21621
20805
20485
21045
22357
23525
25158
27398
29367
31047
32727
34088
34728
35112
35224
34408
33768
32215
30279
27798
25654
23077
21525
20837
22389
25910
29847
32679
34312
34344
33816
32375
30327
28022
26182
23813
22325
21141
20340
19492
19060
19140
19236
19892
21189
21749
23333
24309
25718
27126
28310
29943
30919
32247
33224
34328
35000
34984
35464
35160
34744
34280
33448
32039
30583
29143
27382
25654
24293
22517
21253
20340
19844
19332
18916
18916
19028
20452
22181
24630
26726
28630
30599
32039
33336
34424
35176
34680
34216
32503
30439
27590
25094
22517
21429
20805
22517
25574
29287
32039
33944
34088
32615
29799
26406
23605
21589
21909
23365
25494
27942
30359
32583
33880
34744
33976
32535
29591
26694
24053
22101
20741
21029
22517
24630
27606
30295
32119
33816
34616
35112
35000
34376
33736
32343
31335
29719
27558
25862
23733
22005
20436
20180
21285
23509
25622
28134
30263
32199
33384
34648
34920
34872
34008
32663
30759
28727
26342
24101
22133
20997
20260
19812
19476
19924
20677
21509
23141
24646
26102
27062
28438
29655
30519
31463
32119
33304
33960
34744
35080
35288
35672
35640
35640
35304
34968
34632
34184
33416
32631
31399
30167
28823
27382
25718
23941
22117
20837
20164
20004
20068
21045
22277
24213
25990
28166
30087
31671
33080
34152
34648
35144
35368
35672
35464
35512
35608
35128
34584
33544
32455
31207
29767
28518
26934
25062
23829
22517
21621
20485
19860
19556
19124
18740
18596
18852
19556
20789
22469
23381
24982
25782
26278
27190
27974
28999
30887
32727
34088
34712
34856
34648
34360
33272
32872
31479
30983
30167
29383
27670
25926
23861
22133
20805
20148
20276
22005
23093
25206
26678
28278
29303
30807
32071
32711
33704
34504
35016
35608
35704
35416
35304
35192
34520
34008
33048
32055
31079
30055
28326
27238
25606
23925
22453
20885
20036
19652
19444
19044
20388
21749
23269
25398
27158
29079
30983
32343
33384
34216
34888
35336
35224
35000
34296
33160
31895
30791
28775
27030
24758
22981
21365
20725
19892
19476
19540
19940
19892
20533
21029
21477
22117
22981
23397
24389
24758
25174
25622
25798
26342
27190
27606
28727
29319
29559
30087
30295
30311
31207
31447
32103
32695
33432
33768
34120
34488
34808
35000
35240
35496
35544
35864
35784
35944
36088
35864
36120
36024
36168
35960
35896
35928
36008
35864
35736
35464
35288
35096
35064
34696
34840
34904
34840
34920
34664
34216
34344
33784
34024
33768
33464
32759
32519
31911
31639
31255
30983
31239
30951
30487
30375
30167
30279
30167
29863
29911
29607
29639
29447
29607
29399
29367
29159
29143
28887
28662
28598
28454
28502
28198
28358
28342
28454
28246
28278
28246
28182
28022
27846
27670
27622
