36152
36152
36024
36216
36088
36136
36072
36040
35928
36008
35736
35480
35784
35496
35256
35336
35000
34856
34456
34312
33896
33208
33096
32295
31863
30999
30695
30055
29175
28534
27926
26742
24101
21829
20549
19956
20100
20324
20917
22197
23253
24133
25750
27334
28887
30599
32023
33704
34520
35240
35160
35448
35528
34920
34488
33800
33016
32167
30647
29015
27238
24838
22853
21269
20420
19972
19236
19268
19012
19268
20148
20485
21157
22421
23269
24357
25238
26134
26934
28230
30183
31655
33480
34632
34888
34840
34840
34216
33304
31671
30519
29335
27782
26278
24758
23797
23781
23013
21029
20244
19444
19796
20420
22197
23477
25942
29175
31079
31687
33528
34456
34200
33688
30999
27590
24469
22309
21525
21717
23541
25782
27750
29815
31607
33000
33832
34680
35240
35576
35576
35768
35800
35592
35832
35480
35192
35032
34728
34872
35048
33912
32920
32471
31479
30215
28743
27158
26390
26150
25638
24501
23605
22037
21157
20388
20196
19540
19140
19172
20597
22165
24085
26406
28342
29687
31095
32311
33224
34360
34792
35032
35400
34856
34376
33512
32311
31191
30023
28951
27222
25318
23909
21829
20933
21781
23765
26822
30023
32487
33896
34808
35048
34168
31095
27878
24565
22517
21525
22037
23797
25766
27270
29111
30615
31655
32759
33512
34120
34696
35224
35368
35688
35800
35960
35928
35864
35992
35656
35448
35336
35112
34296
33896
33416
31703
28230
25766
24421
22357
21301
20452
19924
19588
19284
19796
20004
20965
21557
22933
23989
25014
26470
27910
29319
30135
31351
32119
33896
34632
35144
34968
34936
33960
32904
31703
29495
27606
25942
24630
23797
22853
21621
20645
19780
19300
19204
18948
19156
19124
19492
20340
21173
21781
22821
23685
26806
30039
32471
33688
34328
33000
31671
30471
28983
27542
26358
24950
23589
22517
21269
20388
19620
18916
18724
19300
19924
20340
22021
23461
24854
26582
28118
29559
30807
32199
33096
34136
34840
34872
35016
34440
32888
31415
29735
27334
25222
22933
21413
21253
22549
26566
29799
32151
33944
34616
33176
30423
27430
24293
22389
21109
21653
24085
25094
29031
31911
33480
33816
32295
28502
25958
22709
21413
20517
20581
20773
20901
21029
20789
21061
23621
25046
27494
30151
31975
33400
34024
34680
35016
35432
35656
35800
36104
36056
36040
36024
36120
36216
36072
35928
35528
36024
35112
33608
32087
30807
28662
26806
25686
24229
23077
21717
20436
19844
19236
19140
19300
19236
19604
20276
20725
21269
21333
22149
23045
23557
24261
25366
26486
27030
28102
28871
29719
30647
31527
32311
33336
34056
34488
35160
35576
35688
35720
35688
33800
31831
30215
27606
25926
24085
21925
20965
20821
21685
22645
23253
24533
25046
26230
27318
28182
27526
29799
32199
33704
34616
34840
34424
33128
30951
28967
25942
23045
21493
21925
23413
25478
28662
31159
32872
34568
35000
34680
34152
33128
32039
30839
29143
28102
26614
25766
24870
23749
22645
21973
20789
20292
19556
18868
18852
18980
19748
20949
22069
23845
25334
27766
29815
31591
33080
34312
34808
34744
34136
32872
30663
27862
25478
22981
21365
20949
21589
23285
26470
29207
31879
33800
34632
34792
34520
33368
30663
27750
24261
22293
22213
24742
28278
31239
33384
34760
34664
33640
31767
29703
27254
24726
22373
20949
20132
20372
20821
21637
22277
23845
25478
26726
28230
29671
31063
32247
33368
34504
35128
35256
35464
35176
35064
34536
33160
31335
29271
26262
23365
21893
22549
24966
27094
29383
31175
32487
33448
34184
34632
35064
35160
35640
35656
35672
35912
35912
36152
36248
36248
36344
36264
35848
35352
35240
33848
32743
30759
28278
25942
24005
21733
20549
20485
21589
23365
25542
27926
30231
32151
33720
34648
34360
34616
35320
35368
35512
35144
34584
33592
32535
31623
30599
29671
28791
27750
25254
22773
21525
21285
23061
24886
27686
29879
31671
33432
34744
35256
35640
35288
34328
33304
31255
29015
26262
24261
22261
21205
21605
24421
28166
31271
33400
34648
34504
33400
31559
29207
26614
24389
22053
21045
21173
21797
24021
26950
29847
31959
33672
34696
35144
34152
32487
30487
28310
25590
23333
21557
20581
20468
21125
22069
23813
25766
27606
29159
31031
32231
33736
34536
35352
35304
35416
34728
33688
31959
29495
26934
24197
22053
21285
22005
24357
27606
30983
33336
34392
34024
32567
30007
27286
23797
21941
21269
20773
21717
22725
24886
26982
29431
31735
33336
34424
35080
35512
35464
35240
34664
33960
32936
31207
29079
27286
24630
22581
21109
21733
23189
26710
30167
32984
34248
34872
34728
34024
32695
31159
29127
26422
24005
21813
20917
21157
22229
23237
24854
26470
28695
30647
32503
33656
34760
35400
35672
35800
35672
35368
34440
33336
31719
29607
27702
25958
24710
23109
21429
20645
19796
19572
19716
20869
22373
25062
27126
29223
31543
33368
34312
34984
35160
35448
34648
34152
33240
32135
29879
27670
25430
23381
21525
20468
19828
20020
20196
21029
22757
24325
25974
28006
29479
31735
33016
34440
35016
35320
34952
34632
33496
32087
31031
29255
27014
24437
22021
21653
23573
25814
28278
29879
31703
33688
34504
34136
31959
28855
25190
22373
21237
22021
24101
26966
30263
32840
33880
35048
34968
34408
33032
30791
28646
26662
23925
22021
20917
20244
19492
19492
20036
21125
22869
24678
27286
29671
31335
32856
33848
34888
35224
35272
35256
34120
31975
30231
29271
27366
27350
26406
25654
25030
24437
24053
23829
23109
22741
21717
21173
20372
19636
19204
19236
18932
18292
17892
19060
19428
18372
18964
20805
24037
27542
30839
33016
34152
34136
33640
31783
28823
25254
22501
22229
23797
26534
29255
31431
33016
34152
35064
35320
35272
35016
34216
32936
31591
29575
28150
26022
24694
22901
21445
20244
19988
20789
23349
25942
28935
31047
33016
34136
35048
34712
33720
31831
29191
26390
22997
21973
22725
25590
29015
31863
33752
34936
34936
34360
33128
31191
28390
25526
23013
21509
21205
22453
24373
27254
28614
30471
33000
33992
33640
32055
29943
27398
24694
22165
20901
20901
21941
24229
26502
29959
33304
34152
33384
32359
30471
28486
26630
24742
22853
20837
20212
20148
21285
23125
25974
28166
30295
31975
33432
34408
34840
35544
35304
34968
35048
33432
29399
25830
23269
21445
22165
24982
28246
31287
33272
34696
35080
35144
34856
34632
33288
32039
30199
28310
26086
23285
21509
21621
23109
26182
28887
31543
33608
34728
35000
33912
32055
29031
25158
22741
21557
23429
25878
28662
30919
33032
34312
35128
34872
34296
32583
30439
27766
25686
23589
22229
20629
20052
19652
19924
21061
22453
24325
26646
29143
32007
33544
34792
35160
34792
34472
33560
30871
26822
23525
24053
27558
31559
33288
34728
35304
35576
35288
35032
34600
33848
32487
31095
29383
27558
25238
23717
22501
21365
20468
19364
18708
18900
18996
20004
21125
22869
24886
26966
28743
30903
32759
34088
34904
35032
34456
33576
30487
27814
24758
22565
21429
21845
23413
25142
26918
28662
30343
31863
32679
33960
34344
35288
35560
35672
35736
35576
35240
35064
34552
33976
33320
32215
31671
30743
29511
27798
27334
25254
22293
21669
24101
28743
31991
34248
34376
34184
32936
31895
30039
28534
27206
25830
24614
23413
21877
21285
20228
19460
18772
18596
18228
18740
18164
18052
18740
18644
19812
21013
22293
24165
26086
27750
28662
30327
31175
32503
33304
34536
35240
35080
34408
33096
30711
28294
25670
22997
21637
21541
23813
27062
29991
32375
34280
34792
34632
34408
33512
32231
30935
29463
28198
26790
25094
24197
22677
21685
20597
20100
19156
18804
18756
18404
18292
18292
18580
19316
20020
20693
21733
22933
24373
25718
27030
28294
29671
30615
31143
32055
32407
33064
33240
33496
33848
34200
34312
34744
34856
35240
35352
35432
35160
35528
35608
35848
35912
36008
36264
36216
36216
36344
36280
35992
36264
36104
36200
35960
35928
36040
35928
35864
35896
35736
35720
35672
35384
35480
35608
35480
35384
34984
35080
34776
34600
34584
34520
34472
34216
33976
34024
34024
33896
33672
33384
33512
33576
33336
33256
33256
33288
33192
33144
33336
33144
33160
33336
33080
32759
32759
32439
32487
32743
32663
32679
32936
32968
33336
33016
32872
32679
32904
32759
33096
32984
33304
33304
33368
33576
33352
33528
33496
33384
33144
33624
33576
33496
33592
33848
34056
34312
34616
34600
34680
34824
34776
34680
34344
34008
33864
33832
33800
33416
33032
32119
31479
30263
28951
27670
26742
25750
24966
23797
23477
23285
22341
22037
21573
20981
20324
19860
19332
18836
18500
18340
18452
17652
17652
17700
17300
17188
17220
17492
17748
17348
17524
17524
17716
18004
18964
18964
19844
20805
21157
22021
22597
23461
24838
26214
27510
28919
30039
31479
32215
33224
33912
34600
34968
35128
35464
35752
36056
36008
35704
35768
35576
35528
34472
33640
32359
31319
30647
29463
28454
27974
26886
25878
24710
23589
22405
20965
20356
19428
18932
18644
18324
18404
18756
19316
19540
20164
20420
21317
21861
23109
24357
25558
26854
27734
28839
29431
30263
30615
31127
31751
31831
32119
32263
32743
33128
33304
33848
34200
34760
34840
35336
35416
35688
35704
36056
36008
35848
35992
35912
35832
36312
36200
36168
36296
36280
36440
36312
36328
36392
36264
36280
36328
36440
36392
36280
36104
35896
35832
35832
35848
35688
35576
35400
35512
35240
35160
35144
35384
35288
35224
35256
35128
35096
35128
35048
35224
34824
35016
34808
