20116
20212
20164
20164
20517
20773
20533
20885
20821
20965
20837
20693
20613
21045
21077
21157
20853
21125
20981
21173
21189
20821
21077
20773
20917
20853
20436
20629
20452
20613
20212
20340
20276
20260
19684
19476
19364
19076
18404
18580
17828
18116
18164
17940
18036
17956
17684
17844
17828
17316
17572
17300
17508
17220
17316
17492
17396
17268
17524
17684
17684
17236
17252
17300
17220
17268
17204
16996
17044
17204
17236
17012
16996
16948
16500
16339
16500
16436
16500
15987
16019
15987
16003
15891
15843
15315
15267
15123
15043
14755
14627
14643
13939
14275
14147
14099
14003
13731
13427
13171
12883
12979
12787
12771
12435
12611
12643
12771
12803
12675
12659
12659
12627
12339
12451
12194
12739
14947
16772
17972
18356
19364
19668
20228
20581
20645
20565
21093
20917
21237
21173
21029
21333
21157
21093
20965
21189
20821
20853
20645
20212
20100
19412
18836
18644
17892
17636
17124
16516
16035
15507
14707
14323
14195
13843
13507
13251
13475
13027
13123
13043
12995
12995
12803
12851
13155
13043
12563
12803
12835
13411
13299
13555
13571
13971
14259
14707
14947
15027
14787
15315
15459
15859
16099
16163
16436
16596
17284
17796
17972
18628
18788
19636
19972
20036
20917
20757
20693
20773
20725
20340
20789
20485
20404
20260
20725
20517
20517
20324
20645
20468
20292
20549
20308
20212
20468
20260
20436
20324
19988
20036
19716
19668
19860
19540
19300
19380
18916
18868
19092
18484
18404
18100
17604
17636
17732
16884
16676
16772
16436
16259
16131
15491
15475
15139
15171
14931
15011
14867
14979
14995
14979
14771
14595
14515
14435
14291
14195
14275
14483
14483
14307
14131
13891
13699
13587
13523
13555
13667
13267
13507
12883
13251
13363
12995
13171
12579
12883
12819
12771
12563
12419
12339
12258
12723
12819
13139
13571
14179
14979
15667
16596
17524
18148
18468
19172
19156
19556
19924
19860
20276
20420
20597
20244
20789
20709
20372
20949
20853
20693
21093
21029
21205
21045
21429
21349
21285
21493
21413
21397
21541
21461
21397
21253
21605
21429
21349
21157
21605
21397
21317
21205
21077
21413
21301
21045
21109
21429
21333
21109
21397
21205
21077
21349
20997
21253
21029
20933
20597
20853
20533
20260
20260
19892
20148
19876
20084
19796
19860
19684
19508
19348
19044
19188
18676
18628
18724
18308
18420
17892
17716
17908
17364
17252
16948
16484
16355
15875
16051
15731
14723
15283
14851
14979
14371
14691
14067
14115
13811
13395
13683
13475
13475
13363
13315
13283
13315
13203
13523
12995
12883
12691
12627
12547
12451
12371
12787
12274
12755
12707
12771
12755
12739
12755
12963
13219
13459
13747
14019
14403
14787
15091
15891
16243
17044
17076
17764
17636
18004
18516
19060
19124
19028
19396
19252
19652
19460
19908
19604
20132
20036
19876
20100
19956
20276
20068
20436
20324
20613
20452
20741
21045
21125
20917
21253
21253
21509
21333
21205
21525
21349
21461
21253
20805
20597
20757
20132
20212
19796
19844
19764
19300
19348
18820
18724
18468
18356
17716
17732
17380
17284
17076
16980
16948
16804
16788
16660
16532
16035
16259
15795
15987
15427
15635
15619
15331
15347
14947
15299
15155
15027
14771
14451
14867
14467
14163
14387
14051
13763
14035
13971
13715
13475
13315
13539
13091
12867
13139
13027
12787
12739
12723
12531
12547
12467
12883
12627
12627
12451
12371
12403
12531
12547
12499
12419
12274
12883
13011
13059
13043
13219
13107
13251
13123
13059
12995
12915
13251
13683
13587
13539
13971
13907
13859
14019
13891
14243
14499
14547
15219
15059
15555
15475
15539
15811
15859
16484
16275
16740
16564
17012
17124
17332
17844
17860
18388
18628
18500
18948
18724
19044
18996
19444
19460
19572
20164
20196
20356
20709
20853
20837
21141
21189
21109
21317
21285
21493
21445
20949
21141
21141
21093
21093
20981
20901
20885
20565
19700
20436
19620
18964
18596
17972
17700
17700
17236
17204
16964
16516
16596
16371
16147
16131
16211
16163
15859
16003
16019
15971
15203
15523
15171
15219
15091
15475
15363
15171
15139
15395
15491
15235
15459
15475
15795
16612
17668
19012
19668
19892
19748
18900
18260
18244
18116
18340
18724
18404
18708
19252
18548
18724
18116
18228
18308
18036
18180
18500
18036
18500
18596
18884
18292
18628
18660
18804
18356
18356
18388
18468
18132
18276
18244
18212
18164
18244
18340
18164
18340
18628
18852
18452
18628
18580
18484
18324
17876
18340
18356
18580
18836
18612
18740
18932
18628
18788
18756
18804
18820
18612
18708
18708
19156
19140
19652
19028
19428
19124
18996
18788
18884
18996
18676
18804
18932
18820
19028
19252
19060
18900
19044
19300
18788
19092
19252
19236
19028
19252
19524
19332
19652
19828
20052
19828
19828
19972
20244
19972
20292
20036
20212
19620
19972
20036
20212
19764
19700
19348
19140
18916
18276
17908
17188
16756
16275
15955
15475
15059
14499
14051
13939
13491
13091
13299
13027
12883
12963
13795
14387
15043
15907
16724
17268
18004
18644
18468
18836
19252
19220
19588
19796
19732
20100
20004
20244
20452
20340
20404
20485
20805
20821
21189
20901
20805
21221
20933
21237
21397
21333
21093
21477
21253
21589
21397
21237
21429
21381
21253
21557
21365
21301
21205
21093
21077
21029
20901
20388
20885
20661
20581
20004
19668
19044
18116
17396
16804
16275
15331
14931
14515
14227
14131
13795
13763
13699
13555
13299
13427
13475
13587
13315
13155
12899
13299
13251
13123
12787
12595
12531
12355
12563
12595
12611
13107
13171
13235
13251
13251
13411
13459
13795
13731
13715
14195
14131
14291
14083
14835
15395
15955
16211
16564
16788
17156
17380
17876
18004
18420
18276
18644
18820
18980
19012
19092
19236
19428
19172
19460
19748
19668
20036
20420
20404
20821
20725
21029
20869
21253
21045
21269
20933
21077
20789
20949
20885
20853
20901
20597
20805
20468
20773
20533
20741
20805
20372
20709
20917
20260
20276
20372
19892
19812
19988
19828
19572
19172
19204
18660
18644
18196
17732
17828
17732
17684
17508
17396
17252
17012
16884
16580
16227
16227
16147
16420
16163
15907
15827
15763
15635
15427
15315
15027
14787
14355
13875
13987
13587
13155
13475
13107
13171
13283
13075
13555
13347
13427
13411
13027
13411
13171
12963
13251
12835
13091
12723
12531
12627
12899
12515
12707
12563
12755
12739
13171
13171
13235
13411
14131
14307
14323
14883
14819
14867
15059
15427
15715
15779
15859
16115
16484
17380
17540
17508
17572
17828
18100
18484
18708
18804
19348
19780
19796
20212
20725
20517
20821
20677
20965
21221
20997
21221
20901
21109
21189
20981
21109
20901
20997
20613
20725
20677
20436
20196
19940
19908
19940
19556
19604
19428
18868
19380
19252
19060
19076
18868
18804
18628
18580
18388
18308
17892
17428
17284
17300
17220
17524
17268
17460
16996
16708
16339
15907
15443
15043
15155
14851
14899
14675
14499
14531
14883
14851
14755
14595
14579
14355
14643
14419
14259
14083
13747
13475
13251
13539
13171
12963
12803
13155
12931
12787
12499
12339
12739
12499
12387
12595
12547
12307
12274
12323
12483
12403
12194
12082
12002
12371
12194
12066
12339
12210
12002
12339
12258
12162
12691
12643
12563
12499
12787
12595
12483
12771
12675
12611
12547
12947
12867
12707
12547
12979
12867
12691
12867
12947
12947
12819
12771
13011
13043
12899
12787
13363
13123
13459
13427
13891
13907
14403
15075
15027
15683
15443
15811
15955
16468
16147
16243
16243
16307
16067
16211
16307
16500
16660
16884
16948
16580
16820
17028
17268
16660
17092
17188
17428
17396
17556
17572
17684
17780
17876
17636
17684
17876
17972
18068
18292
18532
18772
18596
18964
19076
18836
18948
19060
18852
19044
18804
18900
19108
19028
19220
18932
19188
18852
19044
19044
18868
18516
16564
15187
14387
13747
13299
13587
13411
13219
12803
12387
13171
14995
16500
17524
18020
16964
16051
15859