22933
23173
25046
26422
26870
27302
27430
27430
28070
28727
30199
32647
34568
35032
36008
36520
37113
37593
37545
39449
39833
40953
41786
42106
42634
43162
43354
43882
44314
45227
45915
45723
46123
45755
45595
45579
45595
45083
45307
45579
45723
45595
45419
45179
44554
44458
43162
42554
42442
42154
40857
40265
40841
40889
42426
43354
43594
43978
44282
45067
45034
45867
46651
46635
47339
42714
38953
38201
36921
31495
21221
18308
16003
15091
12819
12274
10530
10034
9490
9266
8290
8242
7601
7937
7601
7569
7537
7505
7825
7409
7713
7649
7745
7601
8338
8514
8514
8226
8530
8626
8834
9554
9938
10994
11538
12467
13091
13251
15059
16836
17956
18420
18612
18692
18628
18420
18516
18052
17380
16804
16099
16516
16131
15795
15731
15747
15843
15763
15587
15715
15699
15347
15331
15059
14019
13955
13731
13731
14019
14195
14115
14803
15091
14979
15187
15571
15315
16692
16948
16420
17908
18276
18772
19412
20821
20885
21253
21237
21861
22021
23125
25670
26630
28422
28695
28967
29767
30343
31591
34312
34904
36840
37977
38489
40889
41258
42186
42602
43642
45531
47723
48347
48907
48907
49099
49948
50604
51020
51468
52108
51932
51964
51916
51644
52076
51564
51340
51036
50652
50364
50092
49804
49836
49884
49676
49660
49067
48795
47851
47835
46619
45883
45691
46251
46603
46699
46763
47083
46811
44026
46379
46459
47403
47867
47931
47547
47035
45867
45131
43482
43514
43418
40057
38409
24950
23717
23541
21093
19188
18708
18580
19188
19012
18596
18612
18356
17828
17908
18628
18900
19172
18932
19284
18660
18436
18132
16644
17252
17540
17188
16916
16436
17316
18564
18292
18308
18484
18628
19716
20533
20917
22789
23861
24630
24950
25318
27494
29767
29335
32055
32824
36985
38377
39081
39145
40201
41706
42858
44954
45499
45579
45211
45115
45371
45131
43738
42714
42602
43018
42218
41306
41370
40313
38857
39881
39705
38073
38585
37993
37753
38777
40873
40057
39049
36969
36905
37145
41258
41690
41930
41642
39401
38505
35656
30391
22757
21621
19796
16596
14835
13843
14227
13971
13475
14211
13651
14131
13443
13715
13843
13635
14147
13955
14115
13939
14531
14371
14019
14883
14963
15027
15699
15219
15779
16307
16980
18308
18676
19828
19892
20533
20981
20661
22325
22469
23925
24325
25126
25958
27222
27574
30327
31335
31719
31287
31447
32119
32151
32904
33384
33480
33752
34328
34728
34792
35992
36680
36312
36232
36873
37225
37321
37161
37145
37353
37577
37529
37337
36953