24806
25062
25366
25558
26134
27302
28646
30215
31159
31927
33560
33992
34600
35768
36120
36776
38777
39609
40409
41018
41210
41866
42234
43002
44330
43642
44778
45147
45675
45995
46571
44794
44810
44810
43818
45163
44842
44346
43530
42554
42522
40841
41658
42282
43930
44026
44810
45739
47163
48331
46635
38473
34216
23493
21045
16628
12963
8882
7793
7761
6897
6929
7105
7057
7009
6945
7041
7073
7505
6881
8290
7153
7521
7553
7617
8290
8706
9218
10018
10834
11634
12050
12515
12659
12050
12963
13635
14547
15315
15923
15139
16243
17316
18468
18180
20933
20901
22581
23269
25942
28711
31079
34776
36392
40537
44074
45659
46859
48491
51148
51564
52268
52876
53100
53196
53100
53020
52940
52732
52460
51900
51612
50956
50268
48539
48251
48427
48779
48699
47851
45259
45467
47787
49484
48123
41434
31959
24517
20805
20468
18564
19172
19684
20388
20837
20693
20212
19668
19060
18724
18180
19924
21269
23221
22965
25718
29047
34168
36953
43770
46267
46075
46235
46219
46507
46635
46763
43498
43786
43946
45131
42202
43626
44074
44042
44106
43738
42922
39929
39945
27846
19588
17204
16339
15267
14483
14835
14723
14739
17428
19716
22885
27046
28967
31159
32711
36985
36856
37209
38473
38617
36873
36008
35832
36408
36328
35352
35352
33576
36408
36584
33400
31143
20661
15635
13763
12643
12371
14035
13923
14531
14787
14771
14963
14835