6657
6433
6145
6193
6081
5857
5585
5345
5185
5505
5233
5025
4817
4705
5105
4865
4561
4417
4337
4673
4449
4321
4737
4609
4401
4209
4577
4321
4064
4465
4161
4513
4321
4097
4433
4161
4401
4048
3936
4305
3968
4529
4161
3952
4321
4145
4497
4257
4064
4481
4000
4529
4449
4401
4161
4433
4129
4561
4161
4209
4193
4577
4513
5441
5473
3680
4225
4289
4545
4721
4177
4369
4497
4641
4449
4833
4769
4657
4513
4529
4881
4945
4865
4753
4673
4785
5409
5505
5505
5729
5985
6161
6337
6753
7153
7713
8370
8962
9394
9874
9714
10466
11058
11218
11954
12355
13171
13635
14051
14403
14947
15507
15859
16163
16436
16724
17060
17348
17620
17924
18148
18356
18724
18932
19396
19364
19236
19348
19620
19828
19860
20004
20148
19876
19796
19908
19924
19940
19268
19060
19028
18932
18788
18708
18372
17972
17940
17796
17636
17476
17060
16564
15155
13715
12771
12066
11346
11298
10530
10402
10130
9890
9074
8642
8306
8033
7601
6737
6401
6177
5969
5825
5585
5313
6033
5073
5473
4977
5217
4849
5073
5153
4753
4945
4529
4593
4529
4929
4865
4737
4577
4465
4929
4881
4833
4657
4609
4737
4593
4593
5057
5185
5249
5169
5297
5377
5521
6065
6385
6641
7041
7473
8242
8306
9170
10098
11010
11378
12194
12659
13139
13763
14195
14643
15459
16243
16692
17092
17572
17620
18340
18452
18852
19172
19444
19748
19668
19572
19652
19668
19508
19412
19188
18996
18612
18420
17828
17076
16131
15155
14147
14019
13267
12547
12339
12210
11666
11538
11362
10690
10386
9682
9250
8882
8546
7921
7617
6737
6929
6865
6433
6145
6049
5873
5697
5585
5361
5249
5121
4961
4897
5153
4929
4801
4625
4945
5121
4785
5009
5249
4913
5249
5185
5793
5649
5953
6289
6769
7137
7761
8290
8306
8690
9314
9906
10514
10690
11538
11714
12547
12899
13715
14003
14915
15251
15731
16195
17076
17620
17972
18340
18676
18468
19268
19204
19332
19572
19732
20004
20068
20020
19892
19268
18948
18660
18292
17972
17748
17428
17076
16580
16051
15347
14579
14371
13939
13363
12963
12531
12595
12002
12226
11682
11714
11282
11186
10786
10754
10274
10274
9586
9458
9330
8546
8450
8177
7793
7441
7025
6609
6177
5889
5457
5393
5201
5089
5521
5393
5281
5297
5185
5089
4945
4785
4849
4817
5409
5345
5361
5393
5521
6081
6417
6913
7585
9010
9634
10914
12098
13043
14931
15779
16740
17812
18020
18100
17908
17332
16468
15443
14403
13267
13107
12323
12050
11250
10770
9842
9410
8482
8113
7761
7441
7169
6433
6209
6401
5649
6097
5873
5729
5649
5361
5233
4977
5377
5233
5073
4961
4961
4913
4721
4721
4657
4609
4561
4481
4337
4929
4817
4769
4785
4609
4593
4433
4881
4737
4561
4481
4881
4833
4737
4593
5025
5025
4849
4769
4721
5185
5073
4833
4705
5329
5153
4993
5409
5201
5105
5009
5377
5217
5137
5041
5569
5521
5473
5697
5937
5953
5921
6033
6641
8562
12323
14259
15251
15987
15859
15331
14595
14051
13027
12579
11618
11346
10914
11010
9234
8962
7201
7697
6737
6705
6561
5745
5985
5873
5649
5489
5441
5217
5217
5185
5777
5809
5969
6305
6689
7265
8097
9122
9954
10754
11618
12579
13651
14275
15427
16484
17076
17860
18324
18612
18916
19348
19236
18900
18804
18180
17220
16115
15283
13939
13411
12979
12499
11586
11154
10690
10194
9602
8898
8161
8049
7473
6945
6817
6481
5969
6225
5889
5473
5793
5281
5617
5217
4961
5105
5185
5089
4689
4961
4897
4881
4561
4913
4497
4769
5041
4785
4561
4849
4529
4929
4785
4529
4961
4625
5105
4881
5393
5393
5233
5825
6001
6161
6369
6785
7489
8770
9426
10562
11874
12995
14307
15043
15859
16916
17668
18308
18420
18964
19284
19012
18836
17956
17764
16772
16243
15107
14627
13811
13219
12899
12082
11714
11298
10786
9954
9122
8754
8017
7601
7057
6577
6577
6225
5889
6401
6513
6897
8626
9778
11394
13027
14595
15603
16916
17540
18116
18884
18884
18388
17588
16660
15107
14227
13427
12771
11602
10642
9794
8786
8065
7937
7361
6769
6433
6513
6033
5649
6001
5633
5345
5697
5297
5617
5313
5617
5441
5297
5809
5745
5697
6497
6817
7473
8786
9506
11010
11986
13203
14499
15795
16548
17604
18116
18516
18836
19188
19412
19908
20212
20180
20196
20148
20084
20004
19876
19732
19540
19316
19092
19188
18804
18420
17748
17828
17332
17140
16692
15395
15443
14579
13443
13411
12723
12451
12194
11394
11010
10706
10274
9954
9522
9074
8530
8001
7521
7089
6705
6289
5953
5537
5841
5777
5233
5249
5457
5425
5249
5217
5809
5857
6113
6577
7249
8145
9474
10738
11890
13331
14163
15523
16355
17124
17636
18596
18932
19412
19636
19780
19812
19604
19204
18660
17636
16371
14835
14163
13475
12467
11970
11314
10418
9570
8674
7953
7377
6945
6753
6657
6369
6049
5825
5521
5393
5697
5489
5361
5185
5649
8033
12291
15091
16532
17492
17716
18020
17412
16211
14771
13891
13251
12419
11858
11522
10882
9666
9058
8418
7841
7313
6753
6945
6625
5953
6081
6161
5457
5473
5489
5025
5329
6289
4673
4753
5089
4881
4689
5105
4849
4561
5089
4865
4545
5025
4753
4497
4945
4673
4577
4833
4705
4785
4993
4817
4721
4625
4945
4929
4785
4625
5025
4977
4801
5041
5089
4977
4817
5105
5121
4913
4849
5265
5217
4945
5345
5409
5393
5233
5073
5153
5409
5617
5569
5617
5745
5761
5889
6049
6721
6833
6929
7105
7345
7889
8450
9010
9698
10450
11282
11986
12579
13635
14003
15187
15667
16147
17140
17460
17844
18228
18596
18916
19220
19764
19508
19668
19764
19940
19188
18948
18452
17780
16916
15955
15027
14035
13923
13523
12787
12419
11714
11362
11026
10674
9730
9362
8562
8578
8386
7505
6913
7585
6529
6241
6161
5889
5601
5425
5729
5569
5457
5265
4945
5329
5249
5025
5009
5457
5617
5857
6433
7601
9138
10786
12627
14227
15459
16291
17220
17732
18372
19188
19604
19828
20036
20004
20068
20084
19652
19428
19236
18932
18868
18404
18196
17716
17492
16996
16371
15699
15635
15251
14723
14051
13875
13187
12947
11954
11442
10658
9842
8562
8194
7889
7281
6737
6481
6161
5761
6081
5857
5793
5569
5297
5473
5457
5265
5089
5441
5329
5313
5265
5681
5649
5537
5601
5665
6033
6321
6737
7489
8306
9202
10162
11314
12146
12771
13619
14259
14915
16035
16740
17412
17940
19124
18724
19284
18292
19380
19028
18484
17876
18244
17444
16964
15971
14899
14051
13619
13427
12563
12274
11506
11202
11010
10082
9714
9282
8658
8049
7505
7009
6657
6321
5953
5761
6081
5969
5745
5601
5441
5249
5153
5105
5089
5105
5025
5025
5057
5553
5457
5329
5473
6097
6305
6609
7025
7873
8738
9234
10450
11586
12403
13507
14371
15523
16596
17380
18132
18612
18932
19060
18900
18612
18148
17444
16532
15267
14531
13491
12979
12034
11490
11058
9634
9298
8450
7985
7473
7009
6577
6001
6321
6065
5505
5441
5809
5649
5457
5361
5841
6129
6385
7121
8498
10434
12611
14163
16019
16996
17780
18436
19028
18724
18868
18052
17332
15811
15059
14611
13363
12643
12627
11074
10322
9826
9010
8386
7825
7425
7057
6721
6417
6321
6049
5825
5553
5249
5649
5537
5457
5361
5217
5233
5281
5953
6993
8802
10898
12915
14707
15971
17268
17780
17540
16692
15203
13907
12643
11874
10258
9410
8658
7937
7441
7073
6817
6481
6289
6353
6369
6593
7073
7985
9282
11362
13539
15267
16612
17604
18100
18164
17844
16964
15651
14451
13267
12835
11842
11362
10066
9330
8642
8001
7457
7153
6785
6545
6209
5937
5601
5489
5425
5409
5569
5425
5313
5201
5073
5201
5713
5697
5729
5889
6641
7233
7505
8386
9234
10146
11058
12242
12915
13971
14947
15859
17380
17412
18244
18212
18420
18132
17076
16035
14739
14003
13363
12226
11506
10786
10034
8626
7889
7249
6897
6817
6689
6497
6289
6161
6065
5809
5697
5681
5793
5873
6401
7265
8626
10258
11554
13539
14963
16227
17204
17908
18292
18100
17028
15459
13971
13171
11842
10770
9650
8658
8017
7505
7121
6945
6673
6401
6193
6049
6721
7121
7473
9218
9954
11474
13059
14083
15459
16323
17140
18132
18724
19172
18980
19508
19828
20148
20388
20501
20436
20677
20789
20372
20116
19556
18612
17380
16115
14803
13555
12867
11698
10050
9186
8450
7617
7697
7793
9954
12819
15123
16900
18148
18580
18244
17140
15571
14147
13475
12707
11026
10258
9762
8418
8322
7681
6993
6913
6417
6417
5873
5761
5697
6113
6113
6241
6673
7713
9410
11538
13299
14899
16644
17636
18164
18020
18548
16884
15443
13795
12963
12194
10930
11810
9026
7905
7313
7153
6833
6593
6401
6321
6321
6673
8017
9730
11586
14067
15587
17204
17956
18468
18052
16980
15699
14563
13059
12579
12082
10962
10050
9266
8290
7441
5409
7073
6337
6097
6225
5873
5665
5937
5809
5505
5217
5425
5681
5713
5793
5745
5873
6945
7953
9794
11730
13155
15043
17444
17172
18244
18228
17572
16788
15203
14227
12242
12563
11554
10290
9714
8802
8161
7377
7281
7009
6257
6017
6289
5841
6033
5681
5377
5617
5681
6673
8338
10258
12819
15011
16564
17524
17364
16500
15379
14067
12947
11762
10098
9154
8354
7601
6913
6545
6641
6177
6417
6289
6529
6257
6849
6129
6001
6641
7473
9730
12130
14323
16035
16868
17620
17396
16291
15395
14147
13299
12002
11426
10034
8978
8418
7457
7009
6993
6465
6081
6433
6161
6129
5857
5857
6369
6945
8914
10962
12595
14755
16468
16163
18004
18708
18644
18116
17172
16307
15299
14643
13427
12771
13171
11506
10258
9426
8978
8338
7441
6961
6577
6705
6721
6241
6113
5409
5841
5441
5793
5473
5521
6001
5841
6865
8097
9410
10962
12643
14387
15507
16660
17236
18292
18660
18964
19236
19188
19380
19380
18964
19412
18740
18228
17556
16756
15443
14787
14003
13299
12803
12387
11506
11154
10466
9282
8450
8226
7537
6961
7425
6385
6097
6177
5697
5489
5969
5425
5617
5265
5137
5329
5185
5457
5425
5441
6481
7681
9538
12242
14435
15827
16980
16532
14995
14259
12947
10946
9634
8978
8113
7569
6993
7569
10050
13971
15315
14291
15475
15635
13747
12114
10258
9058
8482
8033
8226
10210
13731
16404
17908
14915
13427
12515
11314
9970
8914
8290
7233
7169
6769
6785
6257
6337
6097
6465
6337
6945
8546
10146
11906
13363
15427
16852
17716
18260
17812
16708
15411
13795
13123
11538
10642
8786
8594
7905
7105
6673
6833
6609
6817
7057
8097
10002
12787
14867
16564
17268
17780
17348
16548
14883
13699
12707
11650
10082
9218
8177
7889
7313
7089
7409
6433
6721
6913
7601
8610
10578
12291
14099
15363
16916
17748
18484
18820
19460
19444
18980
19012
18596
17908
17476
16692
15331
14595
14003
13347
12787
12451
12371
12018
11506
11394
11506
11634
11762
11570
11106
11314
11282
11410
11346
11442
11314
11602
12002
12403
12579
13027
13827
14883
15907
16868
17572
17636
18500
18772
19332
19428
19828
19860
19316
17668
15571
12947
11298
10162
9554
9266
9954
12323
15011
17252
17172
15715
13683
12178
10546
9474
9058
7953
7169
7297
7601
8898
12002
14931
16580
16596
14755
13027
11762
10514
8930
8274
7777
7265
7073
6593
7121
8242
10354
13523
17172
16564
16259
14291
12883
11202
9890
9122
8177
7841
7025
7153
6609
6657
7041
8113
9442
11810
13923
15651
17060
18052
18596
18244
18116
17076
16147
14931
13811
13075
11938
11154
9362
9138
8177
7665
7233
6689
6577
6625
6561
6705
6481
7489
7841
10226
12387
14355
15811
17540
18292
18500
18692
18692
17764
16740
15203
14243
13251
12387
11602
10402
9346
8594
7697
7969
6769
6897
6705
5985
6273
5905
5793
6177
5505
5873
5537
6129
5569
5489
5665
5793
6449
7665
10194
12403
14691
16420
16772
15539
13683
12435
11538
10354
8978
8242
7681
7217
7073
6577
6449
6305
5425
6081
6017
5361
5617
5809
5713
5793
5793
5905
5825
6561
6961
7921
8914
9282
10306
10690
11042
11122
11410
11826
12515
13251
14019
14563
15731
16516
17316
18148
18516
18788
19364
19444
19668
19572
18964
18292
17668
16275
14995
14083
13331
12579
12066
10770
10066
8994
8226
7489
7105
7057
6673
6241
6257
6065
5969
6465
7537
8962
11426
13107
15283
16932
17652
17956
16836
15411
13987
12467
11410
9986
9458
8482
7649
7537
8498
6737
6209
6481
6017
6273
6033
6801
6817
7745
8770
9378
10562
12146
13667
15379
16355
17252
18020
18932
19044
18788
18244
17988
17060
16436
15459
14275
13283
12915
12210
11218
10002
9506
8274
7537
7473
6865
6497
6113
6273
5617
5777
6065
6561
7105
8946
10946
13219
15251
16724
17428
18452
19012
19764
19716
19876
20164
19716
19268
18756
16756
17044
15923
14787
14163
13027
12739
11714
11298
10994
9810
9010
8578
7649
7217
6545
6561
6241
6577
7489
10002
12899
15091
16964
17524
17892
17012
16019
14851
13907
13299
12755
11890
11298
10658
9554
8978
8642
8049
7809
7441
6833
6753
6817
6257
5889
6241
5825
5617
5665
5233
5329
5185
5409
5409
4849
5233
5505
6113
6737
8306
10018
12291
13971
15555
16884
17444
17908
17684
17460
16067
14835
13891
12899
12611
11970
11074
9522
8482
7793
7601
6897
6529
6593
6193
6353
5873
5745
6097
5649
6049
5857
6481
7841
9714
12146
14531
16211
17444
17380
16852
15987
14739
13299
12226
10962
10130
8914
7857
7729
6977
6897
6737
5793
6289
5953
5969
6209
6113
6385
7233
8306
9794
11410
12899
14451
16404
16820
17412
18100
18644
18516
18388
17380
16307
15011
14083
13363
12979
12339
11554
11378
10146
8946
8001
7729
6945
6801
6337
6161
6177
5905
5713
6081
5857
5905
6289
6961
8466
9938
11618
13795
15395
16740
17588
17700
17460
16484
14835
13939
12611
11506
10290
9394
8562
7697
7569
6801
6785
6017
6417
5969
6113
5841
5729
5537
6113
5809
6081
6689
7361
8434
9906
11426
12675
14019
15299
16900
17332
18036
18404
18052
17140
15811
14563
13731
12563
11762
10738
9762
8434
8097
7489
6929
6897
6721
6257
5905
5681
5761
5569
6897
5985
6769
7937
10610
11890
14195
15875
17172
17700
17652
16580
15187
13603
12323
11234
9714
8722
7825
7761
7249
6641
6641
6385
6561
6481
7153
8177
10210
12995
14691
16452
17524
17988
18180
18196
17892
16676
15811
14419
13539
12611
11378
10370
9778
8434
8129
7329
6881
6881
6497
5969
6033
6177
5681
5473
5841
5713
5617
6225
6385
7761
9250
10658
12403
14051
15667
16884
17668
18148
18580
18292
17588
16388
14995
13907
12515
11538
10370
9538
8274
7729
7537
6977
6721
6241
5937
6145
5953
5809
6145
6545
6865
8370
9954
11410
13107
14851
16404
17412
17700
18580
18084
18228
17348
16051
14531
13955
12963
12323
11074
10306
10114
9106
8033
7505
6881
6481
6705
6449
6417
5937
6305
6097
6769
7393
8530
10322
12034
13907
15347
16676
17876
18452
18388
18020
17204
16404
15203
14019
13395
12483
11970
11058
10066
9170
8434
8962
7201
6641
6945
6081
6257
5809
5617
5825
5937
5265
6273
6033
6945
7825
9810
11314
13459
15235
16339
17204
18244
18644
18532
17620
17332
16275
14787
14275
13619
12947
12114
11490
10386
9970
9170
8258
7489
7393
7649
6801
6897
6001
6065
5665
5745
5793
5665
5409
5297
5281
5617
5009
5393
5521
5329
5409
5457
6049
6385
6961
8097
9410
10642
11858
13283
14291
15107
15875
17012
17732
18068
18820
19076
18996
19684
19732
19732
19332
19732
19540
19220
19108
19108
18420
17940
16948
16211
15699
14627
14371
13587
13155
12883
12274
11842
10898
10434
10274
9186
8386
8626
7297
7089
6401
6897
6001
6049
5553
5841
5761
5745
5697
6257
5905
5361
5713
5969
5681
7009
6305
7025
7537
8546
8930
9826
10594
11570
11842
12659
13219
14147
14419
15939
16612
17060
16948
18164
18532
18996
19220
19684
19844
19604
20004
20661
20436
20276
20004
20212
19620
19524
19668
19172
18740
18804
18580
17940
17940
17252
18004
17620
17300
17716
17076
16339
16115
16019
15523
15059
15011
14483
14179
13875
13731
13491
13203
12835
12915
12707
12787
12755
12691
12739
12178
13507
12787
13011
12739
12787
13363
13155
14099
13731
13299
13811
13747
13331
13715
13619
13347
13187
12979
13059
13475
13123
13411
13411
13091
13411
13091
13235
13315
13187
12963
12771
12883
12963
12851
12963
12451
12643
12691
12819
12931
12819
12947
12755
12787
12659
12707
13091
12595
12291
12435
11154
12387
12034
12274
12274
12034
12226
12098
12643
12515
12483
12435
12210
11842
12050
12258
11682
11682
12018
11794
12098
11874
11986
12082
11634
11602
11746
11586
11922
11602
12435
11538
11650
11538
11762
11458
12274
11474
11858
11682
11506
11570
11298
11586
11586
11602
11490
11554
11362
11426
11394
11202
11458
11362
10994
11138
11298
11394
11458
11186
11202
11410
11058
11122
11250
11282
11458
12162
11186
11042
11234
11170
10994
10770
10866
11074
11042
11074
11282
11218
11362
12178
10946
10914
10994
