4593
4705
4241
4833
4369
4721
4465
4817
4641
4721
4641
5121
4913
5425
5377
5249
5633
5777
5793
5825
6113
6497
6689
6817
7585
7729
8354
8898
9938
11554
13267
14627
15363
16195
16932
17780
18084
18340
18468
18980
18964
19044
19012
19220
19316
19220
19204
18708
19108
19428
19540
19796
19780
19172
17364
15331
13363
12130
10834
9682
9042
8370
7505
7233
7025
6641
6465
5857
5761
5617
5249
5665
5345
5505
5057
5361
4961
5217
4865
5089
4769
5233
4785
4993
4897
4625
4961
5281
4977
5345
5137
5633
5585
6273
6497
7377
8290
9522
10674
12146
13331
14515
15523
16035
16948
17300
17540
18276
18452
18804
19172
19284
19300
19812
19812
19604
19956
19796
19876
19636
19252
19460
19108
18660
18596
18068
17796
16932
16484
15859
15251
14499
14099
13827
13507
13267
13043
12627
12355
12066
11826
11362
11138
10706
10898
10418
10034
9650
9826
9682
9298
8802
8962
8402
8450
7857
7313
7361
6801
6865
6305
6289
5793
5729
5745
5777
5265
5393
5393
5009
5105
4737
4993
4785
3968
5025
4721
4545
4913
4801
4593
4737
4945
4385
4529
4721
4865
4641
4833
4977
5089
5137
4849
5201
5537
5713
5553
6081
6033
6481
7057
7169
7905
8338
9186
9698
10770
11378
12098
12819
13443
14131
14835
15539
16355
16596
17300
18004
18164
18644
18628
19172
19364
19364
19508
19220
18676
18436
17556
16964
16500
15395
14819
14195
13715
13219
12387
12483
12050
11618
11362
10994
10418
9906
9634
8930
8113
7937
7169
6817
6561
6001
6097
5521
5569
5697
5073
5073
5361
4801
5201
4769
4961
5105
5057
4769
4945
5073
4881
4993
4753
5025
4657
5057
4753
5025
4881
5153
4945
5281
5041
5297
5745
6049
6497
7729
8418
8434
8690
9426
11298
10738
11346
11874
12675
13411
13683
14371
15091
15299
16131
16420
17220
17316
17988
18196
18900
19092
19236
19412
19892
20004
20020
19940
19684
19156
19204
18548
17892
17508
16692
16067
15635
15171
14307
13811
13027
12355
12178
11970
11474
10722
10050
9954
9330
8610
8450
7857
7201
7169
6705
6241
6433
6177
5713
5777
5361
5617
5185
5409
4913
5185
5025
4785
5025
5153
4849
5073
4641
4913
5073
4849
5105
4753
5409
5393
6017
6433
7169
8946
10018
11234
12274
13299
13939
15091
16147
16676
17348
18116
18532
18532
19284
19428
19492
19780
19796
19428
18996
18884
17988
17348
16307
15283
14643
13859
13731
12835
12659
11986
11810
10962
10514
9794
9570
8914
8129
8145
7441
7409
6817
6289
6449
5921
5985
5569
5729
5281
5489
5361
5297
4993
5201
5249
5041
4753
5009
4977
4865
5137
4753
5105
4753
5169
4849
5265
5089
5457
5553
5425
5809
6337
6241
6961
7233
8097
8722
9314
10066
11474
11826
12595
13395
14099
14755
15331
15907
16035
16804
17428
17700
17860
18516
18724
18884
19300
19508
19572
19572
19700
20212
20068
19860
19620
19508
18804
18436
17700
17012
15987
15635
14675
14131
13571
12675
12274
11906
11618
11250
10866
10386
9730
9106
8402
8210
7505
7409
6721
6801
6337
6449
5777
5665
5489
6081
5745
5601
5489
5313
5169
4913
5009
4657
4785
4929
5025
4721
4929
5073
4625
4913
4977
5169
4897
5249
4961
5217
5377
5025
5265
4945
5185
5601
5265
5633
5265
5729
5553
6049
5921
6993
7953
10386
11762
11458
11186
10930
10562
10082
9426
8962
8274
8049
7345
6625
6513
6321
5857
5825
5473
5169
5297
5457
5329
4961
5345
4993
5329
5025
5425
5265
5281
5569
5537
5377
5825
5793
6225
6289
6785
7281
7649
8674
8818
9794
10002
10738
11170
11554
12194
13027
13651
13811
14419
15171
15491
16067
16660
17012
17444
17636
18356
18356
18452
18644
19140
19140
19220
19684
19716
19668
20132
20260
20132
20372
20324
20084
20805
19572
19684
19860
19476
19620
19220
19140
18804
18308
17508
16868
16388
15491
14963
14115
13875
13091
12723
12547
12355
11586
11218
10786
10498
10002
9378
9250
8546
7873
7777
7073
7009
6481
6481
5921
5985
5537
5681
5313
5393
5073
5265
4721
5201
4801
5009
4657
5057
4753
4865
4913
4593
4881
4561
4881
4529
4833
5073
4513
4945
4801
5041
5409
5105
5505
5921
5713
6705
7073
8290
9954
11330
12883
14579
15843
16644
17524
17764
18116
17412
16804
15507
14467
13699
13155
12451
12002
11362
10802
10050
9330
8466
7841
7809
6977
7041
6353
6401
5841
6033
5553
5761
5777
5425
5057
5025
4577
4801
4865
5233
5249
5169
5185
5073
4929
5313
4993
5329
5137
5777
5537
6481
6977
7633
8978
9906
10914
11938
12547
13747
14787
15347
16179
17012
17476
17780
18580
18820
19012
19140
19716
19988
20052
20180
20196
20196
20196
20164
20068
20004
19924
19780
20004
19748
19524
19076
18484
18596
17908
17028
16708
16003
15635
15107
14803
13843
13699
13411
12915
12194
11826
11762
11506
11298
11010
10882
10530
9810
9650
9122
8674
8081
7521
7057
7185
6817
6417
5969
6113
5825
5457
5809
5457
5169
5457
5057
5313
4961
5137
4913
4689
5073
4753
5089
4881
4721
5089
5265
5025
5553
5713
6353
6817
7713
8546
10194
11458
12579
13539
15187
16083
17284
17604
18164
18372
18420
17860
18004
17188
16035
15475
14963
13923
13491
13139
12274
11970
11634
11202
10802
10306
9938
9250
8946
8386
7905
7201
7601
7153
6545
6817
6337
6577
5985
6081
5697
5841
5441
5169
5457
5249
4913
5169
5201
4849
5089
4609
4913
4545
4785
4977
4689
4961
4673
4961
4801
5185
4961
5233
5329
5297
5889
5969
7041
8081
9698
11266
12947
14563
16035
16756
17284
17732
14787
11890
10162
9122
8113
7345
7457
6977
7249
7153
7441
8226
9010
10066
11010
12355
12851
13859
14883
15347
16179
16564
17396
17748
18516
18804
19028
19348
19460
19684
20132
20228
20244
19732
19924
19428
19412
19156
18548
18212
17604
16420
15699
15155
14051
13651
13363
12515
12034
11954
11698
11474
11170
10834
10290
9906
9218
8626
7937
7409
7457
6849
6817
6193
6225
6209
5617
5905
5633
5265
5393
4977
5265
4849
5057
4753
5041
4721
5041
4689
5105
4433
4881
5137
4897
5201
4881
5281
5073
5553
5457
5921
5937
6465
7153
7393
7841
8177
8690
9426
10482
11378
12082
12499
13651
14147
15059
15971
16436
16820
17860
18132
18404
18724
19092
19252
19476
19492
19764
19796
20036
20485
20501
20436
20260
20100
19892
19540
19252
19140
18868
18276
17716
16836
16772
15795
15683
14819
14835
13971
13907
13219
13075
12659
12258
12563
11954
11458
11490
10834
10290
10226
9330
9074
8466
7889
7777
7377
6961
6385
6449
6241
5873
5537
5761
5441
5617
5297
5393
5137
5185
5025
4753
5025
4497
5089
4961
4529
5073
4657
4929
4705
5041
5489
5137
5633
5489
5889
5825
5841
6721
7361
8258
9298
10994
11938
13251
14387
14979
16099
16339
17604
17972
18228
18948
19092
19108
19044
19380
19044
18516
17892
17572
16291
16115
15059
14691
13699
13331
13043
12291
11890
11474
10978
10226
9506
8594
8177
7601
6945
6801
6513
5937
6177
5617
5825
5361
5425
5617
5233
5441
4785
5313
4945
5137
5409
4961
5473
5361
5857
5953
7217
8306
11522
13475
14995
13171
11922
9922
8882
8226
7649
6737
6433
6305
6417
6113
6561
6449
6433
7249
7617
8258
9410
10194
11170
12194
13235
14451
15219
16355
16708
17764
18244
18548
19188
19396
19444
19428
18980
18516
18404
17540
16836
15507
14675
13523
12851
12258
11618
10962
10322
9506
9426
8674
7777
7601
6929
6865
6321
6353
5633
5905
5473
5649
5185
5361
5553
5089
5377
5153
5553
5281
5921
5873
7009
7809
8898
10706
12291
13859
15459
16756
17652
18004
18484
18004
16948
16083
14515
13651
12883
12162
11266
9842
9042
8498
7841
7185
7089
6529
6609
6081
6065
5729
5873
5313
5697
5313
5617
5217
5617
5361
5729
5857
5985
6289
6385
6657
7105
7361
7809
7905
8642
9426
10050
10514
10962
11538
12210
12835
13459
13715
14435
14627
15347
15459
16019
16516
16708
17252
17268
17268
17540
17540
18020
18084
18244
18964
19060
19300
19364
19924
20052
20036
20100
20452
20404
20084
19396
18756
17412
16468
15187
14435
13811
12883
12403
12050
11730
11378
11026
10466
9794
9554
8738
7873
7953
7105
7009
6529
6385
6097
5473
5809
5553
5617
5425
5537
4961
5169
5345
5105
5505
5585
6609
7377
9538
11346
13299
15203
16259
17460
17556
17700
17316
16644
15347
14547
13779
13155
12066
11586
10754
9634
8658
8210
7569
6817
6817
6241
6321
5985
6129
5873
6065
6225
6241
6817
7921
9714
11074
13747
13427
11458
12130
14531
15971
17316
17364
15635
14147
13027
11954
10658
9458
8594
7793
7057
7057
6481
6017
6225
5905
6161
5841
6225
6097
6817
7185
7857
9954
11426
12867
14195
15459
16612
17460
18340
18724
18916
18452
18212
16932
15747
14227
13251
12499
11762
10706
9586
8498
7985
7505
6833
6737
6193
6353
5969
6129
5617
6145
5777
6033
6129
6177
7057
7745
8754
10642
11842
13331
14947
16420
17252
17780
18692
18804
18468
18244
16964
15603
14003
13219
12387
11090
10050
9026
8290
7505
7409
6977
6417
6001
6161
5825
5553
5841
5521
5889
5569
5953
5969
6561
6705
7537
8754
9650
10914
12018
13715
14771
15955
16804
17540
18356
18980
18996
18532
18340
17252
16548
15011
14355
13603
12931
12371
11810
11282
10290
9378
8594
7873
7105
6689
6641
6145
6241
5825
5585
5617
5249
5489
5649
5377
5649
5393
5265
5745
5745
6177
7025
7873
9026
10642
12178
14035
15635
16580
17284
18180
18772
19060
19204
19364
19860
19636
19524
19188
18644
18292
17956
17444
16500
15939
15059
14691
13683
13491
12531
12307
11986
11746
11330
10338
9922
9378
8770
8161
8081
7665
7105
6977
6609
6081
6241
5713
5809
5361
5633
5281
5505
4913
5345
4865
5025
5153
4769
4897
5137
4849
5105
5281
5073
5569
5713
6545
7921
9954
11650
13843
15427
16532
17316
17396
17156
16195
15123
14003
12835
12066
11106
9906
9218
8226
7649
7281
6641
6593
6113
6209
5745
5825
5521
5633
5313
5521
5809
5697
6321
6433
7569
8658
9986
11346
12835
14547
15987
17076
17796
18132
18772
18644
18308
17556
17780
17780
17972
17972
18164
19060
19476
19828
20084
20565
20308
19812
18820
17828
16323
15283
13907
13299
12531
12274
12050
11042
9938
8754
7873
7745
7073
6945
6161
6465
6017
6113
5841
5569
5969
5873
6993
8226
10386
12291
14019
15395
17028
17684
18580
18820
18612
18116
17604
16484
15379
14275
13491
12771
11842
11298
10674
9794
8962
8081
7825
7537
7057
6801
6081
5937
5761
5649
5425
5841
5329
5329
5521
5121
5505
5345
5073
5505
5329
5921
6209
6593
8402
10130
11890
13427
15331
16996
17540
17732
17844
16916
15379
14275
13379
11938
10962
9714
8626
7761
7537
7201
6689
6321
6609
6225
6081
6209
7153
8161
9826
11858
14051
15411
17108
17764
18084
18484
17764
16548
15507
14499
13363
16243
18324
17556
15379
14355
13091
11634
10290
9314
8226
7409
7265
6609
6657
6257
6513
6289
6801
7025
8210
9954
12355
13891
15827
17220
18020
18644
18420
17780
17108
15619
14755
13443
12851
12307
11698
10994
10018
8722
8578
7889
7329
6593
6801
6561
6257
5793
6097
5569
5441
5377
5425
5345
5409
5441
5281
5329
4929
5537
5393
5169
5649
6769
8210
10034
11554
13443
15235
16644
17172
17620
16900
15731
14547
13619
12563
11714
10498
8866
8498
7953
7345
6801
6225
6113
6305
5985
5585
5569
6049
9714
13107
12499
11618
10514
9250
8226
7473
6801
6817
6305
6257
5985
5761
6097
5937
6881
7665
8962
10418
12018
13667
15363
16291
17572
17956
18036
17844
16644
14915
13843
12995
11586
10354
9490
8530
7729
7505
7025
6625
6049
6129
6321
5809
6065
5729
5441
5697
5985
5985
5921
6545
6561
6865
7793
8594
9458
10354
11330
12371
13443
14115
15331
15971
16644
17748
18260
18596
18820
19300
18948
18788
18100
16339
15539
14547
13363
12403
11858
11138
9650
9250
8418
7761
7089
7057
6497
6545
6081
6145
5681
5793
5137
5473
5521
5281
5537
5217
5489
5857
5729
6465
7041
8946
10402
11794
13475
15027
16307
17140
17636
18404
18436
18900
18852
18500
17924
17524
16628
15891
15059
13827
13507
12531
12034
11538
11122
10514
10050
9602
9234
8706
7937
7649
7025
6465
6433
6129
5729
5921
5553
5841
5361
5793
5361
5857
5937
6977
8049
9522
11490
13395
15219
16868
17492
17924
18468
18196
17716
16612
15667
14403
13619
13043
11970
11426
10754
9938
9250
8578
7985
7505
7105
6577
6545
6209
5745
6017
5745
5825
5057
5233
4945
5265
5089
4689
4865
5249
4881
4913
5217
4929
5345
5105
5473
5393
5873
5937
6705
7057
7457
8402
9106
9794
10674
11682
12627
13571
14723
15891
16307
17204
18052
18260
18964
19108
19252
19668
19588
19492
19220
19012
18932
18372
17396
16820
15683
15059
14195
13843
13043
12723
12467
11874
11266
10898
10434
9826
9234
8498
8546
7889
7041
7201
6625
6065
6209
5777
5905
5425
5537
5249
5121
5425
5041
5329
4929
5137
4657
5057
5137
4993
5345
5057
5377
5041
5393
5137
5457
5649
5681
5345
5857
5761
5857
5633
5905
5569
5857
6161
5793
5553
5777
5457
5825
5441
5681
6017
5697
6017
5841
5841
5873
5905
6369
5921
6993
6305
5697
6097
6481
6209
6049
6465
6705
7057
7073
7489
7265
7521
7601
7489
8145
8258
9154
9826
10722
11522
12419
13459
14611
15587
16131
17124
17476
17764
18484
18628
19172
19156
19300
19604
19332
18772
18708
17908
17332
16628
16131
15059
14499
14019
13459
12563
12050
11586
10978
10210
9538
9170
8210
7985
7217
7137
6545
6033
6257
5889
5633
5297
5457
5169
5393
5057
5393
5089
5393
5105
5585
5537
6161
6561
7201
8466
9906
11586
13603
15379
16307
17268
17108
17172
16195
15331
13939
13251
12018
11426
10514
9698
8690
7825
7697
7105
6513
6593
6161
5681
5905
5521
5169
5153
5585
4705
5009
5665
5617
6097
6865
7777
10194
12467
14787
16307
16948
17652
17188
16724
15171
14179
13267
12451
11090
10018
8802
8145
7873
7329
6705
6721
6225
6289
5953
5521
5857
5617
6129
6353
7425
8530
10386
11954
13635
15411
16436
17620
17796
17940
17188
15859
14947
14003
12643
12162
11474
10594
9602
8738
7905
7745
7105
6513
6561
6097
6193
5825
5505
5921
5409
5697
5425
5873
5697
5793
6417
6929
7905
9330
11042
12899
14739
16211
17124
17652
18164
17860
17140
16275
14643
13779
12947
12339
11330
10626
9874
9010
8129
7313
7489
6881
6161
6433
6017
5521
5441
5729
5521
5201
5761
5489
5057
5233
5937
5521
5953
6417
7025
8930
10610
12819
14451
16211
17012
17684
17796
17908
17204
16035
15123
13507
12915
12210
11362
10354
9394
8578
7857
7233
6737
6289
6401
6001
5569
5969
5633
5345
5745
5553
5905
5905
6129
7393
8786
10530
12258
13747
15443
16404
17172
18212
18308
18148
17908
17716
16788
15539
14707
13811
12851
12323
11874
11410
10738
9986
9330
8754
8434
9154
8898
8097
7249
7121
6481
6449
5969
5537
5761
5377
5697
5345
5521
5297
5185
5649
5441
5745
6785
7537
8770
10434
12066
13203
14883
15987
17204
17908
18228
18116
17700
16884
15475
14483
13267
12579
11874
11042
10130
9170
8386
7601
7505
6513
6369
6209
5889
5857
5841
5729
5809
5473
5665
5729
5361
5793
6289
7153
8642
10450
12483
13987
15683
16660
17476
17860
18036
17572
16596
15875
14371
13619
12435
11858
11026
9938
8866
7985
7265
7233
6625
6577
6097
6289
5921
5617
5985
5905
6049
6449
8017
9746
11314
12947
15011
15971
17012
18068
18100
17572
17060
15555
14531
13427
12258
11522
10642
9698
8594
7969
7873
7313
6865
6353
6417
6033
6257
5745
5393
5697
5457
5217
5601
5537
6273
6849
7873
9874
11714
13667
15315
16692
17412
17764
18292
18052
17844
16692
15715
14675
13763
12579
11826
11058
10306
9410
8466
8161
7537
7025
6449
6481
5905
6033
6017
5969
5777
5617
5617
5889
6257
7121
8498
9618
11042
12979
14595
15667
16948
17476
17844
18196
18244
17508
16852
15331
14451
13795
12803
11698
10946
10082
9650
8658
7729
7793
7057
6433
6513
6049
6193
5681
5793
5201
5553
5265
5553
5201
5601
5377
6113
6769
7889
9346
10914
12483
14227
15779
16676
17268
18084
17956
17140
16596
14995
13859
12627
11570
10402
9298
8450
7601
7521
7009
6497
6609
6225
6465
6401
6593
8258
10322
12611
14387
16259
17140
18132
18068
17604
16484
15443
14179
13379
12210
11458
10610
9746
8722
8370
7793
7089
6577
6689
6257
5809
6081
5633
5345
5489
5681
5169
5569
5137
5489
5489
5697
6081
6561
7377
8514
10178
11362
12771
14355
15491
16195
17172
17620
18388
18484
19156
18980
18820
18356
18052
17092
16163
14739
13731
13219
12499
11874
11122
10162
9058
8626
7697
7057
6993
6417
6497
5985
6113
5665
5873
5553
5745
5489
5921
5777
6849
7665
9106
10994
12867
14867
16099
17028
17972
18052
17476
16964
15507
14515
13619
12851
11794
10978
10098
9138
8610
7985
7313
6753
6817
6257
6209
5825
5537
5649
5665
5521
5185
5665
5313
5889
5697
6481
6961
7745
9570
10866
12210
13107
14611
15475
16676
17220
18164
18548
18708
18820
19172
19028
18564
18340
17620
16948
15523
14595
13715
13011
12435
11362
10738
10210
9522
8882
7825
7793
7201
7009
6561
6513
6161
5873
5809
5361
5441
5537
5025
5169
5297
4913
5249
4993
5281
5649
5601
6321
6673
7617
8386
9442
10354
11282
12387
13379
14387
15491
16339
16932
17732
18148
18404
19076
19188
19284
19748
19988
20116
20212
20276
20404
20501
20340
20533
20404
20901
20757
20549
20292
19876
20020
19796
19492
19172
18724
18756
18084
17332
16836
16404
15539
15267
14851
14195
13715
13299
12947
12723
12178
11714
11666
11474
11362
11170
10818
10466
10050
9570
8946
8786
8258
7745
7745
7233
6673
6689
6353
5841
5985
5569
5489
5217
5377
5489
5185
5265
4929
5153
4785
4977
4945
4721
4513
4849
4897
5137
4753
4785
4737
4657
4657
4529
4673
4321
4433
4080
4289
4449
4593
4080
4289
4529
4097
4241
4417
4433
3984
4177
4369
4465
4048
4289
4401
4064
4241
4417
3936
4353
3952
4209
4273
4321
3936
3952
4273
4433
4225
4193
4145
4145
4097
4113
4241
4449
4577
3952
3888
4032
4048
4064
4097
4209
4369
4433
4433
4016
4225
4337
4417
4433
4513
4433
4433
4417
4513
4561
4481
4609
4593
4161
4129
4209
4305
4401
4529
4577
4593
4161
4369
4513
4209
4449
4609
4161
4401
4609
4513
4241
4433
4753
4161
4113
4353
