28214
28438
28262
28374
28711
28550
28646
28759
28598
28839
29015
29079
28967
28903
28999
28887
28967
28630
28662
28582
28454
28582
28630
28630
28614
28582
28727
28662
28759
28855
28630
28983
28967
28759
28614
28743
28695
28598
28727
28775
28791
28711
28791
28791
28871
28775
28775
28646
28743
28791
28566
28646
28582
28903
28791
28518
28695
28775
28679
28614
28775
28470
28582
28695
28855
28871
29015
28887
28807
28855
28662
28807
28999
28695
28630
28630
28470
28534
28598
28534
28711
28550
28454
28198
28198
28070
28022
28214
27942
28134
28118
27990
28150
27798
27798
27894
27990
27814
27734
27830
27558
27606
27382
27446
27558
27574
27526
27526
27494
27510
27382
27430
27462
27590
27574
27526
27558
27638
27830
27782
27894
27846
27830
27718
27846
27846
28022
28150
28022
28198
28230
28246
28422
28422
28246
28470
28358
28342
28550
28534
28582
28614
28711
28646
28646
28630
28438
28711
28662
28823
28662
28534
28390
28630
28470
28406
28534
28566
28534
28358
28614
28358
28534
28534
28086
28262
28182
28310
28166
28022
27990
27878
27638
27462
27878
27814
28102
28086
27766
27942
28102
28054
28246
28727
28759
28759
28967
28935
28951
29159
29047
29351
29351
29239
29255
29415
29159
29463
29447
29415
29607
29527
29591
29527
29511
29447
29271
29271
29479
29399
29415
29383
29367
29447
29399
29319
29543
29367
29383
29271
29159
29351
29271
29383
29415
29463
29831
29239
29463
29335
29271
29367
29095
29399
29095
29111
29127
29287
29127
29239
29239
29175
29031
29239
29015
29047
29127
28999
28999
28887
28775
28662
28711
28582
28422
28022
28182
27990
28198
28150
27510
27878
27750
27686
27446
27446
27478
27622
27174
27398
27142
26646
26486
26470
26118
25942
25862
25494
25430
24966
24678
23957
23493
23237
22997
22437
22437
22405
22165
21637
21253
20725
20052
19636
19236
19172
18788
18388
17748
17092
16756
16243
16179
15523
15331
15219
15091
14483
14067
13987
13715
13027
12723
12210
11698
11570
11346
11186
10898
10194
10402
10098
9650
9506
8802
8578
7937
7665
7281
7345
7217
6865
6625
6497
6721
6641
7025
7505
7265
7921
8306
8898
9170
9858
10338
10706
11570
12018
12659
13123
13619
14179
14899
15651
16211
17028
17652
18372
19060
19284
20324
20693
21205
21797
22389
22917
23173
23365
23765
24325
24742
24966
25542
25782
26134
26294
26294
26614
26918
27078
27046
27254
27254
27542
27878
28166
28214
28294
28310
28470
28662
28598
28534
28759
28775
28646
28871
28887
28759
28823
28775
28775
28695
28566
28871
28679
28791
28967
28743
28999
29015
28727
28887
28967
28871
29079
29031
29095
29207
28967
29111
29223
29111
28935
29319
28983
29255
29255
29047
29303
29223
29303
29095
29191
29031
28967
29223
29191
28919
29127
29143
29095
28951
28919
29031
28903
28855
28695
28919
28791
28422
28614
28582
28470
28214
27894
27830
27766
27862
27894
27734
27670
27430
27110
27110
26662
26214
26166
25926
25894
25718
25526
25446
25062
24549
23925
23461
23221
22501
21797
21589
20949
20565
19844
19252
18212
17844
17316
16484
15875
15587
15059
14419
13827
13619
13171
12627
12066
12050
11586
11426
11282
10898
11026
11058
11074
11154
11218
11042
11010
10770
10674
10226
10514
10290
10146
9554
9506
9122
8898
9282
8818
8290
8161
8001
7761
7729
7409
7569
7345
7025
7217
6801
7089
6641
6977
6545
6721
6625
6209
6529
6481
6273
6001
6049
6353
6001
6305
6497
7329
7953
9554
10562
12114
13283
14035
15331
16420
17524
18708
19668
20340
21205
21685
22389
23045
23829
24229
24710
25078
25622
25718
26166
26454
26806
27030
27206
27318
27542
27862
28038
28102
28214
28342
28486
28390
28598
28438
28743
28759
28759
28711
28518
28566
28374
28358
28182
28022
27942
27686
27926
27766
27510
27686
27350
27398
27398
27398
27382
27238
27270
27302
26950
26710
26710
26646
26038
26134
25926
25974
25718
25894
25974
25798
25942
26022
25750
25750
25622
25862
25926
26054
26342
26294
26342
26294
26310
26438
26566
26438
26054
26070
25782
25878
25814
25606
25542
25334
24902
24790
24117
23989
23813
23301
23029
22805
22565
22453
22357
22117
22085
21845
22069
21813
21381
21237
21285
21237
20917
20709
20340
20068
19524
18948
18596
18580
18068
17348
17076
16644
16371
15843
15219
15571
15123
15155
14643
14131
13811
13251
12627
12258
12114
11682
10866
10306
9698
9394
8754
8930
7729
8081
7617
7297
7025
6945
6737
6641
6705
6513
7057
6417
6785
7393
7169
7921
7793
8226
8610
8930
9346
9506
9842
10434
10802
11522
12162
12419
13347
13491
14051
14435
15027
15683
16099
16788
17204
18020
18644
19156
19444
19732
20180
20597
20949
21301
21557
21989
22069
22421
22821
23077
23509
23957
24101
24325
24133
24229
24565
24822
25094
25446
25846
26182
26454
26838
27094
27270
27622
27814
28054
28406
28438
28679
28823
28711
28871
28775
28823
28951
28983
28823
28791
28887
28791
28630
28390
28646
28166
28022
28134
27654
27382
26678
26246
25638
24918
24565
23973
23989
23717
23541
23045
22405
22069
21541
21045
20981
20709
20244
19844
19652
19140
18884
18372
18148
18180
18068
17908
18260
18212
18356
18100
18148
18004
17348
17476
17380
16964
16980
16564
16580
16243
16243
16115
16035
16147
16003
15571
15491
15187
14691
14115
13427
12915
12435
11538
11090
10050
9682
8946
8802
8386
7649
7441
7297
7217
7185
7025
6961
7457
7857
8033
8386
8866
9026
9810
10098
10658
11250
11874
12883
13459
13875
14531
15299
15587
16147
16612
17540
17652
18548
19044
19668
20212
20324
21013
21365
21765
22469
23045
23381
23653
23829
23957
24341
24966
25174
25462
25814
26038
26310
26726
26646
26950
26838
26742
26950
26694
26902
27014
27110
27222
27238
27206
27318
27494
27686
27766
27622
27910
27894
27990
27974
28262
28182
28550
28598
28598
28855
28871
28695
29015
29031
29047
28967
29015
29095
29031
28983
28871
28887
29031
28646
28582
28502
28454
28326
27862
27590
27446
27302
27094
26486
26438
26038
25430
25094
24902
24437
23877
23381
22981
22309
21733
21461
20501
19860
19620
18948
18276
17636
17412
16836
16628
16099
15187
14803
14451
13875
13203
12963
12691
12002
11874
11394
10802
10354
10002
9474
8962
8770
8290
8226
7953
7377
7281
7377
7249
7089
6625
6385
6273
6705
6593
6609
6561
6225
6193
6337
6737
6961
7041
6689
7233
7089
7473
7457
7729
8081
8322
8594
8818
9410
9714
10194
10306
10818
11346
11698
11618
12403
12963
13587
13907
14243
14899
15539
15891
16484
16676
16964
17652
18276
18404
19140
19476
19828
20036
20837
20757
21541
21925
22357
22485
22949
23525
23829
24517
24806
24982
25446
25670
25878
26294
26598
26822
26998
27030
27462
27686
27926
27846
28102
28070
28150
28390
28614
28646
28759
28679
28791
28711
28679
28759
28775
28566
28614
28470
28278
28486
28102
28198
28166
27734
27846
27782
27622
27142
27462
27254
27158
27142
26726
26230
26230
25926
25510
25398
25046
24838
24149
24133
23413
23285
22885
22581
22197
21525
21061
20549
19972
19700
19364
18772
18356
17604
17236
16596
16147
16259
15971
15667
15315
14963
15027
14787
14483
13907
13747
13731
13235
12787
12947
12867
12579
12274
11858
11586
11218
10818
10594
10210
9522
9458
8978
9138
8658
8370
8194
7921
8049
7489
7601
7329
7009
6897
6817
6609
6609
6177
6577
6657
6513
6849
7281
7185
7841
8033
8530
8850
9314
9970
11330
12130
13139
13971
14995
15859
16676
17636
18148
19092
19556
20501
21013
21525
22069
22437
23125
23749
24181
24662
25062
25398
25750
25894
26358
26326
26838
26838
27030
27638
27670
27910
27942
28214
27990
28390
28310
28566
28502
28711
28598
28727
28662
28887
28903
28983
28983
28775
28823
29015
28791
28999
28839
29015
29063
28935
28807
28887
28951
28679
28919
28518
28727
28646
28695
28679
28214
28358
28246
28438
28390
28022
27766
27878
27398
27318
26806
26454
26342
26406
25846
25350
24918
24533
24149
23621
22757
22645
22133
21365
20725
20372
19492
19300
18756
18212
17364
16852
15859
15299
14483
13939
13091
12210
11666
10738
10610
9922
10034
9474
9234
8882
8049
7825
7761
7153
7409
6993
6737
7041
6561
6865
6753
7073
7409
7137
7425
7953
7713
8354
9042
9602
10402
11330
12162
12995
13603
14195
14947
15619
16099
16564
17332
17556
18164
19188
19396
19700
20260
21061
21525
21925
22837
23045
23429
23285
23589
23957
24165
24469
24790
25094
25110
25430
25654
25878
26118
26390
26838
27158
27414
27766
27702
27846
28278
28534
28374
28711
28759
28759
28839
28999
29191
28999
28903
28999
28679
28823
28695
28454
28598
28390
28326
28342
27926
27878
27798
27638
27222
27110
27046
26790
26774
26790
26214
26118
25958
25702
24982
24902
24678
24101
24053
23317
23061
22629
22101
21925
21637
20997
20533
19924
19268
19076
18052
17972
16836
16708
15859
14739
14483
14003
13331
12659
12467
11762
11282
10562
10194
9330
9506
8642
8226
8274
7857
7585
7681
7457
7217
6865
6929
6801
6897
6833
7233
7521
7777
8530
8834
8994
9810
10114
10850
11266
12018
12819
13491
14387
15091
15811
16468
16708
17444
17924
18260
19236
19636
20388
20581
20949
21333
22133
22517
23029
23253
23749
23669
24437
24485
24662
24918
25462
25590
25750
25974
26294
26230
26358
26486
26358
26742
26854
26774
26646
26806
27030
27062
27014
27094
27254
27510
27654
27702
27910
27974
28102
28246
28214
28358
28486
28662
28502
28598
28759
27766
26982
26326
25542
24998
24421
23333
19924
16163
14019
12210
11186
10354
9410
8962
8994
9266
9618
10018
10722
11394
11874
12835
13811
14419
15411
16468
17012
18180
18740
19716
20645
21141
22213
22597
23301
23989
24630
25110
25526
25734
26278
26310
26774
26966
27302
27366
27350
27398
27670
27526
27942
27910
27830
27830
28134
28118
28102
28166
28118
28214
28278
28054
28166
27846
27926
27926
27894
27670
27478
27622
27414
27622
27606
27606
27478
27526
27702
27510
27542
27542
27414
27702
27718
27590
27670
27718
27734
27782
27862
27654
27878
27846
27926
28006
27814
27990
28406
28534
28534
28582
28695
28646
28711
28711
28743
28791
28759
28727
28646
29031
28999
28887
29095
28743
29095
29095
29191
29111
29303
29255
29079
29191
29223
29239
29143
29127
29015
28983
28951
28903
28935
28791
28727
28486
28518
28614
28310
28086
28134
28198
27910
27894
27606
27574
27574
27238
27094
27206
27030
26854
26598
26246
26214
25494
25094
24854
24549
24197
23861
23381
23093
22853
22613
22053
21829
21269
20853
20196
19876
19284
18868
18724
18676
18292
17972
18404
18228
18468
18196
18084
17732
17108
16868
16291
15683
15411
15411
14963
15075
14867
14163
14131
13539
12851
11906
11346
10754
10370
10034
10146
9730
9218
9170
8866
8690
8274
7745
7889
7553
7793
7777
7345
7217
6977
6817
6673
6449
6369
6337
6161
6721
6353
6385
6657
6449
6961
6577
6529
7297
7281
7409
8081
7889
8594
8674
8978
9378
9890
10098
10466
10674
11378
12307
12387
13251
13667
13891
14403
14563
14387
14963
15539
16035
16532
17172
18052
18804
18948
19620
19652
20276
20917
21077
21669
22421
23077
23525
24005
24501
25174
25510
25814
26086
26422
26694
27046
27174
27718
27542
27958
28086
28278
28294
28566
28246
28582
28518
28727
28598
28743
28791
28695
28727
28534
28582
28470
28502
28310
28406
28214
28198
28038
27958
27798
27558
27334
26950
26838
26870
26214
26198
25910
25414
25206
24982
24998
24421
24293
24037
23797
23749
23285
23109
23077
22805
22453
22485
22069
22053
21861
21621
21269
20933
20340
20436
20292
19956
19764
19204
18964
18516
18404
18212
17316
17092
16660
15843
15171
14595
13747
12787
12194
11890
10962
10130
9506
8642
8610
7601
7569
7649
7025
7137
7249
7121
6961
7121
7473
7537
8097
8450
8930
9378
10066
10498
11090
11634
12371
12274
12931
13379
13811
14099
14995
15347
16484
16772
17828
18004
18612
19284
19636
20068
20308
20853
21237
21381
21925
22437
22821
23205
23477
23685
23893
23957
24117
24213
24517
24565
25174
25414
25446
25798
25750
26342
26742
27142
27670
28038
28342
28342
28166
28422
28294
28086
27974
27622
27430
27478
26870
26678
26294
25878
25622
24758
24181
23349
22693
21845
20629
19764
18884
18084
17540
16420
15939
15299
14579
14147
13843
13539
13235
12819
12563
11842
11154
11186
10354
9762
9426
8642
8866
8113
8145
7537
7633
7361
7121
7009
6513
6833
6241
6641
6689
6641
6385
6609
6849
7153
7329
7057
7633
7713
7617
7777
8306
8450
8418
8482
8914
9122
9266
9202
9250
9602
9826
9842
9922
10002
10178
10450
10594
10994
11282
11490
11874
11938
12371
12258
12659
13795
15235
17124
18932
20324
21269
22373
23141
23861
24405
25014
25254
26022
26230
26662
27206
27526
27654
28070
28006
28358
28406
28342
28582
28422
28502
28326
28294
28134
28150
27942
27894
28022
27862
27510
27526
27510
27238
27318
27238
26806
26806
26598
26566
26422
26342
26358
26582
26646
26406
26470
26406
26326
26374
25974
26022
25398
25190
25014
24902
24678
24277
24005
23541
22901
22485
22277
21909
21445
21237
20965
20581
19956
19780
19556
19172
18804
18740
18660
18276
18292
18052
17732
17364
17140
16964
16644
16051
15891
15635
15171
14819
14291
14307
14051
13507
13763
13491
13267
12563
12803
12082
12098
11922
11250
11378
11106
11090
10642
10562
10306
10050
10338
10178
9650
9314
9538
8802
9010
8482
8530
8017
8081
7841
7585
7505
7281
6689
6897
6513
6385
6209
6481
6545
6097
6705
6657
7041
6913
7537
8033
8722
9330
9794
10162
10818
11378
12114
12563
13427
13763
14435
15011
15203
15779
16564
16820
16996
17460
17396
18052
18452
19252
19300
20116
20356
20420
20468
20517
20821
21477
21861
22357
22725
23173
23157
23013
22661
22293
22325
22245
22709
22709
22645
23093
23077
23029
22965
22741
22741
22517
22629
22805
22773
22565
22517
22341
22325
22405
22325
22373
22565
22757
22645
22549
22293
22181
22229
22565
22645
22949
23029
23045
23445
23669
24069
24726
24758
25206
25638
25846
26022
26150
26438
26486
27014
27078
27334
27638
27958
27830
28070
27974
28006
28182
28246
28134
28470
28342
28582
28582
28743
28646
28662
28775
28679
28743
28582
28342
28278
28102
27926
27798
27734
27750
27366
27430
27286
27030
27062
26950
26694
26614
26518
26278
26262
25990
25926
25798
25894
26102
26086
26198
26294
26422
26118
26406
26470
26438
26550
26390
26326
25878
26198
26022
25846
25862
25894
25622
25318
25238
25094
24902
24726
24229
23877
23829
23637
23045
22981
22965
22949
22517
22277
22085
21717
21845
21461
21317
21029
20933
20885
20597
20468
20212
20132
19732
19252
18772
18612
18596
18196
17732
16724
16644
15987
15587
15459
15267
15427
14819
14291
13875
13219
12611
11986
11426
10866
10626
10050
9602
9122
8722
8786
8081
8065
7873
7505
7041
7089
6865
6833
6337
6577
6289
6225
6593
6481
6529
6977
7121
6961
7649
7969
8129
8642
9106
9298
10082
10466
10834
11314
12194
12387
13363
13555
14163
14691
15379
16115
16628
16980
17076
17508
17780
17892
18084
18484
19044
19828
20372
20709
21205
21445
21653
21941
22309
22437
22773
23205
23493
23621
24053
24069
24389
24870
24934
25270
25190
25510
25526
26070
26374
26470
26742
27046
27366
27606
27734
27990
27814
28358
28246
28534
28534
28646
28775
28887
28871
28903
28662
28935
29031
28967
28695
28662
29191
28887
28999
29047
28871
28791
28438
28614
28566
28486
28294
27990
27414
26886
26278
25670
25014
24181
22901
22005
20725
19828
19092
18452
17652
16740
16452
15763
14851
14003
13395
12355
11602
11090
10274
9826
9186
8498
7921
7745
7601
7441
7057
7361
7713
8049
7777
7937
8113
8594
9170
9170
9410
9650
10290
10322
10274
10546
11298
11554
11970
12787
13123
13651
13971
14323
14947
15475
15779
16323
16692
16852
16740
17220
17956
18356
18692
18980
19172
19652
19892
20180
20372
20741
21125
21365
21557
21717
21909
22069
22277
22709
22613
23061
23205
23445
23861
23973
24245
24646
24854
25318
25446
25494
25910
25990
26214
26454
26438
26662
26630
26662
26726
26678
26550
26934
27030
27030
27286
27494
27398
27446
27654
27894
27910
28134
27814
28038
28006
28182
28278
28150
28198
28326
28358
28198
28134
27974
28038
28230
28278
28230
28310
28454
28454
28438
28727
28695
28486
28727
28791
28935
28679
28695
28903
28743
28823
28983
28598
28871
28903
28919
28903
28903
28662
28630
28935
28727
28935
28711
28871
28807
28582
28662
28502
28326
28390
28118
27878
27958
27670
27334
26598
26534
25702
25462
24822
24069
23685
23029
22373
21701
21285
20581
20132
19812
19300
18644
18148
17812
17556
17044
16644
16115
15843
16019
15635
15283
15123
14739
14243
14307
13619
13683
13619
13331
12595
12323
12291
11730
11362
10466
10130
9874
9186
9250
8466
7937
7937
7265
7009
7265
7153
7137
7121
7665
7521
7985
8802
9714
10658
10946
11938
12371
13171
14163
14835
15587
16452
17428
18132
18948
19732
20116
21141
21797
22341
23077
23493
24069
24517
24950
25270
25142
25766
26054
26326
26582
26646
27046
27222
27222
27318
27734
27846
27958
27862
28166
28086
28118
28342
28390
28919
28550
28614
28598
28711
28919
28999
28759
29031
29031
29015
28871
29095
29127
29015
28951
28791
28935
28903
28470
28743
28614
28518
28438
28134
27942
28070
27942
27606
27398
27062
27062
26774
26662
26662
26358
26438
26342
26374
26054
26102
26022
26006
25718
25670
25110
24726
24181
23541
23157
22725
21797
21029
20436
19412
17796
17060
15635
14883
14019
13011
12339
11474
11026
10098
9618
9026
8690
8258
7697
7345
7425
7297
6929
7441
7281
7825
7841
7809
8049
8386
8546
8914
9026
8914
9266
9058
9650
9602
10306
10818
11170
12258
12755
13779
14323
14819
15763
16612
17668
18324
19140
20036
20372
21301
22245
22885
23157
24261
24726
25254
25734
26070
26294
26710
26918
27270
27766
27894
28006
28278
28646
28614
28823
28823
28518
28791
28695
28759
28502
28358
28566
28406
28118
28102
27942
27878
27478
27350
27718
27558
27398
27542
27510
26998
27158
26790
27062
26838
27126
26902
27094
27110
27046
27078
26998
27062
27062
27094
27078
27222
27286
27382
27334
27382
27510
27414
27446
27542
27414
27430
27318
27270
26950
26806
26982
26678
26358
26358
26102
25542
25382
25238
25046
24950
24453
24549
24357
24053
23797
23957
23413
23397
23013
22485
22277
21909
21589
21173
20581
20052
19444
18884
18692
18708
18116
17860
18084
18020
17700
17508
16772
16756
16179
15971
15523
15507
15267
15027
14547
13731
13555
12723
12515
11634
11378
10658
10514
9906
9650
9394
8770
8706
8370
8242
8081
7841
7729
7665
7313
7457
7425
7537
7521
7569
7185
7073
7025
7217
6769
6961
6961
6817
6417
6337
6785
6369
6785
6833
6817
6721
6337
6353
6849
6961
7057
7201
7441
7393
7649
7937
7809
7889
7905
8081
8049
7985
8081
7905
7873
7937
7953
7905
8226
8226
7825
7953
7489
7873
7825
7681
7809
7729
7569
7425
7745
7345
7329
7121
7793
8994
10082
10498
12130
13203
14147
15027
15859
16772
17988
18644
19524
20436
20885
21829
22773
23381
24646
25206
25718
26662
27094
27494
27622
27590
25686
22421
19380
16195
13651
12098
11250
11746
13251
15731
18676
21413
23797
25142
26678
27110
27286
27078
26326
25542
24053
22581
21109
19572
18132
16371
14803
13475
11810
11010
10146
9090
8898
7985
7841
7761
7969
8097
8258
8161
8626
8546
9026
9042
9314
9634
9490
9970
9954
10226
10498
11074
11090
11298
11138
11154
11426
11522
11730
11954
12066
12547
12787
12931
13091
12771
12947
13203
13651
13907
14131
14403
14611
14947
15091
15155
15459
15811
16035
16820
16996
17140
17588
17796
18452
19124
19652
20485
21557
21893
22501
22949
23093
23445
24261
24982
25430
25894
26182
26486
26678
27142
27206
27382
27606
27846
27878
28182
28246
28470
28342
28470
28743
28646
28775
28422
28679
28518
28662
28486
28278
28262
28118
27766
27510
27654
27478
27110
27126
27078
26934
26614
26614
26182
25862
25734
25270
25094
25238
25158
24694
24630
24630
24614
24149
24005
24069
23829
23509
23477
23093
23013
22805
22389
22501
22357
22037
22133
21509
21573
21429
21189
21109
20981
20597
20468
20084
19956
19556
19156
19028
18724
18420
18212
17524
17508
16804
16484
16115
15523
15059
14963
14787
14579
14051
13747
13267
12803
12403
12435
11890
11378
10834
10994
10322
10018
9554
9730
9602
9330
8818
8546
8386
8338
8161
7649
7729
7377
7393
7153
6977
6737
6801
6193
6353
6529
6497
6369
6273
6369
6081
6273
6401
5985
6097
6289
6241
6625
6497
6593
6993
7185
7265
7297
7777
8001
8049
8001
8434
9218
9426
9954
10306
10514
11234
12066
12355
13363
14451
15299
15763
16708
17524
18116
19204
19828
20533
21349
22117
23077
23461
23973
24485
25062
25478
25718
25974
26294
26294
26694
26870
26886
27318
27590
27654
28086
28310
28470
28342
28598
28454
28358
28598
28342
28582
28294
28454
28358
28262
28166
27958
27862
27606
27638
27398
27238
26934
26438
26310
26054
25798
25318
24646
24261
23685
23253
23013
22693
21957
21429
20629
19956
19172
18740
18100
17876
16964
16660
16420
15859
15155
14691
14179
13811
13011
12611
12162
11122
11058
10450
10082
9490
9298
9234
8674
8514
8562
8242
7905
7633
7537
7281
7169
6609
6929
6337
6193
6689
6481
6113
6417
6625
6545
6385
6417
6785
7009
6961
7521
7745
7921
8033
8514
9058
9586
9954
10498
10610
10722
11154
11826
11858
12467
12899
13235
13363
14067
14611
14531
14451
14883
15043
15859
16019
16980
17124
17860
18420
19124
19396
20388
20885
21701
22165
22469
22677
23189
23365
23749
24341
24549
25142
25446
25734
25878
26006
26278
26342
26422
26534
26870
27030
27078
27558
27734
27942
28070
28198
28182
28534
28278
28662
28342
28566
28150
27942
27766
27462
27462
26854
26214
25622
25126
24069
23349
22757
22133
21317
20340
19508
18468
17988
16900
16211
15395
14659
13987
13059
12210
11874
10882
10706
9714
9410
9122
8274
8274
7441
7265
7265
7265
7121
6881
6929
6881
7169
6977
7009
7217
7569
7841
7969
7921
8338
8514
8946
8994
9666
9506
10194
10578
10818
10706
10754
11314
11458
11650
11602
11778
12291
12307
12547
12851
13203
13075
13283
13075
13395
13587
13731
14083
14307
14259
14259
14627
14579
14787
14899
14915
15331
15603
15603
16195
16484
16740
17060
17188
17876
17940
18516
18932
19684
19972
20052
20565
20468
21141
21637
21653
22021
22293
22229
22597
22645
22661
23237
23621
23941
24293
24405
25094
25238
25270
25862
26022
26262
26422
26822
26982
27526
27462
27974
27958
28102
28214
28422
28486
28438
28518
28711
28486
28406
28518
28566
28470
28598
28486
28454
28374
28278
28246
28214
28086
27814
27462
27014
26854
26374
26166
25798
25814
25398
25014
24742
24165
24133
23573
23285
22965
22549
22005
21525
21045
20228
20260
19684
19220
18804
18196
17604
16884
16275
15907
15507
14627
14483
14147
13347
13379
12707
12258
12034
11570
11170
10626
10466
10002
9618
9506
9058
8962
8498
8354
7969
7969
7409
7185
7073
6641
6401
6657
6609
6673
6321
6033
6513
6241
6257
6177
6113
6561
6289
6113
6561
6225
6257
6433
6401
6865
6881
6913
6961
7585
7713
8033
7953
8642
8818
9186
9442
9922
9986
10562
10834
11570
12018
12291
12915
13011
13347
13827
14083
13939
14611
15059
15315
15619
15779
16420
16772
16980
17092
17572
17428
17444
17684
18260
18340
18948
19172
19380
19380
19908
20004
20228
20485
20308
20468
20613
20821
20933
21317
21765
22037
22101
22357
22693
23269
23509
23669
24037
24325
24565
24341
24998
25062
25350
25718
26022
26006
26518
26566
26582
26726
27078
26774
27254
27318
27142
27526
27734
27798
27798
27862
28070
27974
28182
28022
28294
28502
28358
28566
28630
28646
28550
28646
28839
28438
28422
28470
28695
28695
28630
28518
28662
28679
28502
28646
28390
28566
28342
28566
28454
28454
28550
28470
28438
28342
28278
28454
28422
28214
28326
28294
28358
28070
27958
28182
28134
27926
28054
27638
27718
27382
27254
27302
27190
26774
26582
26454
26438
26214
25910
25686
25206
24982
24517
23957
23621
23253
23189
22853
22341
22245
21925
21317
21317
20885
21045
20837
20565
19892
19684
19412
19188
19188
18948
18324
18196
18116
17908
17492
16708
16259
15491
15203
14435
13843
13587
13267
12435
11970
11410
10994
11106
10850
10338
10418
10226
9922
10162
9778
9714
9362
9410
9330
8930
8770
8562
8033
8001
7633
7633
7281
7361
6961
6577
6945
6673
6673
6465
6401
6337
5873
6209
6289
6001
6433
6641
6321
6641
6721
6945
7105
6753
7425
7345
7777
7633
8242
8706
8786
9426
9650
9778
10610
11010
11234
11794
11986
12547
13283
13843
14675
15075
15459
16612
17812
18708
19108
20036
20356
21013
21525
22277
22613
23493
23829
24213
24726
24966
25174
25702
26006
26326
26326
26726
26726
27238
27382
27462
27622
27846
28070
28022
28086
28470
28550
28454
28662
28598
28871
28743
28759
28999
28823
28999
28951
28919
28855
28999
29079
28807
29047
28855
29031
28727
28951
28967
28983
28791
28759
28711
28887
28823
28534
28646
28582
28582
28422
28182
28278
28422
28326
28294
28054
28150
28022
27718
27446
27414
27350
27398
27078
27126
27318
27190
27190
26854
26774
26390
26326
26294
25894
25590
25622
25814
25622
25462
25014
25062
24758
24485
24165
23973
23669
23653
23221
23045
22549
22581
21845
21733
21877
21205
20388
20597
20196
20068
19764
19588
19428
19156
18516
18276
17924
17588
16900
16724
16548
16291
15603
14915
14787
14451
14467
14035
13763
13299
13187
12691
12483
11922
11762
11490
11122
10706
10418
10434
9538
9170
9010
8818
8818
8434
8129
8081
7729
7617
7025
7233
7009
7169
6737
6913
6481
6465
6289
6609
6417
6193
6369
6337
6321
6161
6289
6145
6193
6177
6065
5905
5969
5857
5777
5985
6081
5713
6129
5857
6289
5889
6209
6241
6337
6609
6561
6929
7025
7009
7121
7473
7649
7921
8402
8642
8690
9058
9746
9778
9938
10754
10946
11282
11538
12018
12387
12435
12723
13203
13363
13651
14003
14531
14883
15347
15795
16131
16404
16660
17108
17684
17780
18324
18740
19076
19668
20004
20276
20757
21061
21429
21317
21909
22181
22325
22629
22453
22757
23141
23061
23221
23749
23845
24037
23877
24181
24501
25046
25190
25302
25638
25766
25734
26198
26182
26374
26246
26342
26582
26742
26758
26662
26774
26806
26614
26854
27078
27014
27014
27190
27094
27062
26838
27046
27382
27158
27494
27334
27366
27622
27894
27702
27814
27766
28182
28006
28070
28262
28262
28502
28518
28518
28470
28566
28502
28422
28486
28646
28470
28310
28390
28454
28230
28230
28086
28198
28310
28118
28006
28310
28198
28054
27974
27654
27558
27510
27750
27382
27702
27414
27510
27414
27158
27126
27014
27062
26838
26918
27046
26966
26774
26950
27094
26678
26662
26774
26870
27030
27014
27126
26998
26982
27334
27638
27814
27862
27846
27942
28022
28054
28214
28310
28134
28102
28150
28166
27846
27734
27510
27494
27110
27110
26598
26694
26406
26038
25894
25558
25110
24902
24886
24854
24934
24934
25030
25414
25222
25334
25670
25910
26294
26598
27062
27206
27510
27526
27846
28182
28390
28486
28470
28518
28807
28454
28823
28630
28470
28823
28791
28727
28438
28502
28454
28502
28390
28134
28102
27910
27814
27654
27718
27174
27174
26854
26342
25958
25702
25190
24806
24405
23925
23381
23029
22325
22005
21941
21813
21285
20629
20324
19604
18804
18516
17972
17428
16932
16692
16275
15939
15699
15427
14755
14419
13539
13443
13011
12595
11970
11986
11714
11010
10722
9922
9618
8946
8690
8129
8017
7985
7617
7665
7153
6833
6961
6897
6737
6785
6833
6993
7585
7777
8770
9970
10722
11890
12611
13491
14435
14915
15571
16355
16964
17956
18420
19412
20116
20228
20805
21525
22021
22325
23029
23061
23541
23541
23621
23509
24165
24678
24678
25126
25350
25590
25350
25414
25478
25142
25238
25702
25798
25942
26150
26310
26198
26518
26374
26726
26694
26886
26886
27270
27190
27222
27254
27206
27478
27190
27478
27366
27430
27670
27414
27590
27798
27478
27766
27494
27382
27302
27590
27574
27654
27462
27830
27622
27782
27702
28038
27878
27974
28278
28326
28566
28390
28727
28695
28807
28855
28662
28598
28823
28502
28470
28358
27846
27286
26822
25766
25094
24197
23045
22053
20885
19604
18724
17492
16676
15491
14419
13587
13059
13203
13539
13347
13699
13491
13907
14643
15187
15811
16468
16916
17604
17636
17780
18564
18596
19124
19380
19908
19860
20244
20196
20068
20004
20020
19828
20148
20725
20228
20581
20901
20613
20420
20452
20725
20533
20549
20372
20420
20565
20260
19796
19716
19124
18676
18372
17940
17364
16820
16355
16307
15939
15123
14547
13811
13411
13123
12675
12146
11730
11250
10930
10498
9842
9666
9314
8738
8354
7825
7665
6913
6849
6865
6545
6769
6689
6353
6465
6497
6881
6705
6961
7009
7217
7457
8097
8177
8466
8658
8994
9106
9538
9666
10146
10434
10514
11074
11170
12018
12307
12274
12483
12787
13043
13075
13251
13619
13779
14131
14675
15235
15731
15939
15667
16211
16371
17284
17460
17524
17812
18244
18516
19012
19444
19924
20228
20420
20901
21189
21269
21317
21525
21397
21573
22197
22133
21877
22293
22453
22677
22485
22629
22805
23221
23317
23813
23701
23733
23957
24149
24181
24357
24694
24565
25174
25110
25494
25334
25686
25606
25814
26118
26230
26262
26502
26662
26742
26982
27094
26966
27158
27078
27030
27062
27158
27334
27574
27670
27686
27830
28006
27990
27910
28054
28182
28518
28422
28679
28711
28887
28695
28759
28614
28662
28486
28646
28518
28502
28134
28182
28198
28150
28118
28022
27542
28086
27270
27030
26550
26166
25878
25734
25046
25158
24549
24149
23717
23253
22757
22389
21621
21493
21093
20613
20164
19396
18628
17972
17092
16484
15651
14915
14563
13683
13059
12274
11570
11090
10338
9618
9298
8290
7985
7889
7249
7137
6977
7137
7249
7361
6801
7361
7921
8386
8674
9010
9010
8914
8674
8754
8226
8370
8546
8770
9090
9058
9970
9906
10002
10306
10130
10546
10130
9922
9538
9730
9634
9394
9458
9474
9298
9186
8594
8434
8466
7809
7985
8001
7889
7553
7249
7329
7649
7457
7841
7809
7761
7793
7841
8033
7873
8049
8226
7649
7857
7825
7841
7457
7425
8177
8242
8386
8706
8402
9106
9570
10674
11458
11730
12547
12835
12739
13491
13891
14851
15123
15875
16916
17748
18852
19588
20677
21413
22149
22629
23253
23637
23669
24245
24325
24822
24870
25334
25558
25958
26022
26838
27014
26918
27302
27670
27638
27846
27878
28198
28070
28054
28022
28374
28358
28342
28502
28390
28550
28390
28326
28566
28358
28406
28246
28294
28262
28454
28470
28518
28598
28214
28166
28150
28214
27702
27894
27542
26934
26470
25510
24806
23893
22997
22261
21525
20885
19412
18596
17812
16660
15427
15011
13827
13363
12291
11698
10754
10098
9298
8850
8626
8498
7889
7969
7617
7281
7025
7329
6865
6929
6929
6545
6513
6641
6577
6913
7009
6865
6865
6897
6785
6945
6433
6785
6865
6641
6561
6673
6945
6705
6897
7025
6497
6721
6561
6321
6321
6449
6673
6577
6721
6689
6561
6769
6561
7041
6897
6689
7121
7041
6993
7297
7105
7265
7473
7681
7793
7889
7937
8754
8866
9186
9858
9970
10610
11282
12114
12355
13107
13747
13955
14259
14963
16051
16548
17380
18660
19188
19940
21061
21749
22357
22901
23237
23893
24469
25030
25142
25462
25558
25830
25766
26006
25958
26150
26550
26774
27046
27158
27510
27846
27926
27910
28102
28198
28390
28438
28614
28679
28358
28438
28470
28566
28438
28422
28566
28566
28438
28374
28598
28550
28470
28358
28182
28262
28086
28198
28262
28246
28246
28326
28438
28374
28406
28150
28502
28230
28294
28454
28118
28166
28438
28406
28390
28198
28054
28198
28086
28182
28166
28214
28006
27910
28006
28150
28102
28198
28278
28310
28470
28470
28262
28390
28470
28438
28695
28662
28486
28662
28454
28390
28326
28278
28102
27862
27846
27766
27622
27494
27574
27702
27958
28118
28102
28342
28294
28214
28230
28534
28566
28534
28294
28278
28182
27622
26870
25462
22581
18020
15763
18772
22277
24662
26550
27606
28086
28230
28759
28582
28486
28246
27686
27622
27350
26694
26806
26006
25974
25302
25142
24710
23893
23333
22741
21941
21061
20693
19940
19428
18292
17796
17380
17076
17156
17748
17700
18084
17764
17316
16323
15875
15635
16019
16195
16708
17060
17316
17396
17684
18132
18452
18996
19316
19524
20020
20068
19812
19620
19556
19556
18868
18868
18676
18820
18660
18452
18468
18628
18404
17988
18260
17924
17860
18212
18180
17860
18036
17300
17572
17332
16772
16788
16243
16452
16756
17028
17060
17220
16980
17572
17940
18004
18244
18676
18692
18244
18020
17828
17092
16980
16163
16163
15539
14915
13987
13027
11938
10818
9970
9234
8818
8290
8017
7553
7265
7313
6673
6929
7009
6945
6497
6801
6417
6577
6545
6593
6609
6369
6113
6225
6417
6353
6577
6913
6865
6865
6769
7073
7361
6833
6849
6593
6769
6865
6385
6401
6513
6593
6721
6369
6417
6001
5953
6225
6209
5889
6369
5889
5985
6241
6209
6065
6769
6945
6769
6705
6641
6833
6369
6737
6449
6433
6609
6369
6497
6609
6609
6625
6465
6449
6929
6929
6913
6913
6913
6897
7137
6817
6929
7041
6961
6545
6865
6305
6705
6545
6449
6369
6065
6017
6049
5713
6145
6273
5889
5937
5873
5745
5473
5889
5905
5617
5889
6049
5937
5921
5665
6225
6401
6337
6193
6113
5953
6129
6177
5601
5777
5617
5745
6113
5969
5809
6305
5921
6353
5777
5585
6033
5969
5633
6001
5665
6049
5585
5713
6033
5681
6129
5649
5745
5649
5793
6081
5745
5937
6033
6097
5857
5953
6033
6081
6033
5937
5553
5985
5553
5601
5425
5921
5889
5617
5473
5793
6017
5681
5953
5969
6001
6129
6193
6225
6385
6561
6705
6641
6673
6833
6721
6865
7025
6929
6993
6641
6625
6881
6929
6897
7057
7281
6961
6673
6609
6865
6865
6865
7009
6801
6961
6897
6801
6481
6273
6609
6401
6593
6449
6753
6513
6433
6865
6449
6817
6737
6705
6609
6513
6353
6705
6241
6561
6609
6449
6689
7473
7137
7281
7265
7105
6929
6449
6129
6593
6593
6577
6449
6897
7457
7585
7313
6849
6833
6481
7361
8594
9378
9474
8690
7825
7105
6881
6929
7905
8049
8033
8049
7809
7505
7281
7137
6897
7409
7361
6993
7393
8097
8081
7937
7377
7425
7105
6721
6609
6881
7505
8370
8562
8482
8722
8930
8706
8786
9010
9042
9490
9874
10306
10530
10674
10690
10066
10290
10530
10962
11666
11634
11682
11106
10802
10610
10258
10338
10370
10818
11170
11378
11042
11234
10930
10482
10514
10066
10290
10386
10546
10242
10018
10018
9682
8994
8626
8242
8498
8338
8113
7985
7649
7329
7553
7105
7073
7201
6785
6881
6337
6849
6625
6529
6529
6113
6177
6337
6353
6769
6657
6449
6545
6753
6721
6513
6769
6721
6929
7377
7153
7505
7713
7441
7521
7681
7425
7825
7921
8226
8482
8466
8642
8450
8642
8546
9234
9490
9650
9858
9442
9122
9378
9218
9074
9138
8978
9346
9394
9314
9394
9266
9138
8658
8946
8722
8546
8434
8658
8482
8514
8354
8145
8145
7953
7969
7857
8129
7953
7649
7889
7937
7825
8017
7633
7793
7793
7713
8017
8177
8081
8338
8081
8354
8177
8514
8722
8514
8642
8658
8642
8290
8402
7825
8033
8145
8033
7825
7969
7841
7201
7393
7521
7425
6881
6721
7217
7169
7025
6849
7201
7265
7505
7361
7441
7249
7745
7697
7697
7681
8033
7985
8097
8001
8049
7889
7953
7521
8129
8129
8001
8450
8546
8866
8914
8786
9170
8946
9346
9026
9154
8786
9074
9058
8946
8866
8594
8962
8866
8610
9090
8866
9026
9138
8994
9250
8978
9282
9218
9090
9202
8882
9538
9186
9426
9474
9474
9586
9666
9346
9826
9602
9778
9778
9730
9666
9730
9714
9506
9426
9474
9490
9522
9746
9554
9714
9858
9714
9362
9234
9106
8930
8754
8274
8242
7681
7809
7697
7649
7841
7921
7905
7393
7681
7521
7553
7665
7585
7745
7441
7601
7089
7409
8001
7681
7617
7777
8274
8258
8370
8129
8786
8898
8786
8818
9250
9522
9474
9410
9954
9762
10274
10402
10578
10786
10834
10274
10498
10706
10802
10994
10706
10498
9714
7553
6513
5857
5265
4721
4433
4273
3888
3440
3264
3280
3136
2928
2944
2944
2576
2528
2304
2528
2560
2464
2176
2112
1824
2224
1824
1824
2320
1616
1712
2160
2064
1920
2048
2112
1792
1664
1696
1648
1520
1840
1840
1504
1872
1520
1728
1456
1872
