22053
22597
22949
22853
21349
20757
20084
20036
20485
21477
22485
22949
23093
23253
22789
22901
22757
22469
21893
21957
22005
22581
23285
23141
23461
23653
23237
23429
23461
23749
23765
23701
23589
23285
23125
23477
23349
23669
23957
23301
23317
22629
22261
21893
21717
21701
21397
21669
21957
22309
22645
22773
22853
22709
22533
22741
22517
22309
22677
22549
23109
22901
23077
23269
23397
22773
24325
23669
22357
20613
19316
18324
18020
17812
17796
17556
17588
17460
17124
17204
17348
18004
17764
18308
18196
18148
17860
16580
15075
14275
13619
13411
13075
12851
12146
12226
12371
12210
12627
12403
12355
12130
11922
12899
14419
15347
15939
16948
17892
18788
19764
20212
20629
20965
21013
21445
21685
21941
21925
22245
22421
22277
22117
22037
22149
22405
22453
22613
23605
23573
24117
24293
24117
24181
24662
24549
24565
24405
24453
24453
24565
24437
24469
24453
24646
24549
24742
24565
24662
24726
24517
24790
24742
24389
23717
22677
21349
20452
19652
18900
18772
18468
17748
17492
17412
16756
16484
16772
16211
16596
16211
16516
16468
16131
16083
15699
15443
15539
15299
14931
15059
14867
14451
14451
13875
13667
13651
13107
13347
12995
12707
12675
12579
12435
12210
11986
11714
11714
11202
11010
11218
10882
10754
10738
10658
10322
9810
9858
9522
9938
9410
9154
9202
9074
9058
9426
9394
8738
9154
8914
9074
8722
8802
8738
8738
8690
8754
9314
11218
12787
14227
14819
15491
16724
16932
17284
17988
18340
18548
18852
19700
20356
21077
21829
22645
23077
23461
23237
23653
23461
23573
23541
23205
23525
23429
23333
23141
23141
23349
23157
23061
22741
22517
22069
21141
18964
16852
14547
13427
12034
11794
11170
10722
10674
10450
10194
10098
10050
9954
10034
10114
10226
10258
10386
10514
10546
10210
10578
10290
10562
10722
10610
10834
11154
11474
11314
11826
12435
13299
14899
18036
20228
20837
20501
20020
18452
17108
16259
15475
14547
14291
13651
13603
13427
12979
12931
12403
12242
12274
12291
12226
12162
11794
11042
11154
10354
10034
9890
11186
14211
16900
18900
20148
21717
22357
22789
23493
23461
24069
23941
24389
24213
24886
24517
24726
24934
24966
24806
24854
24790
24710
24918
24245
23589
20533
17604
15347
13795
13251
12995
13523
14515
13731
13603
14147
14195
14003
14179
14275
14387
14595
14595
14851
15507
15683
16115
16644
17252
17956
18692
19252
20036
20420
20997
21765
21717
22117
22389
22613
23125
23301
23877
24165
22997
20372
17060
14659
15395
17316
19076
20485
21461
22101
22581
23077
23141
23285
24037
23717
24085
24181
24309
24149
24389
24229
24357
24630
24357
24309
24726
24726
24565
24806
24950
24838
25142
25046
25014
25126
25142
24501
23717
21509
18644
16500
14595
13539
12579
11442
11522
11090
10146
10338
11106
12979
16644
20116
19796
17668
14723
13091
12355
12002
12451
11842
11954
12643
12226
12451
12675
12915
13283
13939
14451
14995
15155
16147
16211
17300
17524
17412
17972
18628
18516
18996
19700
20276
20308
21621
22485
22757
19060
16083
15507
17988
20452
21941
23061
23573
23733
24181
24197
24069
24229
24437
24726
24886
24726
24533
24854
24774
24662
24838
24646
23589
22709
20436
16452
17396
20340
22325
22837
22965
22565
21493
20661
20052
19348
18532
18420
17732
17300
16676
16179
15459
15075
14515
13923
13539
13315
12291
11618
11074
11762
15795
19220
19956
18564
16468
14691
13043
12034
11746
12098
11778
12403
12819
12771
13315
12979
13539
13251
13747
14003
13843
14195
14275
14659
15427
16003
16788
17764
18740
19844
20933
21893
22517
23269
23573
22981
21653
18788
15827
14099
15971
19316
21429
22325
22837
22709
22725
22261
22421
21989
21509
21621
21477
21269
20997
20757
20533
20501
19764
19444
19156
18644
17908
17220
16948
16307
15571
15315
14499
13427
12595
11778
11074
10642
10274
10530
10002
10098
10738
10642
11250
11490
11842
12274
12210
12451
12739
13043
13107
13299
13235
13571
13683
13811
13459
13875
14035
13907
14403
14115
14131
14243
14371
14515
14435
14867
15011
14787
15507
16227
16708
17316
17796
18836
19492
19956
20452
21173
21749
22357
22933
23813
23525
23269
22949
22581
21829
21605
20981
20084
19556
18628
17684
16067
14899
14035
13411
12403
11666
11074
10722
10466
10450
9938
9522
9442
9666
9698
9730
9938
9698
10210
10466
10578
10530
11282
11490
12579
13443
14115
15171
15907
16660
18020
19508
21125
22117
21589
19316
16323
14067
12915
12114
11490
11538
11554
11746
11602
12018
12323
12066
12194
12467
12547
12883
13171
13219
13651
13587
13939
15011
14931
15715
15891
16628
16900
17268
17732
18308
18932
19140
19556
20148
20581
21141
21701
22197
22853
23173
23765
24117
24021
23653
23749
23093
21941
19684
16468
15683
18484
21557
22117
21717
20228
18836
17188
16179
15027
14099
13011
12274
11874
11458
11026
10770
10370
9970
10098
10130
9842
9586
9682
9730
9810
10978
12547
15011
17332
19748
21205
20917
20228
19348
18532
17924
17428
17460
17172
17092
16772
16371
16163
16163
15795
15779
15715
15523
15251
15171
14675
14131
13907
13491
12547
12483
11666
11250
11122
10514
10674
10162
10146
10002
9586
9522
9138
8994
9122
9346
9954
11058
13059
14771
17332
18980
20212
21333
22293
22821
23413
23029
22165
21029
19876
17764
16003
14195
13139
12307
12146
12739
13571
14483
15443
16580
17540
18708
20132
21237
22197
22837
23493
23621
23989
24453
24133
25286
24742
24261
23269
21573
18756
15811
14323
14819
16323
17972
19668
20997
21765
22117
22757
22901
23573
24021
24037
24229
24373
25158
24437
24758
25030
24630
24854
25030
24966
24950
24886
24726
24469
24005
24117
23557
23365
23157
22389
21237
20853
19988
18852
18548
18052
17972
17796
16996
16468
15603
13907
13843
13891
13475
12739
12258
11314
10786
10354
10338
9794
9874
9698
10226
11074
12291
14723
16852
19428
20725
21669
20597
17700
15299
16227
18820
21141
22437
22357
21733
21077
20308
19524
19220
18788
18340
17844
17300
16884
16980
16500
16051
15731
15907
15731
15571
15507
15475
15091
14707
14899
14563
14531
14323
13987
13619
13107
12963
12435
11922
11186
10722
10194
10210
9634
9410
9650
9506
9522
9874
10066
10258
10178
10802
10658
11042
11362
11826
12114
12755
12803
13251
13731
14819
15459
16436
16948
18244
18836
19428
20180
20837
21429
22405
22821
22805
22773
22325
21397
20597
19524
18548
17508
16355
14995
14643
12835
11746
11442
11074
10722
10482
10562
10258
10402
10658
10930
11074
11634
11954
12098
13139
13491
14403
16468
18932
20853
20725
17684
14883
14291
17332
20164
21589
20292
18052
15363
14483
16371
18884
20789
22117
22853
23237
23605
23285
23013
22405
22293
21781
21509
20869
20356
19108
18548
17140
16452
15587
14147
13507
12274
11410
11522
13603
17108
19892
17620
14995
15123
18100
20388
21637
20501
17172
14899
14099
14819
15651
16932
17716
19028
20004
20581
21541
22565
23157
23605
23861
24277
24405
23893
23845
23013
22133
21285
20709
19684
18324
17444
16484
15715
14483
14323
12883
12114
11426
11186
12371
14723
17204
19684
21477
22629
22309
21877
20949
19460
17236
14595
13379
14787
17460
20180
21797
22757
22501
21861
20997
20404
19876
19124
18468
18116
17492
16484
15427
14467
13763
12899
11986
11186
11026
10562
10770
10514
11762
13491
15603
17972
20196
21797
22277
22437
21589
19172
15907
14547
15747
18356
20885
22181
21573
18644
15667
14755
17332
20276
21717
21701
20485
18372
15907
14147
12883
12226
12931
13891
16035
18532
20773
21845
22517
22421
21077
19556
17220
15059
13427
13507
14899
17572
19988
21861
22709
23013
22613
21829
21125
20084
18548
16852
14227
12899
13603
14259
16548
18676
20693
22165
22725
22837
22405
21461
20324
18724
17124
14643
13459
16035
19892
20661
17396
15411
18372
20324
16564
17892
21093
19092
17572
19444
20725
18404
15427
14035
14803
16371
19348
20661
20501
20244
20068
21685
23141
23829
24005
24085
24261
24758
24694
24694
24646
24549
24662
23621
22981
21109
18708
16115
13923
13075
12178
12451
13987
16900
19796
21541
21349
19076
15731
14627
16996
20068
21845
20773
17812
15091
15347
18196
21109
22229
21141
18276
15267
17684
20709
20356
18324
16019
14595
13011
12066
11410
11426
10994
10978
11186
11170
11922
12082
12355
12851
13283
13635
14067
14019
14835
15203
15715
16644
17348
17764
18372
18980
19428
20276
20837
21493
22469
23285
23413
23493
23509
22789
20485
17716
15635
14099
14259
17268
20260
21077
18356
15939
19412
21125
19700
16035
14243
13331
12899
13379
14323
15475
16564
18212
19444
20805
21829
22709
23237
23701
23685
22997
22309
21493
20164
18020
15891
13923
13203
14387
16788
18356
20340
21749
22901
23381
23653
23733
23701
23493
23461
23413
22949
22837
22741
22709
22277
22341
21909
22245
21013
20933
20581
20244
19620
19668
19300
18692
18180
17060
16019
14787
13219
12387
11762
12787
14019
15763
17636
19460
20501
21621
22901
23413
23237
22485
20965
19524
17748
15859
14403
13219
11922
12034
12483
13139
14179
16307
18484
20677
21733
22821
22357
22645
22261
21397
20917
19844
18516
16724
15747
14147
12883
12226
11634
11298
10658
11218
11986
12979
15139
16596
18660
20180
21909
22021
22901
22437
20052
16452
15363
16836
19988
22165
22837
21845
19876
17252
14499
13267
14099
15491
17572
19204
20965
22277
22981
23717
23493
23621
23317
22821
22101
21349
20356
18644
17524
15699
14563
13283
12515
11650
10978
11234
10786
11218
11586
12002
11970
12755
13107
13443
14147
14963
16868
17748
18484
19284
19300
19956
20212
20356
20837
20372
21445
21461
22101
22229
22229
22389
22549
22901
22885
22805
23093
23189
23541
23573
23525
23605
24101
24069
24293
24389
24517
24838
24389
23877
22597
20404
17892
15331
14419
15379
18820
21589
22101
20468
17220
14963
14163
16964
20324
22053
21045
18468
16051
16452
19876
21797
22933
23845
24293
24453
24309
24149
24069
23765
24005
23509
23397
23013
22853
22485
22213
22037
21301
21221
20004
19556
18452
17380
15779
14435
13347
12435
11874
11506
12130
13267
15235
18100
20356
19956
16692
17860
20741
18196
16339
19476
20741
18228
15043
14915
17140
19364
21685
22661
23237
22933
21701
19556
17620
15331
13811
12851
12867
13315
15171
17076
19220
21205
22501
22949
21957
20901
18948
16676
14419
13171
13907
17204
19892
21701
20997
18404
15139
14339
15379
17524
19924
21525
22885
23429
23429
22453
21429
19412
17108
15331
13763
12611
12274
13139
15219
17252
19748
21445
22373
22293
20468
18004
15155
14547
17028
20485
20581
17716
15347
17220
20677
20821
17188
15171
16900
20148
21365
19796
16500
14675
15811
17892
20084
22037
22725
22693
21189
19172
16436
14659
13123
13107
13459
14995
16836
18644
20709
22293
23125
22853
21509
18756
15779
14291
14371
16612
19268
21317
22693
22405
21301
19620
16900
14531
13731
15715
18932
21317
20324
17316
15139
16996
20468
21877
21205
19220
16452
14259
13891
15571
18212
20308
22181
22917
22917
22405
21461
20068
18532
16740
15203
13603
12851
12146
11554
11154
11746
12066
12915
14195
15603
17124
18484
19924
20789
22005
22581
23189
23605
24101
24085
24517
24389
24389
24758
24662
24197
23733
22837
20757
18404
16115
14515
15203
17476
20276
22069
21365
17892
15363
16115
19156
21429
19588
16339
18788
21189
18932
15811
16500
19524
21669
20597
17076
16307
19908
20645
17076
16307
20020
21317
18612
15299
15347
17076
18948
20805
22053
23237
24069
24325
24517
24149
23717
23605
23029
22309
21813
20997
19860
18212
16131
14755
13027
12242
12066
11618
12258
12739
13859
14899
16916
18324
20292
21637
22581
23093
23925
24165
24293
24405
23845
23109
22373
21077
19860
18324
17076
15379
14131
12915
12274
11938
12002
12307
12899
13683
14755
16067
17492
18948
20725
21957
22901
23493
23109
23221
22581
21525
19604
17332
14883
14163
15059
17604
19652
21445
22837
23477
23253
22197
20004
17204
14963
14099
14739
16996
18724
20773
21989
23269
23221
22725
21109
19892
18756
17924
17204
16500
15987
15475
15251
14739
14739
14563
14499
14179
13907
13795
13667
13379
13139
13459
13331
13139
13587
13187
13123
13379
12803
13171
13203
12963
13027
13107
12739
12755
12691
12691
12835
12451
12435
12515
12034
12162
12323
12210
12066
11954
12226
11826
12274
12066
12034
11762
12098
11810
11730
11410
11778
11682
11394
11250
11250
11698
11394
12002
12018
12291
11890
11650
11938
11874
12178
11954
12226
12002
11890
12018
12146
11650
11426
11666
11682
11666
11138
11298
11634
11234
11122
11138
11234
11298
10962
11138
10770
11106
10642
10866
10898
10866
11138
10578
11090
10930
10562
10562
10738
10786
10546
10578
10322
10626
10466
10690
10098
10258
9874
10338
10290
10066
10418
10386
10002
10322
9906
10210
10418
10130
10450
10306
10066
10290
10226
10034
10322
9842
10018
9858
9778
10066
10274
10002
9858
10178
9810
10210
9794
9666
9858
9874
9858
9554
9778
9458
9234
9170
9202
9138
10066
11122
12787
14387
15651
16932
18612
19908
20901
21525
22437
22869
23253
23717
23957
23941
23893
24341
24357
24405
24614
24549
24501
24565
24437
24806
24678
24886
24742
25206
24934
25206
25126
24806
24341
23621
23413
23333
22565
21973
21029
19972
18980
18468
17412
16532
16179
18180
20340
21413
21861
21685
21605
21829
21877
21749
21765
21429
21109
21157
20965
20789
20629
20356
20436
20324
20485
20404
20581
20452
20420
19540
19508
18964
19268
19732
19908
19940
19988
20244
20276
20485
20853
20485
