21301
21461
21365
21509
21429
21285
21333
21333
21445
21269
21221
21061
21397
21093
20965
21349
21077
21173
21013
21157
21029
21349
21189
21349
21205
20981
21349
21173
21509
21205
20933
21061
20949
20901
20869
20789
21173
21045
20949
21333
21077
21333
21061
20837
20949
20549
20565
20260
20132
20132
19844
20052
20148
19732
19812
18916
19220
19124
18676
18612
18788
18164
18356
18308
17828
17700
17700
17508
17412
16436
18468
20036
20565
21445
21589
21941
21925
21973
22341
22197
21813
21925
21509
21861
21557
21205
21381
21333
21109
21429
21301
21301
20933
20501
20677
20180
19780
19028
18516
17428
16868
16884
16003
15587
15155
14643
14659
14531
14291
14083
13987
14131
13603
13539
13523
13667
13859
13795
13555
13907
13667
14083
14275
14355
14435
14515
14563
14419
14371
14435
14547
14627
14883
15555
15555
15811
15971
16243
16131
15923
15891
16243
16468
16852
16644
16884
17316
17588
17380
17764
18180
18100
18148
18244
18180
17732
17844
18068
18052
18276
18148
18404
18724
18980
18692
18964
19220
18948
19076
19236
18948
19188
18996
19188
19556
19300
19588
19476
19652
19956
19748
20196
20052
20436
20388
20356
20837
20805
20709
21125
20805
20965
21301
21221
21077
21397
21253
21333
21589
21637
21589
21749
21701
21637
21989
21797
21397
22053
21877
21765
21701
22245
22181
22181
22037
22277
22469
22357
22213
22597
22421
22357
22501
22181
22165
22501
22645
22597
22469
22581
22741
22901
22485
22853
22597
22549
22453
22773
22805
22741
22613
22485
22869
22869
22757
22741
22581
22901
22901
22821
22773
22549
22869
22805
22533
22629
22757
22757
22597
22325
22693
22485
22277
22485
22245
22373
22117
21717
21701
20933
20116
18628
16820
15811
15411
15251
15859
15171
15331
15363
15251
15155
15123
15091
14947
14995
14931
14947
14803
14707
14803
15187
15203
15283
15155
15267
15219
15363
15411
15683
15507
15715
15555
15651
15539
15747
15811
16051
15987
16163
16131
16404
16452
16740
17092
17156
17476
17892
18148
18100
18324
18628
18532
18740
18852
18708
19108
18964
19444
19172
19028
19316
19140
19476
19652
19732
19652
19892
19876
20004
20260
20436
20084
20388
20260
20052
20180
20100
20356
20260
20485
20468
20485
20821
20549
20837
20677
20661
21109
20997
21237
21237
20981
21333
21285
21349
21221
21237
21685
21429
21813
21845
21973
21973
21749
22101
21861
22037
22357
22325
22613
22453
22309
22677
22021
22725
22501
22501
22773
22757
22485
22773
22613
22485
22789
22757
22565
22517
22757
22629
22485
22917
22757
22821
22581
23013
22805
22757
22613
22997
22821
22645
22805
22901
22821
22773
22773
22757
22581
22517
22933
22789
22453
22853
22773
22549
22757
22757
22565
22501
22389
22837
22549
22453
22229
22581
22261
22165
21893
22277
22005
21797
21909
21653
21157
20949
20821
20741
20581
20228
19812
19460
19108
18980
18580
18580
18116
17828
17844
17620
17140
17060
16884
16404
16323
16355
16131
16227
15635
15635
15539
15523
15459
15427
15171
15219
15075
15283
15091
14915
14643
14707
14739
14723
14723
14707
14579
14515
14931
14307
14179
14259
14067
14035
13827
14259
14131
14259
14323
14275
14067
13891
13811
13955
13667
13811
13507
13507
13827
13763
13571
13571
13443
13891
13683
13539
13459
13347
13283
13251
13059
13011
13571
13827
13187
13059
13059
13379
13267
13187
13027
12787
13171
13203
13011
12915
12835
12803
13155
13155
12979
12963
12563
12627
13107
13011
12851
12691
13171
13091
13075
12771
12835
13027
12787
13027
13011
13395
12851
13011
13091
12835
12979
13123
12899
13603
13715
13987
14227
14323
13907
13795
14307
14035
13827
13827
14563
14387
15011
15203
15907
15779
15971
15715
15683
15699
15683
15987
16436
16692
16596
17140
17220
17572
17156
17476
17252
17092
17060
17332
17156
17684
18244
18420
18852
18676
19108
18692
19108
18788
19348
19092
19684
19508
20180
20004
20629
20485
20885
20661
21093
21077
20933
21157
21109
21237
21541
21605
21573
21877
21749
21733
21493
21765
21365
21477
21877
21797
22197
22229
22133
22469
22293
22053
22565
22357
22405
22453
22389
22213
22021
21973
21781
21125
20965
20404
20324
19604
19476
19300
19044
18756
18628
18452
17956
18548
17972
17668
17524
17988
17908
17988
17812
18164
17924
18036
18036
17844
17588
17188
17044
17220
17172
17604
16948
17300
17300
17428
16724
15731
15155
15011
14531
14083
13667
13651
13507
14003
13763
13763
13635
13715
13443
13507
13523
13395
13635
13763
13811
14163
14579
14851
14963
15171
15443
15955
16019
15987
16083
16227
16724
16404
16484
16195
16243
16868
16868
17524
17284
17972
18564
18852
19876
20212
20308
21317
21413
21989
21861
21749
21653
22293
22453
22085
22133
22501
22437
22197
22437
22085
22133
22373
21909
22165
21717
21621
21669
21621
21877
21621
21221
21445
20709
20709
20789
20549
20901
20805
21317
21301
21541
21397
22053
21237
20468
20084
19508
18900
18228
19668
20789
21797
21829
21941
21957
22197
21717
21205
19300
17892
16788
17460
18100
20196
21269
22053
21941
22309
22229
22309
21429
19684
18596
17908
17700
19028
19316
20404
20949
21605
21669
22293
21973
21669
21749
21429
21125
20436
20404
20757
20965
21749
21333
22117
22085
22421
22005
21941
21765
21829
22373
22261
22245
22453
22309
22469
22261
22021
22245
21989
21989
21797
22037
22341
22229
22101
22469
22485
22517
22309
22373
22629
22229
22261
21445
20965
20917
21269
21909
21845
22261
22245
22549
22469
22725
22741
22421
22709
22133
22037
21285
20933
20116
19908
20164
19796
20180
19860
20164
19892
19300
19252
19108
19252
18996
18964
19524
19188
18788
18036
17236
16756
16083
15299
15283
14787
14579
14403
14227
14131
14435
14259
14147
13955
13779
13699
13747
14003
14195
14531
14419
14387
14419
14307
14579
15027
15507
16211
16756
17268
17764
18116
18324
18612
18212
18884
19300
19300
19796
20164
19796
20276
20260
20693
20677
20965
20773
21253
20901
21093
20853
21109
21029
21557
21477
21861
21813
21893
21925
21653
21957
21877
21989
21973
22117
21973
21845
21861
21589
22069
21925
21973
22341
22389
22133
22277
22437
22309
22165
22501
22229
22229
22501
22501
22325
22165
22437
22357
22293
22405
22277
22421
22309
22517
22389
22245
22197
22597
22437
22549
22533
22485
22693
22389
22261
21973
21605
20901
20501
20036
19748
19796
20517
20645
20661
20004
20036
19236
18724
18308
17396
16564
16404
16468
16884
17492
17812
18212
18452
18388
17812
16916
16404
16003
15843
15939
16291
16724
17108
17028
17188
17108
16804
16548
15987
15683
15811
15651
15667
15603
15779
15651
15235
14627
14451
15603
17028
17524
18244
18788
19012
18740
18996
19316
19492
19316
19540
19284
19252
19508
19108
19380
19860
19764
20100
20436
20388
20340
20581
20180
20501
20404
20645
20821
21397
21429
21909
21813
22133
21877
22021
21957
22165
22341
22245
22645
22453
22485
22789
22613
22709
22421
22469
22613
22933
22741
22869
23029
23205
22869
22565
22997
22949
22581
23061
22693
22709
22997
22757
22629
22645
22549
22917
23093
23077
22869
22917
22725
22821
22517
22325
22677
22613
23061
22853
22693
22965
22837
22549
22789
22629
22613
22645
22197
22245
21701
21589
20757
20869
20308
20020
19764
19028
18996
18852
18724
18532
18084
18100
18164
18212
18484
18308
18052
17972
17940
17780
17668
17092
16980
16884
16724
16612
16452
16195
15779
15603
15283
14979
15059
14947
14675
14643
14211
14467
14451
14323
14387
14371
14259
14579
14579
14515
14403
14163
14579
14403
14163
14323
14355
14035
14227
14371
14147
14051
14051
14067
13827
14051
13811
13491
13779
13555
13235
13651
13379
13075
13395
13347
13043
12915
13347
13155
12995
13571
13427
13475
13539
13491
13027
13123
13027
12979
13075
13219
13395
13203
13731
13683
13763
13939
13571
13155
13619
13331
13139
13571
13331
13267
13363
13843
13667
13619
14019
13795
13747
13651
13523
13891
13811
13891
13747
14275
14291
14515
14227
14755
14595
14531
14371
14595
14467
14851
14691
14755
14867
15203
15107
15075
14979
14803
15251
14915
14963
14803
14899
15267
15395
15459
15619
15731
15763
16259
16355
16436
16404
16436
16227
16243
16484
16243
16788
16980
16980
17268
16932
16996
17332
16852
16996
17028
17140
17028
17236
17316
17556
17428
17924
18004
17908
17428
17748
17588
17588
17316
17412
17524
17844
17956
18212
18196
18292
18212
18212
18148
18196
18196
17860
18324
18084
18548
18372
18212
18708
18756
18628
18372
18708
18628
18820
18836
18548
18388
18340
18740
18996
19060
18788
19092
19124
18804
19044
19140
18772
19396
19044
19300
19396
19252
19508
19540
19252
19556
19828
19492
19684
19748
20052
19748
19892
19860
20068
20340
19972
20116
20485
20292
20485
20661
20420
20677
20853
20965
20581
20869
21301
20741
20933
20949
20741
20981
20837
20981
21141
21013
21189
21349
20997
21333
21509
21189
21477
21525
21429
21621
21541
21669
21445
21701
21893
21701
22133
21909
21765
21957
21813
22165
21941
22197
21909
22117
22245
22133
21909
22181
22245
22293
22421
22293
22213
22389
22277
22613
22421
22757
22421
22629
22581
22677
22629
22693
22725
22853
22853
22997
22965
22805
22901
23013
23045
23029
22949
22885
23029
23061
23077
22997
22965
22869
22789
22981
23109
23029
22981
22853
22789
23157
23045
22837
22789
23205
22853
23253
23093
22981
22789
23189
22917
23061
23013
22933
23221
23061
22821
23045
22869
22741
22869
22581
22453
22789
22725
22661
22549
22853
22629
22485
22373
21973
21685
21749
21157
20949
20821
20933
20068
19764
19508
19204
19108
18532
18564
18308
18628
18500
18852
18692
18900
19300
19092
19172
18900
19284
18676
18628
18420
18100
18324
18340
17396
16628
15603
15155
14675
14387
14019
13923
13827
13763
13763
13843
13811
13603
13219
13043
13043
13011
13283
13315
12979
13091
13347
13203
13475
13699
13011
13187
13331
13843
14499
14659
14323
13971
13811
14243
14435
14499
14835
15267
15859
16323
15795
15619
15235
15027
14819
15523
16019
16596
17460
18292
18724
19508
19412
19204
18724
18596
18100
18020
18244
18404
18964
19684
19796
19780
20308
20404
19956
20404
19860
20292
19716
19892
19428
20148
20132
20212
20420
20068
20565
20452
20100
19716
19620
19684
20004
19716
19396
19924
20004
20068
19780
19540
18980
18612
17780
17764
17172
17492
17844
18340
18180
18324
18276
18260
17668
17588
17588
17348
16996
17140
17332
17668
17508
17876
18212
18244
17716
17652
17508
16868
16964
16964
16452
16868
16964
17012
17236
17412
17428
17156
17364
16900
16868
16227
16227
16179
16548
16804
17300
17140
17364
17140
16404
16500
16516
16516
16355
16484
16868
16708
17092
17204
16820
16708
16756
16259
16452
16339
16420
16339
16339
16452
16564
16660
16371
16532
16436
16484
16275
15939
15923
15843
16131
16211
15907
16243
16532
16628
16099
16067
16227
16147
16067
15955
15603
15875
16179
16211
15859
15827
15923
15987
16035
15619
15843
15619
15955
15987
16115
16243
15987
16179
16243
15907
16147
16355
16484
15987
15987
15923
15843
15715
16067
16275
16580
16788
16468
16580
16404
16468
16371
15859
15955
16019
16275
16339
16548
16548
16532
15907
15779
15683
15587
15667
15811
15987
15859
15939
15779
16067
15683
15843
15571
15315
15475
14963
15379
15267
15347
15491
15635
15763
15811
15971
15779
15715
15539
15571
15539
15539
15715
15811
16051
15971
15651
