9794
9538
9570
9858
9682
9762
9490
9874
9890
9874
9602
9762
9522
9778
9586
9730
9490
9474
9714
10258
9234
9794
9730
9554
9282
9522
9698
9234
9746
9810
9730
9314
9810
9458
9298
9410
9682
9362
9618
9714
9714
8690
9522
9602
9346
9506
8946
9490
9506
9154
9202
9442
9410
9010
9186
9090
9250
9106
9138
9266
9058
9442
9426
9074
9490
9170
9458
9186
9474
9682
10226
9394
9218
9538
9234
9314
9682
9314
9442
9058
9634
9634
9730
9730
9266
9730
9618
9682
9426
9746
9506
9762
9650
9426
9714
9650
9650
9778
9490
9586
9554
9762
9426
9618
9538
9506
9778
9586
9250
9490
9714
9970
9666
9858
9714
9810
9778
9874
9586
10066
9426
9874
9394
9666
9970
9394
9634
9826
9730
9810
9506
10002
9490
9682
9890
9346
9746
9858
9778
9858
9506
10466
9874
9938
9330
9618
9810
9378
9714
9506
9714
9778
9506
9714
9266
9554
9442
9874
9778
9490
9714
9202
9538
9810
9362
9298
9586
9650
9330
9602
9954
9442
9858
9394
9506
9682
9186
9538
9778
9538
9762
9506
9746
9874
9906
9826
9778
9874
9954
9458
10002
9698
9282
9522
9858
9506
9650
9394
9634
9970
9474
8978
9618
9346
10050
9442
9282
9570
9810
9522
9794
9570
10226
9426
9570
10610
9506
10066
9490
9794
9746
9810
9794
9570
10018
9538
9890
9970
10002
9890
10786
9810
9810
10386
10450
10178
10322
10178
10322
10162
10290
9858
10466
10546
9842
10178
10658
10178
10498
10690
10578
10738
10338
10594
10818
10482
10866
10482
10754
10962
10946
10738
10626
10818
11218
11010
10866
11186
11250
11346
11346
11138
11362
11458
10946
11394
11602
11282
11698
11666
11282
11794
11794
11378
11746
11874
11506
11778
11602
11762
11634
11794
11906
11810
11874
11746
11938
11810
11762
12114
11714
12050
12419
11810
11586
12291
12082
12274
11938
12194
11874
12178
12226
11842
12226
12210
12178
12435
12050
12739
12531
12242
12146
12194
12371
11986
12210
12387
12082
12387
12643
12451
12931
12226
12291
12162
12531
12387
12723
12931
12771
12899
12563
12883
13075
12979
13043
12995
13187
13571
13427
13539
13299
13795
13987
13795
14339
14227
14403
14163
14771
14579
14947
14659
15251
15139
15299
15475
15235
15811
15635
15955
15731
15907
16051
16163
16339
16868
16868
16916
16612
17508
17156
17028
17108
17828
17764
17620
17908
17588
18260
18068
18484
18452
18484
18436
18804
18804
18932
18948
19300
18996
19396
19204
19476
19732
19716
19636
19748
19892
20020
19636
20036
20276
20068
20533
20308
20549
20661
20485
20901
20965
20853
20709
21109
20837
21189
21077
21381
21141
21525
21717
21541
21573
21749
21621
22021
21797
22773
22117
22101
22117
22181
22197
22133
22645
22389
22933
22357
22677
22549
22725
22741
23381
22821
22517
22965
23525
22933
22837
22725
23141
22949
22933
23701
23397
22981
23381
23221
23029
23157
23237
23477
23205
23269
23381
23589
23557
23445
23717
23621
23749
23893
23845
24133
23877
23717
23845
24101
24181
23717
24037
23813
23717
24101
24069
24181
23925
24245
24854
23765
24181
24053
24309
24101
24309
24213
24053
23989
24245
23605
24149
24101
24229
23989
24517
24533
24309
24357
23861
24213
24037
24229
24197
24181
24325
23925
24229
24037
24341
24133
24389
24149
24421
24069
23973
24469
24325
24149
24293
24421
23653
24469
24101
24309
24117
24405
24149
23589
24389
23925
24181
24021
24341
24101
24309
24101
24421
24309
24117
24197
24021
24373
24197
24101
24245
24053
24229
24037
24261
23909
24325
24021
24309
24037
24293
23989
24261
23893
24005
24197
24149
24277
23925
24213
24037
23893
24133
24101
23957
24373
23989
24213
24101
24293
24005
24165
24117
24261
24037
24021
24053
24245
24357
23781
24325
24229
24293
24133
24213
24085
23733
24037
23973
24117
23957
24181
23813
23973
24213
23653
24133
24133
24133
23813
24549
23525
24021
23989
23717
24101
23925
24069
23893
23925
23989
23845
24069
23605
24101
24005
24085
23925
23765
23781
24053
23925
23429
24373
23925
23829
23893
23861
24005
23845
23861
23829
23941
23541
23973
23573
23653
23669
24053
23637
24149
23573
23813
23925
23957
23669
23925
23605
23269
23717
24549
23637
23621
23925
23637
23525
23989
23605
24373
23701
23381
23925
23573
23845
23637
23653
23413
23877
23509
23461
23621
23493
23317
23669
23669
23765
23621
23509
23557
23573
23605
23461
23717
23269
23797
23589
22949
23813
24005
23733
23685
23669
23525
23845
23557
23797
23653
23861
23909
23893
23701
23877
23765
23653
23861
23637
23845
23621
23573
23765
23669
23669
24517
23605
23909
23781
23829
23573
23573
23637
24293
23653
23765
23829
23605
23781
23541
23797
23541
23717
23445
23941
23413
23653
23605
23333
23445
23669
23573
23285
23253
23637
23717
23029
23365
23509
23525
23509
23557
23333
23605
23253
23525
23717
24133
23301
23557
23493
22469
24117
23077
23413
23205
23445
23269
23477
23157
23205
23141
23333
23077
23141
23269
23093
23349
23029
23317
23109
23061
23013
22965
23557
23061
22821
22949
23333
23061
22949
22997
22693
22933
22757
22677
22869
22613
22565
22613
22981
22677
22837
22853
22933
22741
22517
23125
22437
22917
22709
22885
22901
23029
22709
22709
22629
22677
22725
22645
22805
22757
22949
22645
22869
22709
22853
22693
22741
22645
22885
22517
22757
22597
22597
22453
22517
22485
21829
22277
22453
22773
22645
22453
22725
22437
22453
22453
22981
22469
22437
22373
22565
22325
22501
22213
22597
22389
22309
22165
22357
22661
22341
22197
22389
22037
22309
22085
22293
22069
22629
22565
22101
22197
22405
22213
22309
22085
22037
22325
22277
22005
22341
22133
22293
21909
22437
22245
22341
22725
22197
22501
22117
22501
22341
22789
22309
22293
22421
22149
22501
22549
22645
22421
22629
22549
22341
22565
22261
22965
22565
22597
22597
22069
22485
22373
22789
22629
22773
22517
22341
23029
22469
22597
22837
22837
22773
22741
22885
22869
22853
22453
22885
22085
22821
23109
22853
23061
22837
22661
22741
22693
23141
22709
22709
22981
22869
23029
22789
22693
22821
22501
22885
22613
22981
22901
22821
23077
22389
22853
22901
22773
22885
23237
22757
23013
22741
22869
22693
22997
22517
22293
22645
23701
22773
22789
22869
23045
22725
23061
22773
22949
22629
22981
22821
22837
22837
22997
22757
22981
22021
22981
22837
22613
22837
22645
22853
22501
22997
22549
22805
22469
22517
22581
22101
22597
22661
22645
22389
22501
22885
22469
22437
22037
22437
22549
22997
23077
22501
22645
22501
22629
22389
22469
22389
22629
22277
23285
22693
22357
22357
22149
22517
22165
22309
22133
22725
21893
22325
22341
22357
22565
22405
22421
22277
22469
22629
22213
22949
22469
22245
23333
22085
22309
22309
22357
22229
22261
22485
22261
22693
22261
22613
22373
22645
22469
22581
22485
22245
22645
22357
22613
22597
22389
22645
22501
22517
22117
22693
22341
22549
22293
23285
22325
22629
22181
22357
22309
22437
21813
22373
22181
21925
22165
22421
22181
22133
22261
21957
22309
21989
22229
22069
22053
22181
21909
22101
22165
21893
22261
21925
22725
22053
21813
21925
21957
21893
21749
21573
21621
21877
21621
21781
21493
21797
21557
21621
21493
21733
21365
21637
21749
21285
21477
21333
21589
21125
21477
21349
21413
21269
21349
21125
21445
21125
21349
21109
21413
21141
21157
21173
21397
21045
20901
20981
20869
20949
20901
20789
21093
20757
20709
21189
20757
20853
20565
20917
20853
20837
20485
20821
20581
20741
20517
20741
20501
20661
20180
20741
20645
20565
20420
20340
20501
20693
20436
20244
20452
20661
20565
20260
20533
20693
20517
19684
20420
20276
20452
20116
20533
20196
20164
19988
20260
20196
20308
20212
20212
20004
20148
20517
20020
21029
20036
19764
20052
19972
20100
19812
20068
19940
20020
19828
19764
19876
19284
19556
19652
19764
19860
19748
19892
19620
19860
19636
20116
19956
19748
19684
19652
19588
19940
19652
19924
19060
20020
19652
19908
19556
19828
19604
19844
19876
19844
19716
19956
19668
19780
19572
19908
20068
19892
19716
19956
19652
19924
19764
19972
20036
19956
20020
19636
19892
19364
20084
19748
19988
19684
20036
20036
20052
19892
19908
20004
20100
19972
20212
19972
20068
19812
20260
20180
20228
19972
19892
20180
20148
19940
19780
19540
19956
20180
19812
19764
19700
19956
19972
19668
19860
19604
19940
19652
19860
19844
19924
19620
20068
19764
19476
19684
19444
19620
19748
19780
19716
19492
19588
19428
19588
19492
20068
19028
19604
19668
19268
19188
19556
19172
19412
19540
19236
19604
19892
19412
19220
19348
19124
19204
19380
19060
19812
19300
19412
19844
20004
19828
19764
19796
18916
19108
18356
18324
18148
18340
17620
17796
17924
17300
17316
16788
16644
16099
15859
15827
15715
15651
15507
15171
15139
14643
14355
14371
14659
14259
14259
13891
13859
13955
13443
13747
13731
14067
14067
14131
14147
13955
14275
14099
14451
14467
13987
14083
14547
15075
14851
14659
14787
15155
14835
15219
14947
14899
15267
15987
15667
15203
15763
15859
16083
15907
16227
16291
16243
15955
16307
15859
16420
16003
16067
16676
16468
16371
16628
16676
16211
16788
16484
16468
16195
16596
16596
16708
16580
16676
16772
17092
16179
16468
16756
16355
16275
16628
16804
16628
16724
16644
16708
16580
16692
16195
16660
16532
16852
16323
16468
16371
16772
16644
16660
16436
16820
16468
16179
16484
16548
16596
16259
15763
16500
16339
16756
16099
16227
16532
16291
16371
16275
16452
16291
16468
16179
16612
16163
16564
16548
16564
16019
16596
16179
16612
16051
16532
16580
16323
16788
16420
16452
16259
16452
16067
16371
16868
16468
15971
16227
16676
16339
16355
16147
16275
16307
16339
16147
16323
15875
15987
16051
16307
15955
16019
16195
15907
16147
16099
16211
15987
16131
15731
15731
15859
15907
15955
15715
15715
15955
16051
15763
15619
15843
15331
15907
15603
15907
15859
15603
15539
15779
15603
15427
15459
15347
15091
15523
15763
15587
16163
16051
16371
17060
17156
16980
17460
17812
17668
18116
17940
18340
17604
18500
18532
18692
18948
19092
19252
19588
19668
20308
19956
20340
20292
20276
20581
20869
20661
20981
20997
21045
21397
21381
21509
21893
21877
22005
22501
22133
22261
23349
23157
22709
23525
22789
22437
23061
23173
23029
23269
23061
23621
23189
23365
23077
23477
23285
23413
23205
23125
22165
22325
21877
21877
21717
21941
21477
22405
21541
21573
20597
20901
20485
20757
20180
20837
20629
20933
20340
20308
20549
20116
20372
20212
19780
20340
19460
19524
19700
19636
19204
20036
19444
19012
19604
18980
19092
18852
18964
18740
18644
18724
18500
18708
18148
18596
18468
18660
18260
18276
18132
18452
17684
18068
18580
18164
17988
17524
18180
17300
17636
18196
17988
17364
17988
17332
17204
18116
17444
17556
17780
17636
17508
18020
17540
17476
18340
17988
17684
18116
17876
17476
18244
17796
17668
18164
18388
17572
18180
18340
18164
17908
18612
17956
17764
18452
18436
17828
18532
18468
18100
18452
18244
18116
18276
18644
18084
18596
18500
17764
18436
18468
18260
18036
18468
18708
18084
17924
18148
17924
18132
18180
18292
18404
18452
18196
18084
18228
18228
18116
18452
18164
18452
18244
18148
18084
18452
18100
18036
18500
17940
18356
18372
17716
17972
18020
18116
18084
18116
18100
17860
18148
17892
17748
18628
18020
17588
18868
17876
17780
18004
17748
18052
17732
17956
17476
17844
17908
17636
17860
17748
17828
17332
17812
17940
17684
18004
17908
17924
17508
17588
17988
17572
18228
17300
17812
17540
17268
17332
18404
17508
17412
17668
17588
17268
17604
17268
17316
17956
17396
17204
17460
17924
17284
17620
17284
17332
17092
17524
16932
17732
17012
17492
16980
17604
17140
17380
17268
16948
17588
17316
17204
17300
16740
17092
16996
17844
16868
17012
17204
16980
17028
17188
16980
16836
17364
16756
17428
16788
16948
17364
16660
16996
16948
16804
16868
17044
16660
17316
16804
17076
17044
16836
16708
16948
16932
16852
16548
16708
15875
16724
17476
17364
16884
16388
16756
16339
16692
16692
16804
16371
16948
17140
16339
16660
16420
16644
16323
16628
16628
16195
16275
16195
16692
16179
16596
16468
16371
16291
16468
16211
16291
15987
16179
16436
16179
16404
16099
16243
16307
16275
16019
16067
16099
16115
15875
16003
16307
15987
16323
15811
15955
15923
15763
15987
16820
15843
15731
16131
15139
15827
15699
15843
16051
15731
16067
15571
15875
15715
16115
15907
16115
16067
15779
15779
15763
16051
15715
15795
15955
16211
16243
16708
16948
17028
17236
16612
17028
16852
16852
16868
17188
17732
17364
17716
17428
17828
17316
17844
17860
18164
18564
18516
18484
19140
19380
19364
19108
19620
19540
19684
19572
20228
20180
20004
20661
21077
20308
21253
21397
21765
21621
21685
21829
22213
21989
22341
22485
22341
22309
22101
22197
22165
22341
22101
22117
21941
21941
21813
21765
21397
21477
21909
21333
21125
21205
21077
21045
20853
20789
20549
20468
20276
20180
19956
19972
19764
19908
19444
19476
19428
19636
19012
19348
18932
18644
18756
18516
18612
18708
18452
18500
18148
18356
17956
18164
17956
17892
17892
17780
17860
17668
17716
17284
17156
17284
17508
16916
17028
16756
17060
16740
17108
16644
16868
16932
16740
16756
16468
16740
16275
16580
16548
16564
16339
16388
16179
15971
16163
15523
16083
15795
15987
15667
15811
15811
15923
15635
15635
15859
15427
15795
15731
15635
15587
15475
15571
15443
15603
15091
15523
15699
15475
15283
15683
15523
15443
15619
15811
15635
15859
14979
15603
15251
15859
15091
15587
15507
15347
15635
15395
15555
15763
15587
16484
15699
15587
15651
15251
15491
15843
15347
15475
15315
15507
15299
15411
15651
14883
15155
15363
15315
15507
15283
15651
15299
15363
15187
15427
15251
15379
15427
15059
15555
15379
15011
15347
14947
15219
14867
15075
15091
14803
14659
14275
14915
14675
14723
14131
14483
14499
14083
14259
13811
13603
13715
13251
13379
13427
12979
13075
12787
12723
12371
12579
12403
12515
11826
12291
12066
12483
11778
11682
12082
11570
12018
11426
11794
12387
11602
11858
11474
11602
11922
12178
11890
11618
11874
11874
12258
11762
12242
12627
12178
12579
12547
12803
13075
13155
13027
13619
13923
13523
14131
14051
14435
14243
14851
14867
15331
15555
15443
15523
15971
15827
16371
16323
16500
16868
16836
17300
17076
17652
17908
17620
17988
18420
18212
18276
18740
18420
18788
19220
19012
19364
19572
19524
19476
19892
20517
20068
19988
20404
20100
20533
20645
20468
20789
20533
21269
20757
21141
21141
21269
21061
21333
20677
21557
21221
21637
21541
21813
21701
21941
21941
21829
21925
22613
22149
22101
22293
21925
22549
22357
22549
22789
22693
22453
22469
23013
22853
23205
22965
23541
23157
23381
23157
23285
23285
23509
23349
23621
23349
23685
23605
23445
23349
23509
23205
23477
24005
23285
23125
22901
22933
23029
22613
22581
22405
21925
21989
21845
21605
21461
21333
20949
20949
20436
20388
19780
20212
19636
19140
19252
19076
18708
19108
17956
17716
17396
17540
17028
17220
16580
16371
16035
15779
15859
15683
15139
15443
14883
14803
14179
14675
14131
14099
14451
14051
13971
14579
14259
13827
13923
14035
14323
14499
14291
14323
14451
14323
14515
14563
14803
14739
14707
14995
14755
15187
14979
15379
15283
15571
15795
15731
15779
15827
16067
15939
16339
16580
16452
16404
16612
16564
16852
16980
17076
16884
17444
17044
17300
17476
17684
17524
17908
18276
17588
17924
18180
18020
17364
18356
18084
18228
18484
19076
18484
18740
18596
18932
18788
18916
19012
18788
18916
19012
19124
18996
19316
19236
19556
20132
19588
19524
20004
19860
20068
19924
20324
20372
20420
20324
20677
21013
20837
21061
21365
21461
21829
21749
21653
22245
22037
22357
22261
22533
22421
22725
22757
22821
23093
22933
23109
23237
23157
23125
23397
23349
23605
23493
23717
23637
23541
23765
23573
23845
23749
24021
23829
24021
23845
24005
23669
24293
24181
24117
24357
24053
24405
24149
24069
24373
24261
24565
24117
24469
24357
24549
24325
24678
24806
24694
24485
25414
24405
24133
24790
24389
24630
24694
24726
24485
24694
24485
24501
24614
24325
24117
24005
23925
24181
23685
23781
23333
22853
22837
22373
22197
22005
21653
21701
21493
20853
20773
20805
20260
20613
19620
19636
19316
19236
18644
18836
18948
18084
18644
18132
17252
17220
16996
16948
16884
16500
15923
16003
15923
15587
15491
15155
15187
14547
14499
14931
14259
14259
14419
14531
14003
14083
14099
14451
14643
14355
14803
14659
15331
15219
15731
15907
15843
15779
16436
16980
16900
17300
17508
18036
18068
18612
18548
19172
19124
19652
19860
19988
20629
20789
20757
20517
21589
21877
22069
21909
21557
22229
22709
22405
22869
22773
23349
23125
23109
23221
23381
23637
23349
23653
23685
23605
23909
23653
23765
23509
23893
23381
23589
23349
23333
23061
23157
22485
22917
22533
22133
22245
21669
21797
21269
21589
20821
20741
20468
19572
19524
19652
19220
18644
18724
18036
17956
18516
17620
16948
17108
16468
16500
15971
15971
15571
15523
15299
15347
14963
14915
14947
15107
14819
14899
14739
14963
14867
15187
15475
14691
15651
15731
15811
16019
16468
16708
17236
16996
17396
17604
17876
18292
18276
18740
18980
19108
19268
19780
19188
20340
20420
20388
20869
21269
21189
21749
21797
21685
22149
21989
22661
22389
22869
22693
23157
23109
23413
23397
23301
23653
23573
23829
23669
23989
24309
24165
24021
23893
24197
23989
24437
24197
24437
24357
24101
24053
24293
24485
24325
24437
24325
24133
24245
24453
24293
24678
24405
24614
24181
24421
24117
24405
23957
24021
23909
23701
23589
23653
23317
23477
22965
23013
22933
22389
22565
22165
21781
21573
21621
21429
21125
20805
20292
19972
19716
19268
19236
18756
18580
17988
17460
17476
17444
16964
16548
16307
16195
16115
15827
15795
15507
15059
15283
15251
14883
14691
15123
14787
14803
15123
15075
14755
15011
15251
14931
15491
15235
15603
15571
15779
15811
16291
15907
16275
16804
16708
17108
17124
17380
17604
17716
17636
18100
17972
18484
18420
19284
18724
19060
18964
20084
19588
19748
19620
19908
20180
20036
20501
20356
20725
20677
20565
20917
20725
21077
20949
21285
20629
21781
21333
21509
21541
21653
21669
21925
22421
22581
21781
22405
22565
22341
21973
22357
22677
22693
22565
22517
22869
22597
22853
22773
22725
22837
22853
23125
22821
22965
23125
22933
23125
23045
23301
23173
23365
23109
23477
23269
23381
23381
23765
23573
23765
23685
23733
24101
23653
24021
24149
24469
23637
24517
24341
24662
24405
24261
24293
23989
23941
23573
23349
23061
22389
21829
21893
21221
20741
20629
19956
19892
20100
19460
19316
18916
18708
18308
17924
17540
17524
17300
16660
16596
16548
15987
15859
15635
15395
15571
15091
15059
14947
14931
14451
14707
14771
14291
14179
14435
13731
14003
14387
14003
14259
13891
14131
14883
14051
14467
14035
14563
14323
14691
14451
14787
15059
14867
15251
14899
15171
14947
15331
15171
15363
15715
15587
16307
15619
15651
15731
16131
16083
16291
16067
16420
16275
16163
16371
16163
16580
16852
16468
16804
16868
16820
16916
16836
17348
17268
17332
17060
17716
17236
17524
17508
17604
17620
17476
17700
17476
17508
17012
18132
17812
17556
18036
17636
17716
17812
18004
17716
18036
17556
17764
18068
17716
17940
18292
17956
18132
17748
18100
17860
18100
17828
17556
18020
18132
17860
18084
17940
18148
18260
18132
17924
18132
17940
17892
17924
18228
18004
18116
18052
17972
18340
18372
18148
18180
18484
17956
18644
18644
19156
19060
19364
19892
19252
19972
19636
19988
20116
20565
20597
21077
21029
21029
21301
21397
21605
21621
22229
22101
22517
22453
22757
22757
22725
23797
23189
23141
23189
23509
22917
23157
22533
22549
22117
22133
21797
21909
21109
21189
20869
20468
20372
19780
19748
19444
19012
18548
18260
18180
17572
17572
17204
16820
16516
16500
15923
15667
15619
15763
15075
15171
14803
14675
14659
14531
14227
14915
14259
14163
13763
14115
14099
14227
13795
14019
13731
13859
14259
13683
14179
14243
14035
13715
14291
13811
14019
14083
14067
13795
14179
14275
13779
14291
13907
13923
14083
13923
14371
14371
14019
14339
14115
14179
14195
14307
14515
14323
14899
14323
14643
14291
14755
14243
14835
14499
14803
14483
14979
15315
15059
15587
15923
15843
16596
16227
16628
16548
16916
17012
17524
17588
17572
18836
18084
18628
18724
19268
19332
19732
19972
19940
20549
20388
20949
21285
21029
21637
21829
21909
21813
21749
21941
21653
21589
21573
21861
21653
21605
21349
21077
20837
20549
20661
20356
20228
19748
18996
18804
18996
18132
17700
17540
17236
16980
16484
16404
15827
15875
15523
15763
15235
15411
15363
15603
15395
15315
15603
15443
15731
16003
16275
16371
17300
16724
17316
17460
18068
18180
18820
18804
19236
19316
19940
19908
20452
20468
20821
21189
21141
22437
21701
22133
22053
22117
22869
22325
22789
22933
23093
22965
23253
23141
23173
23493
23397
23637
23589
23637
24037
23749
24213
23957
23893
24005
24133
24341
24037
24421
24309
24630
24421
24405
24437
24373
25014
24934
24389
24758
24261
24870
24662
25622
24774
25094
24774
24998
24934
24758
25046
24870
24758
25142
24870
25110
25654
25158
24934
24982
24902
24149
24678
24357
24806
24950
24373
23989
24806
23605
23397
23429
22965
23285
23029
22789
23013
22597
22677
22101
21813
21861
21509
21461
21221
21461
21109
21253
20757
20885
20276
20228
19892
19636
19188
18740
18900
18932
18548
18612
17940
18020
17620
17508
17156
17012
16980
16532
16708
17156
16035
15955
15683
15811
15331
15379
15027
15187
15091
15027
14531
14563
14691
14515
13923
14227
13411
14195
13571
13667
13779
13635
13155
13043
13203
13475
13235
13043
13075
12851
12755
12419
12803
12307
13379
12114
13235
12307
12258
12899
12451
12210
11874
12307
12387
12178
11618
12098
12066
12162
11570
11826
12194
11826
12098
11922
12178
11714
11906
11762
12034
11810
12066
11698
11826
12130
11794
11826
11506
11490
11410
11250
11826
10594
11362
11506
11538
11570
11026
11362
11058
11186
11442
10834
11266
11026
11298
10690
11122
11266
10978
11218
11074
10914
11618
10946
10898
11330
10866
11106
10738
11122
10802
11250
11058
10658
10946
10850
10754
10946
10802
11202
10498
10994
10754
10786
10914
10546
10722
10738
10402
10626
10226
10434
10642
10578
10290
10530
10098
10498
10402
10146
10338
10002
10130
10354
10210
10290
10178
10578
10258
9986
10322
10322
9890
10002
10114
9746
10114
10258
10066
10674
10034
10338
10146
10786
10082
10210
10050
10226
10690
10274
10546
10386
10530
10210
10354
10850
10610
10434
10386
10338
10626
10578
10642
10338
10546
10722
10530
11298
10738
10802
10530
10786
11314
10866
10994
10962
11570
10210
11586
11410
10818
11394
11538
11442
11794
11554
12066
12050
12114
12291
12242
12627
12627
13139
12739
13427
13155
13427
13267
13731
13907
13891
14483
14419
14851
15139
15075
15523
15587
15507
16131
16468
16500
16996
16964
17332
17316
18052
19124
18484
18852
18740
19124
19556
19636
20228
20501
20501
20308
20036
20372
19892
19492
19220
19444
19076
18532
18356
17780
17796
17428
17284
16820
16548
16179
16291
15587
15507
15059
15251
13987
14691
14467
14531
14179
13763
14035
14051
13987
13267
13779
13619
13251
13779
13155
13651
13219
13411
13539
13395
13427
13347
13667
13987
13395
13859
13523
13843
13843
13667
14883
13587
14131
13907
14195
14067
14051
14499
14115
14099
14179
14483
14243
14771
14787
14819
14547
14739
15011
15139
14579
14979
14755
15267
15203
14995
15139
15363
15219
15411
15283
15379
15635
15539
15779
15571
15843
15891
15923
15523
15763
16099
15667
15923
15555
15731
16083
16003
16035
16868
16211
16051
16051
16307
16163
15859
16355
16067
16468
16051
16259
16051
16195
16388
16388
16227
16035
16179
16628
16179
16516
16131
16644
16211
16596
16564
16388
16532
16484
16628
16259
16724
16211
16596
16371
16580
16404
16500
16468
16612
16067
16500
16275
16564
16323
16452
16195
16163
16548
16307
16580
16339
16516
16468
16548
16195
16195
16564
16500
16163
16436
16083
16259
16195
16259
16388
16115
16436
16147
16660
15971
16275
16035
16115
16307
16259
15939
16163
16339
16291
16339
16163
15859
16147
15219
15731
15971
16211
16227
15987
15843
16211
15891
15811
15987
15859
15811
15955
15987
15715
16035
15811
16051
15667
15843
15731
15907
15731
15987
16003
15875
16147
15859
15875
15603
16099
16131
15875
15795
15971
15731
15875
15987
15955
16179
15267
16083
15587
16019
15987
15955
15907
15923
15763
16323
15907
16580
15891
16452
16804
17188
17204
17604
17476
17956
17908
18228
18020
18516
18596
18644
18932
19588
19252
19620
19284
19716
20116
20164
19988
20517
20853
20981
21141
21013
21349
21317
21637
21445
21621
21701
21829
21973
22437
22437
22293
22581
22261
22789
22725
23157
23013
23029
23157
22853
22885
22501
22677
22357
22213
22053
21525
21765
21477
21573
20997
20917
21445
21317
20228
20116
20629
19604
19556
18948
19412
18500
18740
18148
18020
18052
17588
17700
17828
17444
17492
17204
17412
16820
16980
16500
16596
16115
16772
15859
16131
16099
15955
15827
15523
15843
15395
15507
15139
15075
15731
15139
14947
14787
15011
15059
14307
14739
14467
14851
14867
14611
14579
14163
14643
14115
14451
14115
14179
14035
14243
13907
14115
14195
13955
13651
13923
13635
13875
13907
13811
13779
13667
13491
13395
13459
13667
13731
13475
13491
13539
13155
13507
13299
13379
13411
13219
13299
13155
13235
12963
13331
13027
13155
13731
12771
12963
13331
12659
12963
12803
12643
12515
12931
12274
13203
12531
12595
12675
12643
12723
12531
12675
12258
12883
12627
12851
12483
12579
12515
12483
12627
12371
12579
12291
12467
12323
12499
12098
12323
12531
12194
12274
12066
12194
12018
12339
12098
12114
12274
12194
12162
12082
12018
12130
11842
11826
10994
11746
11362
11634
11346
11842
11538
11474
11090
10930
11154
11298
10930
11218
10818
11122
10738
10930
11218
11090
11218
11330
11266
10802
11282
11058
11522
11490
11346
11186
11698
11330
12018
12082
11746
12258
12146
12563
12883
12787
13043
13523
13603
13603
13651
14003
14659
14563
15027
15459
15667
16964
16099
16852
16884
16884
17732
17812
17716
18260
18852
18820
18660
19348
19812
19940
20228
20244
20677
20629
21637
21077
21349
21349
21701
21733
21941
21781
21813
22101
21925
22357
22101
21957
21957
22309
21749
22533
22421
22597
21941
22069
22021
22165
21845
22101
21845
21381
21989
21253
21285
21061
21301
20901
20661
20821
20789
20404
20485
20436
20276
19972
19972
19908
19940
19332
19172
19316
19316
18964
19092
18628
18468
18212
18932
18132
17940
17716
17812
17236
17236
16948
16964
16980
16692
16147
16388
15731
15843
15507
15331
14771
14675
14947
14531
14499
14163
14227
13987
14003
13507
13427
13699
13267
13475
12931
13171
12835
13187
12723
12867
13107
12803
12819
12771
12931
12499
12899
12899
12499
13235
13235
12739
12771
12691
12851
12451
13011
12771
13075
12851
13315
13043
13459
13299
13331
14259
13427
13667
13443
13891
14099
14163
14099
14003
14451
14291
14691
14643
14787
15427
15011
15267
15843
15795
16067
16147
15955
16436
16355
16644
16564
17156
16628
17300
17236
17764
17492
18180
17892
18372
18164
18980
18740
18788
19268
19540
19252
19556
19780
19668
20661
20084
19956
20052
20468
20741
21125
20597
20645
20837
21077
20821
21285
21205
21461
21637
21509
21301
21829
21493
21909
21829
22085
22069
21877
22197
21909
22309
22197
22373
22517
22373
22645
22453
22677
23189
22005
22565
23013
22949
23157
23109
22981
23253
23077
23189
23589
23333
23573
23589
23557
23541
23301
23733
23573
23717
24101
23685
23893
23717
24069
23749
23909
23973
23893
24005
23717
24229
23989
24149
24165
23989
24245
24325
24181
24373
24341
24405
24501
24341
24565
24453
24662
24694
24485
25190
24501
24421
24646
24774
24614
24229
24806
24261
24774
24646
24902
24662
24886
24549
24886
24726
24678
24710
24549
24501
24293
24197
24646
24149
24021
24229
23605
23893
23541
23333
23029
22709
22645
22229
22133
21717
21461
20853
20789
20004
19748
19236
18612
18164
17892
17844
17284
17620
17140
16676
17060
16420
17156
16147
16676
16548
16804
16756
17172
17412
17332
17940
17812
18420
18228
18580
18980
19572
19572
20388
20340
20837
20837
21365
21781
21781
21861
22293
22197
22565
22037
22197
22501
22293
22453
22101
22005
21717
21445
21205
20677
20837
20468
20116
19796
19540
18980
19012
18116
18132
17636
16916
16724
16420
16323
16404
16019
16051
15667
15603
15667
15539
15235
15507
15427
15443
15155
15715
15491
15875
15651
16468
16371
16420
16740
16852
16868
17492
17364
17844
18900
18324
18388
18996
18852
19364
19732
19844
19924
20388
20292
20789
20741
21205
21413
21749
21477
21925
22181
22245
22245
22709
22453
22549
22805
22597
22869
22949
22853
22517
22501
22341
22405
22325
21701
21525
21397
20837
20517
20276
19652
19604
18740
18852
18260
17924
17684
17572
16756
16852
16484
16035
16884
15539
15683
15283
15283
15315
14899
15155
14467
14915
14419
14531
14899
14179
14323
13939
14227
13971
14019
13827
14131
13747
13811
13603
13747
13859
13715
13891
13907
13859
13459
13523
13715
13475
13347
13731
13379
13555
13235
13395
13555
13395
13507
14083
13347
13171
13875
13091
13315
12787
13251
13027
12963
12819
12707
13955
12739
13011
12851
12835
13107
12771
12947
13203
12867
12355
12659
12947
12755
12339
12963
12899
13571
12771
12483
13347
12643
12130
12739
12467
12723
12515
12419
12675
13043
13027
12787
12419
12707
12242
12323
12707
12403
12675
12515
12355
12611
12323
12579
12146
12355
12723
12323
12162
12274
12146
12146
13139
11970
12467
12531
12387
12258
12226
12082
12339
11970
12194
12098
12371
12146
12627
12114
12627
12050
12178
11986
13011
12018
12034
12146
11874
12387
11970
12114
12403
12082
12162
12002
12291
11666
11922
11842
11922
12291
11890
12307
11858
12419
12178
12274
12002
12323
11938
12291
11954
12114
12355
12963
12194
11714
12547
12098
12787
12274
12611
13379
12819
13267
13171
13891
14707
14307
14659
15107
15059
15971
16163
16371
16452
17124
17220
17476
17108
18276
19236
18884
19316
19524
19556
19988
20244
19956
20981
20485
20228
20052
20148
19636
19700
19156
18676
18356
18068
17524
17156
17028
16932
16227
16051
16115
15699
15091
15235
14675
14835
14371
14403
14403
14323
14259
14755
14499
14883
15171
15283
15603
15619
16243
16532
16676
17204
17396
18228
18068
18724
18676
19412
19364
19860
19668
20340
20308
21493
20933
20901
21157
21685
21669
21957
21877
21989
22437
22469
22437
22213
22773
22517
22853
22773
23109
22821
23045
23061
22997
23077
23333
22981
23173
23413
23285
23253
23493
23429
22965
23381
23269
23557
23221
23637
23221
24101
23429
23573
23381
23685
23333
22997
23525
23509
23525
23397
23637
23381
23621
23381
23669
23365
23621
23509
23765
23509
23477
23557
23413
23669
23365
23301
23525
23557
23653
23269
23637
23285
23621
23589
23653
23381
23157
23605
23317
23701
23717
23605
23173
23637
23461
23301
23525
23221
23541
23893
24213
23349
23589
23349
23573
23445
23301
23605
23349
23893
23349
23285
23349
23509
23493
23301
23109
23397
23221
23269
23029
23557
23285
23349
23333
23269
23301
23285
23477
23413
23109
23301
23189
23157
23093
23045
22869
22773
22613
22245
22165
21829
21653
21413
21013
21045
20565
20260
19780
19492
18948
19044
18292
18116
17380
17428
16820
16964
16996
16932
16948
16868
17076
17412
17380
17972
17812
18820
18532
19316
19700
20068
20468
20597
21173
21429
21301
21909
21941
22437
22469
22613
22437
22757
22485
22309
22485
22629
22597
22341
22341
21861
21749
21621
21269
20725
21237
20629
20148
20324
19732
19860
19188
18852
18452
19028
17972
17924
17380
17524
16676
16868
16371
16275
16307
15779
15299
14691
15331
14819
15027
14531
14595
14211
13955
14179
14019
13891
12851
13587
13587
13459
13091
13203
13107
13027
12931
12435
12835
12739
13059
12258
12483
12050
11858
12403
12130
12483
12098
11874
11906
12547
12739
11970
11490
11874
11794
11858
11538
11810
11762
11458
11426
11506
11762
11394
11554
11586
11458
11682
11282
11666
11602
11442
11714
10658
11650
11346
12018
11794
11378
11538
11698
11442
11026
11554
11778
11346
11842
11634
11874
11394
11682
11922
11570
11746
11698
11970
11762
12050
12050
12050
12194
12162
11810
12082
12258
11890
12291
11938
12210
11970
12162
12435
11986
12323
12162
12210
12355
12515
12162
12979
12210
12419
12563
12563
12627
12707
12643
12210
12515
12467
12675
12323
12419
12114
12595
12755
12739
12835
12595
12883
13123
13139
12803
13283
13299
13555
13843
13859
13651
14163
14659
14819
15315
15171
15619
15795
16307
16339
16852
16900
17316
17604
18324
18324
18676
18596
18916
19396
19860
20212
20196
20340
20773
20901
20869
21189
21685
21573
21509
21829
21749
21909
21717
22549
21461
21925
21525
21605
21973
21397
21045
21525
20949
20901
20741
20853
20420
20260
20164
20164
19828
20517
19572
19540
19236
19316
18852
19380
18580
18452
18196
18628
18068
18132
17940
18532
17444
17604
17204
17060
17012
17172
16836
16500
16404
16468
16548
15891
16388
16163
16003
15859
15987
15571
15795
15539
15459
15315
15219
14771
14627
14835
14787
14595
15027
14387
14323
14147
14243
14515
14051
14307
13715
13859
13667
13635
13763
12739
13315
13203
13427
12867
13123
13139
12435
12579
13091
11922
12531
12018
12307
12739
12194
12307
12082
12210
11938
11442
11666
11778
12178
11746
11650
11794
11810
11346
11522
11250
11394
11202
11442
11010
11330
11858
11026
11698
11714
12018
11714
12627
12515
13299
13747
13923
14707
15459
15987
16596
16820
17556
17860
18404
19044
19396
19636
19412
19316
19588
19524
19444
19524
19284
18788
18724
18452
17972
17780
17460
16996
16227
16307
16179
15619
15427
15427
15459
15219
15715
15443
16115
16468
16339
17012
17044
17876
18260
18900
19364
19380
20052
20340
20501
20533
21189
20821
21221
20997
21045
20901
20917
20549
20565
20116
19764
19812
19508
19236
18596
18580
17700
18020
17332
17316
16916
16996
16371
16388
15827
15891
15219
15219
15203
14883
14739
14899
14179
14339
13891
14115
13875
13683
13859
13619
14035
13395
13619
13267
13635
13107
13587
13091
13379
13523
13267
13475
13299
13491
13315
12755
13187
13731
13347
13731
13411
13651
14371
13731
13635
13875
13859
14179
13699
13971
14675
13971
14499
14083
14387
14355
14499
14259
14627
14387
14659
14835
14723
14547
14787
14963
14803
15299
15011
15363
15027
15427
15267
15603
15347
15859
15507
15939
15651
15859
16051
16051
15907
15843
16500
15987
16452
16740
16564
16275
16804
16371
16660
16852
17076
16804
17220
17284
17332
17124
17012
17604
17620
17444
17652
18148
17252
17732
17876
17652
17956
18116
17988
18132
18036
19028
18068
18388
18468
18420
18388
18420
18340
18612
18612
18404
18788
18388
18820
19044
18420
18996
19060
18372
19108
19076
19380
19444
19396
19668
19652
19444
19940
19924
20485
20693
20917
20933
21573
21349
21749
21749
22853
22101
22517
22357
22517
22821
22325
22789
21989
21845
21285
21429
20100
19956
19140
19076
18500
18596
18740
18052
17764
17780
18180
18116
18612
19156
19508
20324
20340
21077
21221
21269
21797
21733
22197
22053
22389
22117
22501
22117
21973
22389
21765
21637
21365
21269
21733
20677
20388
20388
19812
19700
19700
18868
19108
18548
18436
18372
18052
17588
18020
16836
17076
16676
16259
16307
16179
15619
15827
15283
15395
14691
15107
14547
14771
14435
14499
13955
14019
14531
13667
13747
13331
14387
13123
13411
13107
13427
12226
12563
12963
12563
12739
12547
12627
11970
12371
12050
12387
11938
12114
11762
12178
11826
12034
11618
11778
11634
11618
11762
11346
11506
11762
11570
11394
11554
11106
11522
11442
11362
10946
11106
10802
11058
10738
11170
11026
10914
10498
10786
10882
10642
10818
10370
10642
10770
10562
11090
10482
10754
10642
10402
10274
10386
11154
10306
10946
10706
10370
10594
10482
10082
10754
10402
10434
10130
10082
10114
10226
10162
10418
10146
10338
10210
10290
10002
9602
10402
9954
9874
10258
9826
9906
10226
9906
10258
9810
10274
9842
9586
10226
9874
9762
10226
10034
10146
9938
10098
9762
10226
10002
9810
10450
9666
9938
9938
9810
9970
9826
9810
10018
10098
10146
9810
10034
9714
9890
9938
9778
9554
10274
9426
10530
9922
9778
9922
9426
9874
9938
9570
9906
9442
9826
9762
10226
9858
9634
9618
9698
10002
9650
9762
9810
9714
9810
9714
9906
10018
9618
9922
9890
10130
10354
10786
10866
10738
11778
11378
11810
12194
12419
12403
13475
13459
13779
14419
14451
14835
15267
15939
15843
16740
17252
17588
18244
18372
18628
18900
18964
19220
18836
18532
18516
17972
17140
17076
16291
16339
16067
15667
15795
15075
15363
15267
15347
15539
15699
16852
15843
16243
16564
16788
16836
17780
17028
17636
18004
18068
19172
19108
18772
19284
19188
19732
19492
20164
20068
21157
20501
20260
20917
21077
21269
21621
21573
21749
21429
21893
21909
22005
22213
22469
22389
22853
22693
22597
23221
22693
23237
23317
23301
23109
23365
23221
23589
23653
23765
23621
23829
23973
23301
23925
23973
23653
24101
23925
24245
24053
24037
24277
24245
24742
24357
24565
24261
24469
24501
24293
24678
24742
24277
24646
24726
24405
24854
24710
25302
24774
24870
24726
24742
25382
24694
24758
24950
24726
25062
24662
25190
24854
25094
24838
25094
24886
25190
24950
25094
25254
25126
25206
25142
24998
25206
25142
25110
25174
25334
25142
24886
25030
25238
25078
25222
25174
25126
25270
25046
25350
25142
25334
25270
25126
25238
25238
25222
25206
25222
25190
25062
25222
25414
25206
24806
24854
24453
24309
23973
23845
23477
23573
23253
23013
22357
22277
21813
21717
21477
20997
20725
20228
19956
19444
19572
18836
18724
18100
17780
17588
17524
17012
16964
16516
16339
16420
16420
16211
16163
16724
16756
18036
17652
17748
18164
18180
18500
19044
19268
19652
19892
20052
20629
20565
21125
21189
21605
21589
21973
22293
22405
22373
22965
23109
22725
23013
23013
23237
23653
23445
23269
23669
23397
23909
23829
24117
23909
24838
23893
24694
24229
24181
24101
24485
24501
24229
24501
24453
24389
24549
24437
24005
24517
24614
24517
24742
24694
24517
24341
24485
24341
24790
24325
24694
24517
24309
24181
24485
24710
24646
24373
24694
24710
24646
24533
24565
24614
24421
24565
24341
24710
24437
24662
24630
24710
24309
24710
24742
24357
24565
24325
24373
24325
24501
24646
24341
24646
24373
24389
24614
24149
24389
24245
24822
24229
24389
24405
24117
24565
24325
24101
24662
24085
24373
24165
24325
24213
23989
24437
24021
24277
24053
24485
24021
24021
24373
24133
24277
24053
24101
24517
23989
24149
23973
23941
24021
23813
24181
23877
24149
23973
24053
23909
23893
23957
23861
24149
23877
24117
23877
24101
23989
24117
23653
24005
23957
23829
24021
23797
24117
24117
24165
24053
24245
23973
23925
24101
24389
24053
23973
24149
23877
24117
23989
24037
24309
24021
24133
24213
24277
24197
24021
24181
24293
23813
24277
23925
24213
24005
24293
24037
24293
23989
24309
24213
24069
24149
24069
23973
24165
24181
24149
24277
23957
24293
24165
24021
24037
23877
23813
24117
24309
24085
23909
24181
23877
24309
24053
23813
24213
24037
24197
24085
23845
24181
24085
23957
24646
23957
23813
24069
24005
23749
23957
24101
23957
23749
24021
23765
24037
23909
23653
23877
23717
23909
23589
23957
23637
23877
24485
24309
23861
23669
23813
23573
24037
23733
23493
23461
23573
22997
23093
22469
22277
22533
21525
20789
20757
20340
20036
19300
19060
18724
18244
18164
17236
17588
16996
16948
16500
16371
16628
16452
16307
16724
16916
17380
17700
18516
19060
20148
19908
20020
20517
20533
20693
20404
20485
20212
19988
19716
19604
19236
18948
18404
17940
17812
17108
17156
16868
16596
16131
16115
15443
15859
15939
15331
15347
15635
15539
16131
16083
15907
15843
16163
16532
16371
16820
16612
16996
17156
17444
17412
17780
17732
17764
17940
18212
18388
18516
18628
18772
19204
19188
19460
19572
19444
19876
20116
20004
20308
20324
20116
20565
20468
20853
20741
20965
20292
21285
21221
21237
21157
21701
21717
21525
21813
21717
21845
22053
21941
22133
22101
21973
22229
22021
22133
21989
22469
22245
22293
22437
22741
22629
22805
22981
22853
23109
22325
22837
23125
22949
23253
23013
23269
23061
23333
23109
23397
23269
23525
23285
23333
23669
23573
23477
23733
23557
23877
23557
23893
23493
23941
23765
24181
23765
24037
23829
23941
23829
24309
24037
23893
24005
24117
24389
24245
24181
23781
24165
24021
24069
23925
24037
23909
23845
23349
23477
23157
23125
22741
22581
22101
22053
21669
21061
20693
20084
19780
19300
18740
18660
18212
17972
17924
18276
18452
18900
19060
19700
19908
20388
20565
21269
21173
21589
22053
21653
21845
21653
22069
21525
21861
21029
21125
20340
20148
19940
19796
19076
18980
18724
18548
17748
17636
17268
16964
16436
16420
16131
16211
16131
15987
16227
15827
16179
16099
16676
16371
16484
16868
17524
17428
17892
18388
18308
18836
19108
19732
19604
20308
20549
20517
20709
21317
21141
21461
21285
21621
21381
21349
21477
21349
20789
20757
20276
19972
19540
19348
18740
18628
18340
17940
16948
16964
16772
16916
16452
16131
16868
15891
16083
16131
16804
16628
17220
17204
17780
17492
18420
18644
19220
19332
19860
20068
20501
20709
20853
20517
21045
20853
21061
20693
20789
20629
20388
20324
20132
19540
19540
18884
18580
18548
17620
17988
17620
16868
16948
16452
16548
16003
15955
15523
15955
15027
14883
15123
14867
14387
14403
14707
14307
14691
14163
14403
14163
13715
13875
14275
14387
14435
14179
14483
14579
14643
14723
14515
14883
14515
14851
15139
15043
15283
15283
15491
15331
15187
15699
15635
15763
16083
16035
16307
16003
16740
16211
16708
16500
16916
16676
17012
16852
17060
17236
17508
17764
17924
17812
18148
18644
18724
18884
19172
19508
20677
20036
20468
20388
20789
21333
20837
20260
20549
20180
20116
19540
19092
18676
18596
17636
17604
17364
17156
16916
16916
17172
17380
17636
18148
18708
18948
19332
19460
20084
19844
20340
20452
20613
21061
21013
20853
20853
20340
20468
20004
19620
19108
19252
18692
17892
17844
17204
17220
16868
17524
16676
16724
16323
16900
16900
17444
18004
18516
18996
19332
19172
19972
19924
20292
20404
20661
20244
20212
19716
19652
19188
18660
18468
18020
17300
17252
16916
16724
16243
16436
16083
16195
16195
16484
16948
16804
17396
17572
17540
18244
18500
18596
18868
19220
19796
19956
20116
20629
20933
21157
21141
21237
21525
21781
21685
22197
22149
22181
22197
22325
22629
22805
22581
23061
22965
23029
23013
23285
22997
23365
23237
23269
23301
23365
23493
23349
23829
23573
23269
23541
23461
23845
23525
23765
23989
23541
23749
23557
23669
23589
23765
23429
23717
23605
23653
24469
23669
23829
23621
23621
23781
23621
23765
23733
23525
24037
23605
23413
23605
23461
23589
23749
23573
23909
23397
23653
23637
23493
23557
23653
23621
23365
23621
23445
23381
23461
23749
23509
23285
23413
23221
23413
23157
23493
23349
23397
23349
23189
23157
23157
23269
22933
23237
23669
23173
22741
23045
22949
22965
22773
22725
22549
22613
22421
22341
22229
21797
21189
21573
21045
21157
20597
20661
20404
20004
19860
19252
19172
19444
18500
18324
17780
17844
17604
17428
16724
16660
16548
16003
16019
15699
15507
15203
15075
15891
14771
15075
14771
15059
14963
15155
15459
15379
15939
16083
16692
16660
16644
17316
17700
18180
19092
18676
19700
19684
20276
20228
20981
21045
21461
21269
21365
21637
21461
21317
20917
20997
20420
20485
19972
19716
19332
18980
18532
17812
17764
17300
17412
17140
16804
16900
16852
17188
17236
17284
17476
17988
18580
18916
19156
19828
19924
20645
20485
21157
21157
21541
21813
21221
21317
20949
20965
20613
20420
20148
19700
19060
18596
18164
17876
17492
17412
16692
17076
17188
17108
17300
17668
17700
18436
18660
19236
19508
20565
20180
21253
20853
20965
21509
21141
21237
20853
20468
20260
20196
19652
19044
18964
18388
17860
17396
17492
17044
17044
17252
16740
17476
17636
17844
18100
18836
19060
18868
19908
19956
20613
20629
21109
21253
21477
21653
21765
21829
21477
22069
21589
21877
21365
21173
21317
20725
20677
20260
20244
19620
19508
18916
18948
18532
18388
17812
17380
17012
16788
16836
16291
16163
16596
15715
15683
15267
14931
14995
14739
14611
14547
14307
14515
13939
14579
14403
14067
13859
14067
14035
13939
13555
13363
13539
14451
13731
13651
13283
13427
13699
13363
13587
13283
13443
13491
13571
13555
13171
13395
13683
13187
13475
14275
13795
13251
13827
13459
13907
13683
14067
14035
13939
14611
14355
15283
14643
14963
14883
15603
15699
15715
16259
16179
17060
17380
17252
17780
18164
18228
18884
19172
19204
19684
19668
20212
20388
20741
20661
21317
21285
21717
21733
21845
21973
22309
22421
22165
22325
22181
22277
21957
21541
21909
21109
21013
20340
20517
19764
19508
18756
18228
18452
17828
17428
17092
16980
17044
16820
17220
16852
17316
17748
17876
18708
19236
19268
19812
20677
20805
20869
21173
21477
21765
21685
21797
20933
21557
21317
20709
20693
20068
19700
19028
18820
18244
18148
17556
17236
17364
17204
17908
17604
17508
18660
18708
18932
19444
19908
20468
20501
21061
21349
21797
22421
21989
21877
22165
21765
21653
21397
21605
20949
20949
20533
20148
19668
19732
18932
18628
18196
18052
17492
17364
17236
16660
16708
16195
15923
16211
15891
16147
15843
16275
16436
16339
16211
17268
18052
17524
18180
18324
18452
19300
19332
19844
19924
20565
20789
21189
21429
21573
21605
22309
22821
22421
22789
23445
22789
22885
23077
23061
23029
23141
23333
22725
23029
23301
22949
22677
23093
22773
22917
22517
22853
22629
22405
22245
22069
22101
21797
21685
21205
21525
21317
21029
20997
20485
20677
20276
20420
20228
19844
19828
19956
19348
19428
19348
19220
19252
19140
18900
18484
19012
18340
18500
18276
18260
18244
17924
17796
17620
17428
17540
17556
17412
16932
17204
16868
16756
16756
16868
16436
16516
16291
16628
16404
16115
15891
15923
15651
15859
15763
15523
15283
15459
15123
15203
15347
14931
15091
14659
15283
14531
14611
14291
14371
14003
14099
13523
13139
13331
13539
13235
13171
13027
12739
12627
12963
13011
12787
12355
12611
12595
12403
11794
12483
12755
12291
12018
12210
12002
12675
11810
11410
12098
12242
11666
12451
11906
12082
12659
12098
12291
13027
12499
12371
12691
12963
12739
13107
13043
13379
13635
13955
13731
14435
14739
14915
15187
15635
15923
16644
16788
17684
17908
18404
19012
19220
20100
19924
19972
20228
20436
20020
19444
19684
18868
18724
18196
17940
17556
16676
16724
16852
16420
16644
16179
16548
17044
17428
17700
18500
19140
19284
19620
20404
20725
20805
21253
20997
21317
21173
20853
20645
20485
20356
19732
19540
18900
18788
17956
18004
17252
17172
16676
16436
16147
16580
16211
15955
16211
15619
16147
15923
16355
16275
16724
16580
16916
17252
17444
17124
17380
17716
18164
18132
18660
18852
18628
19060
18980
20260
19524
19892
19972
20260
20661
20789
21189
21077
21349
21477
21381
21829
21685
22133
22037
22197
22373
22501
22869
22693
22789
22997
23413
23269
23077
23589
23381
23445
23765
23477
24341
23749
24085
23989
24149
24133
24165
23813
24229
24421
24453
24646
24726
24421
24934
24678
24934
24806
24934
24886
24790
25206
24918
25110
25254
24998
24982
25286
25062
25734
25238
25462
25398
25254
25382
25446
25670
25462
25718
25526
25782
25574
25542
25830
25702
25606
25718
25878
25670
25670
25670
25494
25974
25494
25302
25446
25126
25206
25046
24918
24678
24421
24165
23829
23877
23749
23221
23237
23317
22981
22661
22309
21717
21845
21541
21237
20613
20356
20052
19572
19268
19252
18692
18084
17860
17060
17524
16932
16996
16468
16804
16548
16596
16692
16548
17012
16996
17332
17716
18388
18484
19156
19636
19908
20180
20629
21253
21445
21861
21893
22261
22101
22421
22085
22101
21509
21413
20757
20725
20597
19620
18932
18692
18196
17844
17716
17492
18612
18036
18532
18372
19028
19220
19972
19748
20565
20661
21365
21509
22213
21973
22565
22485
22213
22549
22213
21813
21749
21685
20549
20821
21013
19828
19364
18388
18388
17988
18532
18004
18388
18212
18948
19508
19780
20244
20869
20981
21541
21109
21397
21157
20501
20420
19764
19476
18980
18324
18452
18580
18420
18724
19076
19524
20212
20468
21013
21349
21813
21461
21493
21013
20965
20340
20020
19380
18644
18500
18404
18068
18084
18180
18628
18676
19492
19716
20388
20549
21109
21349
21669
21749
21877
21301
21669
22133
21701
21381
20949
20789
20452
20308
19972
19556
18708
18884
18340
17700
17652
17652
16900
16884
16564
16083
16404
15859
16051
15731
15715
15555
16083
16051
15555
15987
15747
15923
15811
15619
16323
16115
16868
16676
16836
16692
17156
17220
17668
17188
17700
17748
17796
17988
18068
18452
18244
18244
18692
18596
18612
19428
18596
18948
19508
19316
19972
19732
20036
19940
20308
20004
20260
20372
20773
20821
20613
21029
21013
21317
21317
21333
21701
21813
22373
21861
22245
21877
22277
22085
22469
22693
22885
22901
22757
23349
23029
23205
23333
23701
23509
23813
23685
23637
23957
24037
24053
23877
23813
23861
23989
23797
23493
24469
23749
23573
23301
23093
23349
23061
22917
22757
22741
22581
22005
22229
21669
21285
21013
20709
20549
20741
19908
19236
19204
18580
18452
17812
17380
17700
17284
16932
17092
16660
16980
16692
17060
17556
17700
18260
18900
19204
19764
20212
20372
20933
21077
21557
21461
21509
21477
21237
21397
20501
20789
20276
20020
19444
18660
18468
18036
17956
17300
17348
16884
16852
16948
17204
17108
17588
17700
18292
18372
18916
19124
19380
20132
20004
20901
20853
21525
21589
21781
21781
21685
21973
22117
21845
21829
21541
21333
21253
20981
20533
19924
19732
19924
18916
18260
18244
18164
17652
17108
17108
16532
16628
16227
16388
16067
16740
16420
17140
17492
17812
18180
18644
19044
19444
20036
20100
20164
20805
21093
20949
21173
20805
20661
20084
19956
19060
19684
18244
18068
17572
17396
16996
17060
17188
16948
17044
17732
17668
18132
18756
19044
19300
20020
20196
20741
20805
21189
21029
21205
21413
20949
21349
21013
20741
20372
19956
20036
19076
18964
18292
18388
17540
17604
17060
16964
16452
16484
16291
16548
16404
16900
16660
17076
17524
17796
18516
18948
19268
19348
20052
19988
20821
20709
21205
21061
21349
21333
21477
21301
21541
20997
21029
20869
20276
20260
20004
19396
19092
19012
18628
18388
17748
17588
17524
16932
16371
16516
16003
16067
15587
15555
15091
15379
15059
15059
15315
15027
15123
14787
15123
14899
15283
15091
15395
15315
15795
15891
16115
17060
16788
16964
17220
17844
17956
18516
18468
19220
19140
19684
19716
19908
20036
20997
20997
20997
21445
21301
21973
21861
22053
22069
22453
22517
22597
22917
22693
22901
22597
22981
22709
22901
22629
22789
23333
22389
22261
21813
21893
21653
21413
21013
20773
20292
20084
19556
19556
18900
18740
18116
17652
17300
16932
16852
16564
16628
16067
16003
16099
16163
16500
15715
16820
16868
17380
18196
17988
18500
18852
19076
19460
19876
20132
20661
20741
21157
21493
21605
21653
21669
21957
21909
22037
22085
22101
21653
21893
21509
21573
21189
20661
20613
20036
19956
19348
19540
18868
18756
18212
18084
17428
17396
16932
16195
16371
16307
16067
15651
15715
15539
15331
15155
15443
15555
15363
15299
15299
15651
15891
15603
16035
16179
16628
16596
16355
17044
16964
17300
17556
18260
18756
19060
19492
19508
19700
20196
20308
20452
20997
21221
21605
21605
22005
22613
22437
22517
22245
22661
22277
22437
22789
22693
22613
22517
22309
22293
22005
21973
21589
21813
21365
21445
20981
20933
20645
20260
20228
19604
19668
19284
19412
18628
18868
18644
18132
18084
17668
17572
16932
17092
17060
17012
16115
16243
15571
15587
15315
15331
14931
14755
14355
14595
14275
14019
14371
14067
13987
13619
14131
13619
14499
13923
13763
13939
13939
14259
14035
14451
14291
14819
14723
15347
16083
15875
15763
16580
16884
17028
17204
17908
17988
18580
18932
19252
19364
19588
20260
20148
20468
21237
21221
21589
21429
21973
21861
22373
22245
22453
22661
22629
22485
22901
22341
22021
22725
22645
22821
22021
22101
21493
21669
21541
21029
20949
20805
20372
19988
19908
19428
19332
19076
18900
18404
18324
17620
17748
17300
16500
16676
16003
16195
15667
15859
15411
15475
15363
15635
15299
15571
15907
15955
16291
16724
17924
17876
18484
18772
19572
19412
20164
20404
20773
20949
21077
21045
20789
20821
19828
20452
19860
19396
19252
17972
18308
17620
17476
17012
16900
16484
16484
16179
16452
16484
16355
15971
16564
16371
16804
16644
17076
17220
17700
17908
18404
19348
18420
19188
19124
19492
20116
20180
20565
20725
20709
21285
21285
21717
21909
22933
22293
22325
22725
22949
22789
23157
22773
23285
23045
23093
23157
24085
23317
23381
23349
23317
22997
23093
22773
22997
22597
22341
22165
21493
21941
21237
21189
20677
19972
19796
19348
19012
18612
18276
17828
17716
17588
17108
16756
16916
16548
16932
16660
17012
17140
17460
18132
18500
18852
19396
19844
20180
20773
21333
21477
21413
21909
22005
21797
22021
21877
21541
21749
21285
21221
20901
20837
20452
20004
20084
19620
19140
18436
17956
17892
17492
17236
17108
16516
16051
16019
16147
15811
15987
15715
16115
16163
16131
16083
16996
16596
17700
17444
17572
18100
18772
18916
19572
19780
20324
20517
20837
21093
21045
21413
20372
21109
20436
20260
19972
19076
18884
18148
18052
18148
17908
18452
18484
18804
19636
20052
20581
20452
20773
20725
20324
20004
20132
19396
19124
18388
18148
17572
17764
17444
17268
17732
17716
18148
18836
19156
19188
19860
20052
20837
20853
21317
21621
21573
21941
21989
22149
22005
22197
21621
22021
21621
21349
21237
20741
20228
20004
19908
19332
19236
18612
18420
17764
17700
16884
17140
16644
16612
16227
16163
16163
16131
17476
16580
16724
16932
17316
17716
17924
18420
18660
19236
19380
20324
20020
20565
20709
21221
21317
21653
21781
21877
22277
22469
22645
22629
23637
22757
23349
23125
22965
23413
23365
23317
23157
23509
23157
23349
23157
23349
23589
23029
23301
23077
23173
22933
22757
22613
22773
22901
22357
22501
21525
22645
22197
22293
21957
21333
21957
21573
21925
21413
21541
21141
21189
20853
20837
21221
20597
20340
20244
20468
19620
19476
19348
19268
19156
18724
19364
18260
18084
18484
17636
17780
17156
17220
16740
17188
16532
16564
15987
15827
15715
15475
15171
15331
14819
14883
14371
14499
14675
13843
14067
13699
13939
13731
13971
13395
13667
13875
13875
13923
13699
14131
13859
14147
14435
14531
14931
14803
15267
15187
15795
15587
16051
16291
16788
16804
17508
17428
17748
18084
18692
19028
18980
19268
19524
19892
20292
20629
20693
21109
21237
21301
21781
21557
21973
22197
22117
22373
22565
22453
22661
23125
22917
23077
23189
22981
23381
23301
23061
23141
22853
22325
22469
22101
21893
21349
21397
20677
20276
20148
19892
19348
19156
18916
18260
17892
17764
17444
17204
16852
16788
16259
16099
15843
15907
15955
15827
15475
15107
16035
16227
16035
16019
15859
16371
16500
16804
16932
17412
17444
18084
18404
18596
18612
19188
19268
19668
19860
20356
20420
21541
21189
21429
21349
21557
22053
21941
21781
22373
22869
22773
23173
22901
23221
23109
23285
23509
23285
23653
23077
23317
22885
23093
22805
23077
22309
22693
22325
22021
22037
21621
21701
21557
21285
20837
20757
20308
20372
19908
19620
19044
19220
18756
18900
18404
17988
18100
17236
17588
17156
17060
16612
16804
16932
16163
15635
15571
15219
15219
15267
14723
14723
14563
14499
14211
14019
13875
14099
13859
14083
13619
13795
13427
13795
13699
13635
13827
13859
13843
14003
13411
13955
14467
14051
14483
14147
14691
14835
14547
14915
15283
15555
15427
15939
15379
16355
15875
17028
16404
17028
17092
17140
16900
17220
17332
17588
17684
17428
17940
18196
18612
18468
18356
17764
18708
19204
18756
19044
18996
19156
19300
19220
19540
19316
19892
19684
20709
19700
20212
20420
19956
20196
19972
20100
20212
20709
20372
20901
20645
21045
20757
21301
21237
21493
21429
21573
21541
21909
22453
22165
22517
22453
22181
22709
23157
23301
22949
23173
23077
23109
23285
23125
23205
22645
22581
22789
22245
22229
21669
21749
20997
20645
20308
20244
19236
18948
18676
18388
18516
18644
18548
19204
19444
20132
20356
20757
21317
20949
21349
20805
21013
20340
20308
19412
19124
18420
18308
17684
17924
17380
17860
18068
18324
18660
18804
19540
19892
20212
20597
21525
21045
21189
20517
21045
21013
20549
20468
19860
19444
18932
18516
18228
17828
17716
17412
17828
17204
18484
19316
19300
19700
20773
20244
20997
20933
21349
20901
20821
20757
20164
19796
19524
18868
18708
18036
17748
17604
17364
17668
18052
18036
18004
19124
19316
20244
20100
20196
20645
20965
21429
21429
21653
21749
21893
21845
21829
21717
20997
21301
21045
20773
20837
20100
20533
19732
19732
19284
19476
18868
18756
18676
18468
17988
17988
17508
17268
16932
16836
16772
16275
16243
16243
15715
15347
14915
15667
15299
14819
15651
14995
14467
14227
14371
14019
14243
14163
13539
13539
13523
13171
13363
13475
13171
12883
12947
13091
12675
12691
12851
12499
12659
12226
12547
12050
12467
11970
12339
11666
12435
11826
12242
12387
11874
12339
12274
12403
13171
12435
12691
12611
12771
12643
13427
12963
13491
14435
13779
14003
13971
14179
14179
14659
14259
15059
15251
15395
15267
15315
15651
15459
15955
16051
16420
16211
16516
16436
16740
17140
16884
17332
17092
17540
17348
17380
17732
17524
17940
17892
18164
18276
18036
18740
18452
18804
18500
19140
18932
19156
19396
19380
19796
19828
19700
20020
20340
20436
20356
20949
20597
21317
21397
21733
22085
22101
21861
21477
22133
22373
23077
22581
21861
22549
22261
22773
22453
22501
22149
22373
21957
21733
21205
21701
20853
20725
20292
20068
19652
19124
18900
18084
18148
17780
17604
17284
16900
16404
16468
15875
16227
15747
15763
15731
15779
15491
15955
15795
15939
16003
16532
16211
17028
16964
17220
17156
17556
17908
18164
18308
18580
18948
18884
19796
19508
19092
20132
20212
20789
20709
21301
21413
21365
21813
21621
22053
21765
21685
21861
21509
21205
20805
20965
20196
20212
19572
19252
18468
18740
17940
17924
17220
17380
17380
17492
17780
17956
18148
18484
19444
19348
19988
20020
20581
20885
20917
20949
20661
20853
20581
20757
20228
19716
19860
19044
19076
18484
18020
18004
17508
17476
16964
16676
16980
16532
16868
16708
17204
16900
17060
17588
17860
18212
18372
18852
18804
19508
19508
20004
20485
19780
21333
20965
21253
21333
21717
22005
21877
22309
22165
21909
22389
22197
22133
22117
22501
22053
22181
22117
21973
22101
21941
21605
21541
21653
21237
21557
20997
20725
20869
20036
20853
20148
20276
19636
19780
19220
19124
18804
18756
18548
18516
18708
17892
17732
17524
17684
17092
17172
16948
16516
16339
16067
16179
15619
15779
15587
15219
15347
15075
14915
14627
14739
14179
14275
14323
14163
14003
13571
13491
13411
13571
13027
13123
12114
12995
12675
12867
12835
12771
12178
12387
12643
12178
12210
11954
12050
12307
12034
11970
12034
12146
11906
12178
12787
12915
11826
11986
12130
11794
11954
11426
11602
11874
11618
11634
11266
11778
11794
12066
11618
11362
11394
11234
11410
11442
11410
11554
11762
11218
11634
11250
11682
11218
11890
11554
11282
11730
12242
11570
11330
11618
11570
11458
11714
11266
11074
10978
11810
11314
11522
11874
11794
11714
11922
12002
11810
12419
11810
12162
12018
11938
11794
12098
12242
11906
12339
12066
12691
11954
12371
12242
12403
12355
12595
12739
12963
12963
12771
12995
12691
13123
12595
13299
13267
12931
12258
13523
12899
12947
13219
13459
13619
13363
13443
13555
13427
13651
13411
13539
13923
13635
13635
13859
13731
13971
14307
14403
14387
14067
14435
14291
14499
14147
14323
14803
14531
14883
14659
15219
14915
15267
15171
15219
15603
15475
15795
15635
16003
15811
16115
16179
16243
16564
16291
16964
16724
16996
16756
17140
17172
17332
17300
16996
17556
17428
17780
17956
17684
17812
18148
18036
18612
18260
18692
18484
18484
18580
18404
18836
19156
18996
19092
19508
19700
20420
19764
19716
19748
19188
20084
19940
20292
20244
19748
20308
20388
20468
20693
20773
20645
21013
21061
21141
21365
21381
21413
21365
21621
21317
21989
21829
22773
21989
22293
22469
22245
22165
22533
22293
22693
22597
22901
22725
23013
22965
22789
23157
23349
23333
23349
23877
23269
23493
23413
23749
23509
23381
23765
23685
24037
23605
23845
24133
23893
24886
24133
23925
24021
24325
24053
24357
24165
24453
24021
24517
24373
24325
24389
24453
24261
24533
24245
24646
24437
24533
24630
24614
24341
24341
24614
24229
24437
24101
23989
23909
23589
23781
23061
22837
22485
21781
21573
20837
20725
19972
19748
18852
19044
18372
18548
18548
18884
19460
19092
19508
19684
20180
20388
20645
21029
21621
21829
21765
22149
21941
21653
22053
21701
21733
21157
20645
20260
19780
19492
18900
18868
18164
18276
17940
18116
18372
18468
18884
19364
19956
20148
20789
20420
20837
20885
20468
20308
20164
19860
19252
18596
18084
17876
17492
17268
17268
17636
17396
18228
18484
18628
18964
19204
19972
20036
20789
20965
20965
21365
21333
21557
21349
21637
21397
21477
21061
20885
20853
20260
19972
19860
19220
19092
18692
18164
17828
17780
17380
16900
16868
16371
16436
16051
16099
15779
15875
15891
16371
16035
16307
16211
16676
16820
17252
17252
17748
17700
18308
18324
18948
18852
19428
19476
19732
20196
20356
20709
20677
21125
21397
21493
21461
22005
22405
21781
22469
22325
22725
22549
22933
22965
23045
23269
23125
23461
23269
23205
23349
23653
23493
23765
23477
23909
23797
23061
23573
24181
23749
23717
24005
23717
23941
23813
23685
23845
23669
24069
23717
23141
23541
23861
23797
23637
23621
23349
23493
23557
23733
23605
23429
23333
22981
23365
23301
23253
23221
23125
23157
22869
23125
22709
22965
22629
22501
23205
22709
22597
22325
22085
22229
22469
22165
22165
22165
21877
21925
21813
21973
21813
21829
21685
21797
21685
21205
21685
21477
21301
21157
21413
21237
21237
21381
20789
21141
21573
20837
20821
20661
20757
20501
20533
20533
20340
20485
20084
20212
20164
20404
19556
20084
19684
19572
19828
19252
19780
19236
19668
19060
18996
19076
19124
19092
18996
18820
18852
18612
18244
18404
18772
18276
18516
19028
18596
18132
18324
18468
18388
18452
18260
18260
17908
18004
18020
18500
18052
18212
17956
17860
18500
17924
18084
17924
18084
17956
18180
18164
18148
18388
18324
18084
18356
17956
18292
18244
18116
18500
17956
18564
18276
18724
18660
18724
18516
18404
18580
18084
18452
18484
18388
18516
18916
18660
18580
18772
18836
18852
18500
18660
18420
18884
18580
18948
18820
18964
18820
18660
18884
19092
18788
18804
18820
18484
18660
18804
19316
18740
18708
18564
18052
18324
18068
18228
17732
18068
17540
17940
17268
17972
17508
17300
17188
16996
16916
16772
16468
16884
16404
16564
16147
16323
15747
15491
15635
15363
15491
15491
15155
15299
14739
14899
14963
14611
14451
14243
14147
14195
14099
13971
14019
14227
13619
13395
13427
12963
13075
13091
12723
12867
12435
12739
12515
12627
11890
12867
12291
12339
12435
12307
12627
12403
12835
12435
12771
13043
13651
13715
14259
14483
14963
15523
15795
16291
16868
17524
17636
18324
18500
18996
19076
19124
18836
18660
17972
17908
17092
17124
16580
16836
16644
16884
17268
17780
18372
18580
18676
19300
19588
20164
20212
20581
20741
20693
20821
20821
20725
20869
20020
20244
20404
20164
19748
19812
19188
19188
18564
18484
18372
17572
17476
17316
16916
16820
16243
16323
15795
15395
15347
15347
14835
14883
14803
14451
14435
13923
14227
13779
13619
13747
13507
13475
13635
13315
13843
13219
13507
13331
13459
13011
12979
13283
12787
13315
13347
13523
12979
13267
12995
13299
13395
13299
13523
13139
13667
13267
13523
13283
13491
13155
13219
13555
13187
13411
13603
13011
13523
13171
13427
12899
13203
13155
13107
12883
13059
12515
12515
12723
12291
12771
12371
11714
12098
11634
11762
12691
11762
11970
11586
12114
12226
12339
12723
13091
12659
13203
13875
14355
14435
14915
15971
15699
16436
16532
17060
17796
17764
18068
18564
18628
19188
19204
19780
19892
20356
20372
20436
20837
20645
21253
21237
21653
21637
21781
21973
21909
22389
22197
22421
22485
23013
22677
22789
22965
22773
23589
23061
23365
23317
23525
23509
23829
23717
23413
23813
23717
23909
23893
24085
23621
24678
24069
23845
23925
24261
24261
24149
23877
24165
23893
24005
24261
23733
23637
23413
23013
23205
22117
21413
20965
20533
19812
19316
18996
18964
19044
18036
18420
18228
18356
18148
18532
18324
18532
18452
18084
18452
18916
19540
19012
19188
19412
18980
19412
19348
19636
19460
19700
19940
20180
20084
20485
20308
20517
20757
21141
21877
21173
21509
21205
21877
21781
22869
22101
22917
22485
23077
22581
22869
23109
23093
22981
23685
23669
23541
23413
23717
23797
23605
23797
23829
24053
23973
24197
24101
24085
24309
24165
24197
24117
24373
24934
24197
24341
24149
24293
24293
24101
24245
24117
24037
23973
24117
24005
23701
23829
23653
23461
23589
23237
23349
23157
23061
23317
22901
22805
22357
22613
22053
22005
21653
21973
21749
21333
21493
21157
21189
21157
20693
20404
20452
20036
19876
19652
19732
19668
19028
18964
18596
18340
18164
18292
18180
18020
17588
17588
17524
17156
16788
16932
17220
16500
16404
15987
15811
15651
15571
15299
15539
14995
15523
14755
14803
14563
13971
14195
13875
13795
14051
13635
13475
13251
13411
12899
13011
12739
12899
12995
12595
12995
12403
12867
12467
12627
12323
12467
12178
12371
12739
12210
12499
12146
12547
12323
12611
12547
12819
12403
12899
12595
13107
13267
14083
13347
13827
13363
14163
14131
14835
14899
15283
15267
15731
15955
16355
16564
16580
17124
17188
17604
17844
18260
18212
18484
19220
19028
19668
19780
19764
19972
20501
20613
21029
20949
20981
21621
21637
21701
21717
22133
22005
22373
22549
22709
22645
22885
22837
22917
23093
23173
23157
23317
23573
23477
23829
23829
23653
23765
23973
23797
23893
24037
24053
23845
23829
24021
23621
23797
23605
23173
23221
22949
23029
22469
22453
21861
21557
21189
20997
20260
20436
19748
19508
18852
19044
18308
17828
17684
17188
17140
16868
16980
16996
17492
17700
18180
18356
18996
19300
19604
19988
20853
20629
20949
20725
21173
20949
20789
20260
20020
19924
18628
18804
18116
17972
17572
17716
17748
17860
18740
19316
19364
20116
20244
20597
20164
20292
20132
19892
19268
18596
18116
17860
18004
17716
18180
18452
19876
19572
19668
21109
20308
20645
20517
20517
20324
19668
19076
18900
18084
18004
17332
17524
17332
17668
17956
18164
18228
19268
19316
19892
20132
20805
21605
20965
21205
21029
21173
20549
20340
20212
19572
19412
18724
18564
17956
17444
17140
16788
16932
16804
16932
16836
17204
17140
17652
17764
18372
18884
19412
19236
19700
20020
20436
20549
21109
21093
21557
21877
21909
22133
22229
22373
22725
22517
23109
22853
22821
23109
23013
23349
23109
23461
23461
23461
23125
23429
23333
23493
23621
23525
23557
23109
23205
23333
22885
23381
23157
23269
23093
22917
23077
22981
23013
22709
22949
22629
22597
22629
22373
22613
22325
22533
22261
22261
22053
22389
22021
22293
22037
21925
21829
22149
21637
22037
21925
22005
21797
21669
21573
21397
21605
20965
21573
21365
21605
20885
21413
21173
21061
21285
21045
21061
21189
20917
21205
20885
20581
20741
20869
20789
20693
20821
20533
20901
20212
20709
20372
20420
19956
20388
20084
20004
19972
19796
19972
19604
19812
19492
19540
19380
19508
19172
19348
19012
19236
18948
18996
18788
18708
18564
18964
18548
18724
18516
18132
18244
18020
18580
17956
18244
17764
18164
18468
17396
18052
17652
17892
17828
17508
17876
17524
17380
17556
17540
17268
17572
17460
17956
17396
17412
17364
17172
17604
17332
16980
17380
16852
17380
17220
16788
16932
16740
16868
17508
17028
16724
17028
17300
16916
17540
16884
16564
17172
16484
16612
16996
16612
16740
16692
16708
16532
16916
16740
16628
16355
16452
16548
16612
16099
16371
16564
16275
17012
16147
16291
15843
16307
16147
16163
16147
15827
15699
16003
15427
15923
15603
15731
15491
15939
15299
15459
15123
15475
15875
15171
15267
15043
14787
14691
14835
14483
14675
14307
14739
14195
14483
14083
14003
13859
14179
13779
13811
13155
13923
13491
13843
13427
13587
13683
13299
13523
13075
13267
13043
13075
12467
12787
12963
12515
13571
12787
12403
12899
12098
12515
12307
12339
11986
12050
12947
11874
12066
11714
11874
11874
11458
11794
11330
11506
12002
11410
11506
11138
11218
10946
11122
11090
11042
11170
11154
11410
11042
10898
10834
10674
10930
10418
10722
10418
10514
10450
10850
10850
10738
10626
10226
10514
10562
10610
10418
10226
10322
10338
9858
10418
10130
10066
10562
9970
10226
10002
9922
10050
10306
9794
10146
10050
10050
10050
10226
9714
10178
10194
9922
10178
9874
10146
10178
10226
10034
9922
10658
9746
10082
10306
9778
9938
10114
9954
9986
10162
10114
9698
9874
10130
9858
9890
9826
9618
9634
9874
9970
9922
9650
9714
9906
9954
9938
10226
9714
9890
9730
9874
10018
9842
10082
9794
9938
10146
9714
10018
10066
9906
10162
9714
10114
9762
9794
10066
10002
9714
9954
10034
10242
9858
9986
9922
10194
9858
9922
9826
10002
10274
9650
9922
10210
9730
10018
9890
9458
9618
10418
9634
10114
10418
9970
10194
10226
10082
9762
9682
9410
9778
10066
9890
9842
9666
9842
10018
9682
9906
10034
9794
10034
9666
9938
10034
9826
9842
9586
10018
9410
9842
10018
10146
9650
9570
9954
9746
10082
9458
9554
10066
10066
9938
9682
9810
9570
9794
9794
9762
9858
9634
9890
9650
9266
9826
10386
9810
9474
9618
9618
9794
10114
9682
10034
9858
10066
9730
10002
9778
9778
10034
9858
10162
9698
10226
9698
9842
10178
9874
9858
9906
10386
10178
10034
10210
9826
9890
9730
11010
10274
9874
10290
9922
10146
11042
10098
10258
10274
10226
9954
10178
10850
10978
10066
10018
10162
10066
10226
10306
10290
10402
10066
10226
10274
9970
10418
10562
10146
10210
10114
10050
10018
10514
9810
10210
10066
10114
10578
10146
10626
10162
10434
10290
10226
10562
10194
10402
10674
10338
10610
10546
10370
10626
10466
10658
10258
11186
10450
10706
10834
10354
10674
10818
10850
10546
10770
10354
10706
10962
10530
10930
10594
10818
10674
10754
11106
10882
10978
10578
10578
11170
10930
11202
11330
10914
10866
10818
11010
11186
11058
11122
11010
11250
10994
11362
11538
11474
11218
11602
11570
11698
11442
11650
11778
11522
11858
11650
12018
11634
12098
12194
11906
12082
11970
11922
11810
12323
11858
12178
12291
12098
12323
12210
12339
12162
12307
12146
12307
12130
12595
11426
12467
12066
13059
12611
12194
12467
12274
12755
12563
12355
12595
12627
12210
12947
12515
12675
12451
12611
12707
12403
12803
12595
12451
12707
12323
12659
12915
12627
13603
12787
12739
12899
12371
12995
12675
12627
12547
12515
12531
13331
12563
12995
12531
12867
12963
12659
12979
12995
12867
12499
12963
12691
12739
12563
12755
12899
12579
12819
12595
12819
12835
12899
12963
12515
12659
12579
12803
12547
13123
12499
12387
12979
12899
12339
12659
12307
12835
12178
12675
12162
12499
12579
12371
12723
12242
12947
11570
12387
12146
12435
11938
12339
11970
12226
12291
11826
11922
12034
12258
12034
11970
11746
11970
12098
12226
11970
11074
12050
11586
11794
11970
11634
11826
11378
11618
11202
11346
11586
11474
11874
11378
11570
11122
11298
11106
11362
11426
11506
11426
11042
11186
10898
10914
11074
10978
10930
10738
10962
10514
10642
10514
10594
10178
10578
10098
10146
9906
10226
10482
9874
10098
9746
9954
9970
10802
10130
9794
10066
10162
10146
9362
9922
10098
9778
9906
10194
10130
10226
10002
10098
9794
10082
10402
10050
10418
10274
9986
10338
10482
10082
10546
10530
10386
10002
10018
10930
10178
10530
10050
10482
10034
10434
10162
10338
10418
10098
10258
10354
10258
10402
10258
10306
9954
10274
9938
9906
9314
10082
9746
10002
10226
9922
10082
9778
10018
9506
9810
9922
9682
9858
10178
9602
9458
9586
9858
10146
9858
9506
9906
9650
9810
9442
9618
9442
9794
9634
9442
9666
9634
9874
9714
9250
9506
9778
9458
9826
9538
9618
9410
9602
9794
9442
10514
9522
9730
9458
9602
10018
9506
9858
9602
9682
9698
10322
9554
9474
9522
9810
9586
9858
9938
10066
9842
10146
10210
9970
9586
10114
9970
9714
10114
9826
10082
9826
10210
9970
9986
9938
9810
10482
9650
10274
9810
9826
10226
10018
10082
10226
10290
10210
10018
10658
10018
10306
9762
10066
10322
9890
10146
9778
9906
10290
9970
10210
9938
10258
10162
9938
10050
9842
10066
9890
9970
10162
10130
10258
10002
10002
9970
10178
9778
9938
10258
10082
10210
9906
10354
9986
9522
10642
10418
9810
10130
10210
10210
10162
10162
10402
9778
10290
10290
10178
9794
10162
10194
10274
10050
9826
10130
9778
10130
9794
9890
9842
9922
10210
9874
10018
9778
10162
9954
10066
9778
9858
9730
10818
9714
10146
9922
9890
9970
9586
9778
9634
9938
9586
9826
10002
9698
9858
10018
9842
10050
9570
9778
9682
9522
10002
9794
9570
9906
9458
9858
9922
9618
9938
9634
9858
9938
9794
9970
9682
9842
9650
9794
9714
9874
9554
9730
9490
9842
10050
9826
9730
9954
9378
9826
9970
9874
9826
9730
9874
10178
9858
9858
9794
10242
9938
10194
10210
10306
10210
10530
10338
10498
10066
10866
10834
11170
10818
11122
11714
11410
12210
11650
12531
12707
12995
12915
13667
14259
13987
14675
14739
15811
15635
15571
16740
16772
17316
17540
17348
18068
18612
18692
19156
19060
19716
19652
19748
19876
20292
20180
20068
20228
19908
20997
19236
20372
19940
20052
19620
19716
19812
19604
19668
19380
19412
19044
19348
19012
19252
18804
19044
18852
18852
18452
18308
18788
18404
17908
17652
17380
17524
17124
17108
16628
16484
16724
16099
16243
15699
15715
15475
15347
15427
14995
14643
14675
14099
14243
14307
14115
13443
13651
13075
13731
13187
12931
13107
13347
12995
12979
13203
12867
12467
12403
12274
12210
11922
12355
11842
11906
12082
11714
11570
11810
11442
11634
11506
11586
11218
11426
11618
11250
11010
11362
11250
11378
11010
11170
10674
11362
10722
10274
10530
10626
10690
10146
10802
10706
10498
10834
10386
10738
10338
10402
10306
10578
10210
10930
10146
10322
10402
10066
10402
10402
10386
10338
10290
10514
10066
10194
10450
10258
10466
10130
10354
10098
10258
10610
10578
10530
10642
10466
10530
10338
10482
10834
10866
10578
10658
10802
9970
10946
10514
10546
10786
10882
11058
10914
11186
10930
11154
10802
11154
10898
11202
10770
11362
11010
11282
10914
11378
11026
11170
11490
11138
11458
11154
12002
11506
11602
11778
11714
12018
11746
12178
12435
12419
12050
13395
12547
12499
12387
13075
13347
13155
13571
13091
13859
14019
13811
14147
14003
14387
14259
14611
14563
14883
15443
14947
15523
15683
15811
15731
16291
16420
16388
16788
16580
16820
16884
17668
17620
17460
17764
17956
18228
18212
18724
18516
18580
18964
18756
19908
19300
19300
19172
19700
19956
19892
20180
20212
20116
20997
20485
20789
21109
21509
21285
21605
21573
21573
21893
21973
22101
22261
22293
22469
22437
22757
22725
22677
23077
22773
23221
23365
23365
23093
23317
23397
23141
23621
23669
23605
23733
23445
23957
23797
24021
23829
24117
24005
23957
24357
24437
24085
24213
24085
24325
24149
24501
24389
24437
24822
24421
24485
24309
24662
24501
24950
24373
24325
24646
24565
24341
24421
24373
24742
24421
24325
24694
24389
24630
24742
24662
24902
24549
24838
24630
24485
24485
24742
24501
24549
24501
24453
24822
24469
24742
24501
24437
24662
24565
25430
24501
24934
24517
24934
24630
24614
25398
24982
24678
24726
24678
24421
24678
24437
24549
24485
24565
24565
24309
24533
24405
24373
24309
24357
24485
24485
24261
24485
24213
24421
24117
24309
24021
23909
24053
23781
23925
23765
24213
23509
23781
23493
22901
23253
23109
22869
22901
22933
22869
22677
22949
22421
22757
22453
22645
22229
22437
22197
22197
22341
22005
22133
21957
21557
21877
21477
21541
21189
21413
20901
21301
21045
20773
20821
20757
20645
20485
20404
20132
20116
19924
20372
20004
20084
20180
19684
19684
19524
20292
19572
19172
19380
19156
19332
18996
19300
19332
19220
18900
19300
18804
19108
18836
19140
18900
18756
18980
18724
18932
18516
18868
18788
19060
18724
19108
18916
18676
18868
19060
19044
18676
19012
18756
18996
18836
19076
18740
18900
18692
19284
18548
18692
18532
18756
18468
18100
18260
18500
17988
18244
17956
17860
17668
17556
17524
17524
17172
17460
17140
17124
16948
16516
16820
16323
16596
16468
16371
16323
16211
16099
15811
15411
15523
14995
15123
15091
14755
14915
14579
14499
14355
14403
13683
14051
13715
13795
13539
13523
13171
13475
12915
12467
12595
12723
12963
13155
12723
13267
12723
12226
12419
12435
12162
11986
12002
11986
11570
11922
11026
11602
11314
11634
11458
11346
11570
11218
11442
11058
11666
11090
11186
10866
11170
11010
12082
10898
11010
10850
11058
10466
10546
10498
10738
10530
10754
10610
10594
10850
10482
10594
10370
10466
10258
10674
10578
10610
10626
10466
10674
10434
10434
10738
10178
10418
10034
10386
10226
10578
10594
10178
10514
10178
10946
10834
10210
10546
10178
10402
10530
10226
10482
10210
10322
10194
10386
10594
10146
10514
9954
10306
10338
10354
10290
10130
10482
10034
10354
10178
10594
10226
10562
10002
10306
10482
10434
10530
10258
9906
10338
10402
9970
10194
9810
10146
9730
10498
10162
10258
10338
10178
9874
9778
9746
10034
9586
10066
10146
9666
9522
9602
9970
9954
9714
9986
9778
9746
9666
9202
9890
9762
9522
9650
10626
9938
9842
10002
9714
9618
9458
10466
9810
9506
9906
9474
10050
9602
9970
9250
9602
9890
9810
9794
9602
9522
9906
9442
9858
9570
9746
9458
9954
9762
9922
9938
9746
10338
9906
10258
10114
9842
10098
10258
10754
11026
10626
10914
11074
10802
11106
11186
11490
12242
11618
12258
11970
11794
12082
12034
12451
12515
12307
12499
12451
12627
12451
12963
12755
12995
12899
13187
13395
13363
13571
13475
13779
13507
13955
13843
14019
14483
14435
15187
14995
14515
14883
15139
15251
14771
15299
15635
15603
15587
16115
16211
16083
16371
16259
16692
16484
17012
16788
16660
16740
17332
17524
17252
16724
17700
17844
18052
17748
18164
18164
18468
18308
18580
18772
19140
18628
18964
18772
19108
18740
18948
18980
18996
19108
19268
19300
19204
19140
19028
19204
18868
18932
18724
19204
18788
18852
18964
19044
18836
18900
18724
18948
18676
19124
18788
18548
18612
19156
18884
18292
18276
18484
18452
18500
18196
17636
18036
17716
18004
17460
17876
17508
17252
17364
18084
17300
17044
17124
17044
16996
17300
17060
16772
16980
16900
17060
16932
17076
16948
17204
16900
16788
16772
17028
16548
16980
16740
16516
16740
17364
16772
17108
17092
17028
17108
17300
17236
16900
17524
17284
17524
17364
17636
17652
17892
17924
18228
18356
18356
18404
18756
18836
18980
19188
19028
19348
19396
19508
19540
19780
19748
20084
19924
20404
20244
20501
20725
20917
21093
20789
21221
21173
21381
21429
21685
21813
21717
22213
21813
22085
22725
23013
21877
22805
22869
22725
23077
23045
23317
23317
23541
23205
23637
23333
23749
23493
23365
23749
23445
23701
23557
23285
23205
23237
23333
23125
22741
22837
22613
22613
22325
22117
21909
21861
21557
21269
20853
20821
20228
20212
19492
20260
18948
18868
18196
18228
17316
17476
16836
16948
16291
16275
15907
15955
15539
15859
15523
15635
15891
15811
16115
16115
16452
17652
16820
17588
17684
18452
18468
19044
19172
19668
19844
20372
20388
20773
20901
20212
21157
21605
21525
21237
21813
21637
21877
21845
22181
22197
22581
22453
22693
23141
22949
23221
23125
23413
23013
23557
23541
23829
23781
23701
23653
24117
24021
23909
24261
23989
24726
24293
24469
23989
24213
24277
24165
24453
24229
23989
24213
23717
24181
24197
24149
24309
24517
24405
24341
24694
24742
24758
24293
24806
24646
24357
24678
24758
24726
24982
24918
24854
24774
24982
24790
25046
24902
25174
24918
25110
24870
24966
24662
25142
24357
24950
25174
25062
25030
24870
25270
25174
25174
25302
25094
25254
25270
25110
25334
25206
24966
25446
24902
25382
25270
25366
25318
25142
25686
25158
25190
25110
25318
25078
25110
25382
25238
25478
25382
25174
25142
25382
25222
25734
25430
25222
25430
25542
25366
25270
25206
25222
24886
25334
25094
25270
24950
24950
25078
25190
24758
25030
24662
25078
24662
24838
24630
24822
24469
24742
24389
24373
24213
23637
24517
23637
23525
23237
23941
23445
22917
23093
22453
21973
21877
21541
21461
21301
20757
20372
20517
19876
19556
19076
18916
18660
18212
17636
17492
17380
17092
16532
16243
16468
16227
15715
15315
15619
15075
15267
14739
14835
14691
14787
14307
14515
14131
13923
14355
14531
14259
13891
14227
13939
14483
14355
14019
14451
13987
14307
14051
14179
13891
13763
13955
14035
13939
14739
13859
14403
13715
13939
13699
13731
13427
13699
13171
13571
13699
13331
13347
13331
13235
13443
13235
13235
12835
12755
12691
13043
12579
12595
12643
12691
12675
12194
12210
11922
12194
11922
11842
12146
11570
11746
11506
12002
11458
11698
11554
11506
11922
11714
11698
12114
11906
11730
12291
12579
12403
13107
13667
13779
13747
14531
14675
15411
15555
16323
16291
16964
17156
17988
17860
18660
19316
19316
19364
20020
20068
20324
20565
20773
20997
21093
21557
21733
21845
22053
21893
22117
21925
22389
22037
22293
22149
22453
21893
22021
21941
22085
21877
21397
21541
21093
21205
20741
21365
20388
19876
20052
19284
19284
19092
18500
18004
18068
17460
17156
16916
17284
16035
15747
15987
15619
15011
15155
15091
14771
14755
14259
14691
13971
13923
14163
13843
13907
12819
13475
13347
13539
13779
13331
13619
13843
13011
13987
13875
13955
14419
14515
14611
14883
15203
15283
15571
15891
15971
16179
16964
16852
16996
16900
17492
17396
17892
17428
18180
18212
18676
18676
18644
19076
19108
19716
19444
19940
19556
20228
20340
21109
20837
20805
21205
21221
21621
21509
22021
21733
21845
22133
21589
22565
22453
23221
22821
22245
23205
22981
23381
23157
23413
23589
23669
23701
23621
23685
23749
23861
23637
23845
23893
23845
23909
24005
23845
23973
23717
23829
23461
23685
24149
23781
23461
23461
23669
23333
23509
23365
23477
23045
23317
23157
22853
22901
23205
22837
22981
22981
22709
22293
22453
22549
22101
21701
22261
21989
22133
21717
22613
21349
21909
21461
21717
21477
21653
21157
21413
21045
20725
20837
21029
20565
20436
20452
19700
20164
19812
19652
19524
19892
19828
20164
19700
19044
19268
19556
19444
19396
19396
19076
18980
19572
19236
19140
19316
18580
18676
19364
18772
18804
19060
18900
18388
18868
18324
18164
18628
18164
18804
18180
18308
17796
17908
17924
17988
17764
18196
17508
17908
17780
17764
17716
17572
17380
17700
17444
17556
17124
17380
17076
17188
17460
16948
16884
16884
16532
16548
16355
16436
16291
16516
16355
16580
16532
16355
16355
16371
16452
16099
15715
16339
16484
15811
16420
16259
15859
16756
15731
15939
15843
15859
15651
15859
15459
15779
15747
15859
15475
15891
15795
15843
15667
15875
16115
15747
16067
15875
15507
15923
16035
15987
15795
16099
15763
15731
16243
15843
15859
16211
16323
16243
16051
16243
16179
16532
16147
16500
16371
16371
16612
16500
16724
16900
16724
16964
16676
16884
16804
17028
17044
17188
16996
17428
17188
17908
17812
17652
17940
18132
17988
17748
18180
17812
18180
18116
18340
18756
18516
18596
18724
18532
18916
18660
18740
18756
19188
19108
19140
18980
19028
19140
19476
19236
19540
19476
19668
19540
19892
19748
20004
20661
20020
19844
20501
19540
20501
21253
20501
20517
20917
20565
20933
20757
20613
20821
20821
20933
21061
20917
20901
21301
21269
20981
21141
21445
20997
21029
21157
21157
21061
20821
21173
21733
21365
21269
21109
21637
21221
21573
21445
20805
21525
21445
21253
21237
21493
21045
21493
21413
21397
21525
21253
20981
21205
20997
21109
21077
21093
21253
21205
21237
20677
21141
20196
20805
21077
20853
20789
20757
20773
20693
20132
20420
20517
20356
20533
20228
20276
20052
20276
20020
19796
19924
19716
20020
19636
19988
19636
19812
19492
19252
19412
19204
19764
19588
19524
19156
19188
19044
19300
18948
19572
19012
19156
18820
19204
18788
18628
18932
18580
18964
18628
18404
18676
18772
18596
18772
18628
18788
18740
18692
18708
18740
18596
18772
18500
18420
18708
18276
18964
18324
18452
18980
18340
18676
18260
18292
18100
18532
18276
18212
18564
18500
18868
18676
18276
18580
18532
17956
18324
18500
18420
18596
18324
18516
18292
18532
18100
18372
18100
17924
17940
18020
17812
18132
17972
17844
18068
18292
17892
17572
17428
17620
17924
17396
17124
17172
17412
17220
17204
17444
16916
17012
17044
16772
16323
17428
16355
16420
16163
16259
16211
16051
15923
16147
15827
16035
15555
15667
15555
15507
15171
15075
14915
15075
15155
14707
14835
14691
14787
14307
14307
14595
15155
14915
14099
14403
13859
13843
13763
13987
13571
13651
13683
13395
13539
13107
13331
13043
13139
12995
12883
12547
12707
12595
12675
12787
12691
12467
12755
12178
12371
12403
12146
12291
11698
11938
12210
11426
12339
11714
12098
11458
11634
11170
11474
11682
11650
11378
11522
10994
11330
11122
11154
11394
10946
11074
10738
11058
10818
10914
10594
10962
10610
10770
10498
10578
10802
10498
10802
10818
10274
10210
10706
10434
10546
10514
10514
10706
10466
10706
10418
10706
10754
10306
10866
10546
10738
10322
10978
10674
10818
10674
10146
10674
10626
10466
10274
10386
10466
10338
10466
10098
10226
9938
10290
10466
10050
10354
9922
10098
10338
10258
10274
10098
10450
9938
10194
9682
10146
9858
10210
10082
10466
10354
9906
10018
10162
10226
10194
10146
10018
9730
9954
10370
9938
10146
9810
10130
9890
9970
10130
10178
9810
10210
10306
9922
10178
10418
10322
10354
10274
10162
10162
10194
10786
10242
10514
10290
10274
10098
10354
9826
10162
10434
10434
10450
9986
10274
10050
10130
10338
10258
10834
10162
10194
10338
10162
10802
10146
10530
10146
10450
10162
9970
10226
10354
10082
10066
10242
10338
10466
10434
10466
10146
10626
10082
10210
10050
9634
10722
10098
10322
10050
9698
10082
10578
10098
10354
10418
10194
10354
10066
10178
10066
9602
10018
10162
10594
10466
10306
10674
10114
10322
10978
10466
10722
10482
10578
10834
10642
11170
10946
11266
10722
10754
10530
10898
11138
10834
11362
10818
11378
11490
11298
11266
11410
11538
11202
11490
11186
11490
11362
11474
11330
11426
11970
11186
11762
11474
11666
11490
11682
11906
11442
11778
11426
11714
11538
11522
11170
12291
11650
11106
11666
11234
10962
11106
11410
10818
10690
11218
10978
10626
10978
10594
10098
10978
10626
10962
10914
10370
10754
10674
10770
10450
10418
10162
10034
10114
10162
10370
10082
9762
10162
9762
10034
10274
9730
9922
9826
9266
9906
9490
9714
10098
9394
9826
9394
9618
9490
9762
9874
9490
10002
9714
10098
9762
9922
9890
10034
10514
10514
10946
10338
10578
11618
11106
10930
10914
10962
11074
11874
11074
11362
11986
11858
12050
11954
12419
12178
12451
12210
13091
12595
13971
13491
13555
13731
14307
14387
14515
14931
15331
15507
16067
16083
16596
17524
17236
17300
18132
18452
18756
18724
18884
19108
19684
19620
19908
20068
20116
20501
20436
20517
20549
20757
20549
20709
20581
20677
20404
20004
20020
19620
19428
19140
18772
18564
17748
17492
16916
16708
16243
16420
15811
15635
16083
16211
16115
16612
17284
17476
17748
18388
18852
19508
19364
19924
19860
20452
20468
20789
19924
20725
20436
20741
20324
20116
19924
19092
19172
18580
18244
17652
17572
17124
16756
16436
16388
16083
16420
15923
15843
15203
15283
14547
14915
14643
14755
14291
14675
13971
14211
13715
13635
13331
13619
13507
13539
13187
12947
13043
12659
13331
12515
12627
12547
12467
12435
12563
12307
12419
12307
11922
12050
11650
12114
12034
12114
12419
12467
12803
12643
12771
13123
13091
13235
13635
13779
13811
13907
14227
14339
14643
15331
15699
15699
16131
16163
16179
16339
16275
16532
16964
16820
17204
18020
17620
17444
17716
17748
17572
17972
18148
17876
17860
18356
18420
18420
18436
18756
18596
19108
18964
18308
19412
19636
20501
19956
20292
20212
20757
20709
21093
21093
21445
21669
21797
21829
21589
22325
22197
22453
22293
22661
23285
22549
22645
22677
22789
22821
23173
23877
23061
23301
23317
23189
23445
23301
23621
23509
22757
23605
23829
23701
24021
23349
23733
23877
23157
23781
23877
23669
23989
24069
24053
24341
23909
24021
24005
24261
24117
24341
24373
24117
24309
24037
23877
24133
23365
24101
24149
24565
24453
24133
24341
24694
24341
24325
24501
24469
24357
24309
24389
24950
24341
24646
24453
24549
24517
24485
24886
24565
24485
24309
24565
24325
24117
24357
24630
24485
24517
24373
24405
24565
24501
24421
24694
24469
24373
24405
24614
24421
24726
24437
24854
24533
24405
24533
24517
24742
24309
25222
24694
24357
24710
24678
24469
24710
24277
24822
24549
24501
24517
24934
24646
24630
24293
24710
24614
24437
24421
24838
24517
24341
24678
24405
24694
24437
24774
24469
24678
24854
24229
24998
24485
24293
24646
24774
25126
24533
24261
24149
24437
24005
24229
24373
24229
24229
23989
24565
24181
24453
24021
24213
24421
24245
24053
24229
23941
24293
24501
23813
24149
23909
24117
23877
24149
23861
23797
23797
23557
23445
23877
23861
24037
23845
23813
24213
24533
24005
24181
23765
24149
23909
23957
23653
24277
24021
23621
24005
23877
23813
23589
23829
23525
23861
23621
23989
23877
24309
23941
23893
24021
23765
23845
23701
24005
23733
23685
23957
24005
24053
24053
23877
24085
24069
24149
24053
24245
24005
23989
24069
24838
23909
24197
23909
24213
24838
24053
24053
24742
24117
23925
23941
24245
23989
24133
24085
24309
23861
23973
23909
23877
23893
23701
23749
23749
23989
24277
23829
24005
23973
24069
23957
23669
23765
23829
23925
23717
23781
24021
23653
24085
23717
23957
23701
23925
23573
23685
23989
23733
23973
23861
23749
23813
23941
24101
23813
23973
24117
24021
23877
23445
24117
24133
23637
23877
24101
24101
24165
24421
23749
24053
23877
24085
23925
23957
24053
23973
24085
24245
23957
24117
23861
24053
23989
24806
24021
23909
24021
23893
23765
24101
24181
24069
23989
24085
23829
23957
23973
24357
23989
24293
24037
24005
24149
23413
24309
23925
24085
23973
23861
23653
24165
23941
24133
23893
24854
23893
24117
24101
24293
23925
23957
24213
23909
24197
23957
24213
24133
23925
24870
23861
24357
23989
24197
24005
24053
23669
23877
24213
23973
24357
24133
23877
24325
24069
24357
23909
24213
24790
24245
23637
23701
24133
24005
24181
24021
24405
24101
24101
24229
24021
23733
24277
24197
24037
24341
23621
24213
24309
24021
24229
24005
23925
24341
23701
24229
23957
24229
24117
24213
23989
24309
24117
24101
24181
23957
24117
24053
24245
23909
24277
24069
24197
24037
24069
24501
24117
23893
24181
23829
24181
24069
24373
24277
23973
23765
24293
23925
24181
24021
24229
24053
24245
24165
24037
24197
24101
23733
24822
24261
24742
24469
24213
23893
24165
24133
23733
24117
23989
23621
24533
24630
24005
23989
23861
24181
24277
24085
24101
24197
24037
24037
24213
24245
24005
24934
24101
24261
23813
24453
24325
24101
24421
24053
24341
24133
24437
24133
24213
24261
24662
24149
24293
23957
24309
24373
24117
24437
24293
24277
24261
24485
24181
24021
24357
24069
24501
24694
