15043
15411
15315
15443
15475
15443
15491
15507
15603
15539
15267
15203
15619
15507
15507
15171
14995
15251
15331
15331
15075
14835
14899
15139
15091
15139
15235
15459
15123
15203
15219
14691
14851
14643
14515
14259
14851
14659
14835
15027
14995
15427
15043
14755
14451
14691
14739
14579
14531
15091
14899
15283
15075
15331
15251
15011
14963
14995
14883
14819
14611
14867
14547
14819
14707
14547
15011
14851
14627
14675
14259
14307
14259
14291
14931
14499
14547
14739
15315
15043
15187
15171
14883
14579
14515
14899
14883
14963
15363
15443
15459
15795
15795
15987
16804
16660
16484
16500
16964
17124
17108
17364
17732
17940
18484
19220
19812
19812
19220
19380
19156
18724
18260
18132
17668
17236
16564
16291
15923
16019
15619
15027
14659
14499
13859
13155
12819
13443
13923
15315
16436
17348
17844
18724
19028
19172
19444
19588
20132
20340
20468
21013
21109
21013
21333
21029
21173
21349
21157
21429
21637
21717
21285
21429
20709
20228
19380
18356
17284
16500
15523
14723
14083
13843
13155
12883
13011
12531
12979
12531
12707
12723
12515
12419
12387
12531
12210
12707
12739
12723
12995
12707
13043
13539
13507
13907
13827
14547
15123
15651
15875
16612
17108
17668
17940
18148
18212
18436
18772
18788
18788
19332
19732
19876
19956
19860
19972
20052
20244
20629
20757
20821
21141
21365
21189
21333
21557
21413
21429
21589
21349
21525
21701
21445
21333
21573
21701
21541
21381
21141
21365
21045
21125
21205
20789
21045
20773
20853
20853
20565
20452
19780
19716
19604
19524
18820
18788
18948
18852
18980
18772
18020
18276
18004
17780
17780
17492
17076
17236
16612
16644
16259
16131
16788
16067
15971
15555
15267
14979
14691
14531
14771
14547
14451
14259
14035
14227
13939
13843
13603
13747
13187
13459
12995
13363
13331
12995
12707
13011
12867
12579
12819
12579
12291
12547
12210
12451
12403
12274
12339
12307
12435
12483
12595
13091
13411
13363
13987
13955
13795
14067
14243
13987
14355
14195
14243
14499
14707
14899
14947
14979
15331
15251
15491
15715
15939
15683
16243
16564
16548
17028
17332
17604
17492
17732
17828
17924
18084
18356
18788
18772
18900
18676
18884
19140
19060
19364
19476
19268
19316
19812
19860
19572
19956
20020
20324
20340
20292
20517
20581
20501
20693
20709
20436
20853
20773
20741
20917
21125
20917
21109
21413
21029
21301
21205
21237
21429
21429
21109
21605
21701
21605
21493
21669
21605
21557
21717
21829
21813
21637
21877
21957
21861
22053
22085
22005
22261
22165
22005
22293
22133
22117
22405
22213
22277
22245
22245
22117
22405
21989
22437
22325
21861
22165
21733
21429
21573
21157
20661
20533
20292
19716
19780
19044
19172
19012
18820
19140
18612
18740
18708
18164
18388
17972
17636
17924
18004
17636
17524
17236
17044
16452
16099
15955
15107
14851
14435
14163
13779
12995
12995
12851
12739
12451
12531
12595
12531
12499
12483
12483
12499
12579
12451
12371
12162
12403
12178
11970
12274
11874
12339
11698
12307
12627
12819
13299
13955
14995
15907
16644
16948
17412
17332
17780
17652
17988
18116
18196
18340
18292
18452
18900
18836
19156
19252
19156
19428
19332
19348
19700
19652
20004
19956
20388
20452
20485
20981
20949
21045
21445
21461
21381
21301
21781
21669
21589
21733
21461
21877
21893
21877
21733
21733
22117
22261
22069
21893
21893
21845
22117
22165
22117
22133
21957
22053
22373
22437
22437
22357
22341
22357
22341
22277
22005
21909
21365
20965
20773
20404
20084
19764
20260
20420
20452
20581
20981
20997
20853
20436
20100
20404
20292
19828
19524
18980
19060
18676
18148
17572
17620
17252
16404
16307
15731
15939
15667
15475
15523
15283
15315
15507
15539
15299
15011
14803
14691
14403
14019
13667
13187
12995
13187
13331
13331
13219
12771
12691
12563
12403
12403
12323
12307
12242
12194
12258
12291
12291
12226
12178
12226
12258
12258
12210
12242
12242
12194
12098
12018
12018
12419
11858
12274
12483
12371
12403
11954
12419
12547
12018
12002
12515
12002
11986
12050
11874
11954
12002
11778
12034
12210
12307
12307
12242
12210
12130
12098
11890
11970
12066
12146
12258
12355
12403
12451
12611
12467
12371
12258
12323
12258
12323
12339
12258
12387
12403
12355
12419
12403
12323
12307
12018
11986
12018
11954
12419
12242
12210
12226
12323
12419
12515
12483
12531
12963
12915
12835
13043
12643
13059
12771
13059
12803
13091
13171
12707
12915
12611
12339
12178
12307
11906
11842
11762
11618
12018
11986
11938
11938
11890
11826
11874
11874
11826
11842
11762
11906
11794
11938
11762
11938
11986
12066
12002
11970
11922
12034
11922
11954
11922
11986
11842
12002
12018
12130
12162
11762
11746
11810
11730
12194
12114
12194
12098
12018
11874
11826
11618
11762
11666
11810
12066
11810
11970
11954
11986
11890
11826
11858
11858
11730
11634
11778
11570
11570
11874
11602
12002
12050
11922
12018
11954
11986
11954
11938
12034
12018
12050
11666
11554
12050
11954
11554
11634
11730
11682
11634
11618
12002
11922
11954
12595
14067
15203
16900
18148
18804
19636
20148
20452
20549
20885
21269
21285
21141
20997
20981
20533
20485
19636
18452
17668
16596
15907
15459
14931
14243
14035
13859
13651
13555
13619
13299
13235
13187
12867
12995
12787
12691
12258
12419
12194
12146
12387
12355
12034
12403
12274
12307
12210
12723
12755
13187
13347
13795
13923
14083
14243
14291
14371
13987
14371
14675
14483
14819
14995
14707
14835
15283
15571
15443
16003
16452
16564
17348
17604
18660
19268
20036
20068
20725
20741
20757
21205
21301
21333
21221
21285
21717
21637
21653
21525
21957
21973
22037
21989
22021
21957
21941
21957
22293
22069
21957
21605
21621
21365
21701
21429
21253
20917
21125
20917
20901
20485
20581
20517
20388
20372
20276
20549
19652
19524
19364
19108
18740
18276
17716
17332
16612
16548
16452
15971
15891
15859
15939
15715
15459
15331
15363
15107
15171
14867
14835
14611
14291
13875
13411
13155
13091
12979
12979
12947
13075
13171
13059
13379
13651
13795
13731
13811
13731
13619
13763
14163
14019
13875
13891
13875
13939
13891
14163
14371
14723
15043
15379
15635
16035
16420
16868
16964
16852
17220
17172
17524
17796
17444
17684
17716
17908
17972
17556
17796
18084
18372
18132
18548
18340
18708
18548
18676
18868
18948
18596
18900
19348
18948
19412
19828
20180
20885
21029
21093
21605
21477
21829
21893
21813
21749
22085
22069
22021
21941
22149
22053
21909
22245
22229
22197
22325
22325
22005
21973
21989
21957
21989
22021
21797
21925
22101
21909
21797
21685
21509
20949
21253
21061
20773
20436
20452
20132
20052
20276
20036
19908
20132
19700
20116
19732
19156
18948
18276
17572
17540
17012
16868
15779
15539
15267
15091
14851
14707
14499
14243
14019
13875
13731
13667
13619
13491
13491
13219
12931
12675
12403
12082
12643
12355
12291
12178
11954
12547
12339
12339
12210
12194
12066
12178
12355
12947
13027
13123
13139
13363
13331
13347
13411
13555
13571
13571
13507
13555
13539
13411
13443
13283
13843
13715
13651
13827
14115
14707
15347
15715
16019
15811
16147
16131
16195
16612
17060
16820
16820
17188
17348
17108
17204
17364
17284
17508
17396
17380
17748
17732
17572
17652
18340
18740
19124
19556
19652
20084
19892
20372
20052
20340
20036
20468
20196
20228
20517
20388
20709
20629
20869
20693
20485
20869
20789
20773
20917
20725
20821
20741
20981
20661
21173
21349
21365
21541
21509
21381
21205
21493
21237
21493
21237
21077
21397
21397
21477
21957
21973
21909
21909
22341
22213
22261
22101
22389
22277
22197
22389
22181
22517
22389
22261
22565
22421
22517
22469
22405
22501
22501
22453
22549
22517
22357
22773
22645
22261
21925
21781
22053
21861
21781
21573
22037
21749
21589
21925
21909
21573
22021
21957
21653
22069
21925
21717
22005
21829
22245
21685
21413
21589
21413
21733
21621
21973
21589
21669
21797
21749
21749
21685
21669
21605
21509
21445
21525
21621
21861
21557
21877
21541
21749
21253
22037
21909
22309
21829
22037
21861
21845
22117
21973
21957
22181
22149
22037
21445
21077
20276
19924
20212
20244
20276
20789
20597
20837
20693
20533
21093
20404
20132
20324
20004
19764
19940
19476
19412
19892
19876
19764
19732
19972
19636
19380
19540
19220
18852
18852
18964
19156
18804
18628
18932
18804
19060
18868
18964
18724
18516
18900
18660
19012
18916
18884
19284
19188
18820
19412
19172
19348
19236
18900
19348
19236
19572
19460
19700
19796
19780
19572
19956
19876
19780
19700
19572
19940
19892
19540
20148
19940
19668
20276
19924
19876
19652
20068
19684
19700
19956
19700
20244
19844
20052
19668
20132
19908
19780
20164
20212
19876
20068
20020
19924
19940
20180
20132
20132
19924
19860
20132
19956
20164
20052
19940
19812
20244
20084
20100
19876
20004
20340
20340
20260
20196
20164
20132
20180
20212
20148
20228
20340
20324
20741
20901
20885
20805
20757
20549
20404
20805
20677
20581
20501
20388
20340
20661
20452
20372
20549
20549
20340
20292
20148
20116
20276
20100
20276
20132
19796
19796
20004
19780
20004
19652
20116
19764
20132
19796
20196
