27062
26902
27062
27014
26870
27014
26854
27126
26902
26886
26902
26902
26870
26998
26870
27030
26966
26870
27110
27062
27206
26278
26966
26950
26678
26822
26870
26774
26902
26886
26966
26806
26982
27046
27030
26822
27014
26934
26870
27110
26918
27158
26886
26918
27094
26870
27046
26806
27110
26886
26838
26742
27126
27030
26982
27110
27110
27030
27750
26758
27046
27174
26966
26806
27078
27110
26998
26758
27142
26934
26870
26790
27046
27046
26390
26806
27174
26838
27126
26950
26918
27126
26902
27174
26934
27222
26966
27078
27046
26886
27094
26982
27142
26966
26950
27110
26838
27126
26934
27126
27062
27142
27062
26902
27030
26886
27190
26998
26646
27510
26966
27222
26390
27142
27030
27206
26950
26822
27110
26854
27094
26934
26934
27126
26902
26966
26902
27062
26870
26918
27126
26662
26886
27174
26918
27190
26806
27318
27110
27094
26998
26982
27254
27046
27382
26998
26870
27190
27046
26838
27270
26982
27110
26950
26918
26870
26886
26790
26838
26982
27302
26886
27190
26998
27110
27286
27062
27078
27158
27030
26230
27078
26870
26886
26966
26694
27110
27030
26806
26918
26934
26934
26838
27158
26838
26934
26934
27094
26950
26806
26806
26870
26838
27078
26838
27190
26966
27414
26630
27254
26934
27654
26822
26982
26086
26918
26662
26742
26854
26614
26198
26678
26822
26870
26678
26726
26934
26582
26838
26806
26470
26726
26582
27030
26614
26694
26534
26518
26646
26550
26662
26566
26502
26934
26566
26982
26518
26262
26678
26390
26598
25750
26598
26342
26150
26470
26294
26614
26422
26278
26198
26230
26310
26374
26470
26326
26390
26406
26230
25910
26278
26070
26342
26294
26486
26294
26422
26198
26086
26246
26230
26054
26422
26150
26150
26150
26374
26086
26086
26310
26166
26470
26166
26358
26134
26374
26502
26102
26150
26054
26294
26134
26262
26134
25958
26262
26006
26182
25942
26134
26022
25846
25846
26118
26006
25910
26022
25782
25878
25910
25670
25910
25590
26310
26070
25622
25862
25590
26102
25526
25766
25702
25462
25718
25462
25622
25494
25750
25510
25782
25798
25190
25334
25638
25654
25526
25318
25318
25366
25286
25478
25270
25302
25446
25174
25398
25222
25366
25414
25318
25206
25526
25142
25414
25302
25350
25526
25302
25286
25254
25446
25334
25542
25286
25222
25462
25430
25414
25174
25190
25494
25350
25062
25286
25110
26006
24934
24934
25174
25142
25126
24870
25142
25190
24902
24854
25190
24950
24886
24710
24950
25062
24806
24838
25062
24854
24662
25126
24614
24790
24614
25046
24678
24822
24678
24533
24822
24902
24485
24806
24453
24662
24710
24485
24309
24181
24501
24197
24149
24181
24325
24245
24261
24389
24149
24357
24341
23925
24373
23541
24213
24245
23877
24181
23909
24005
24453
23925
23461
23973
23573
23973
23797
23893
24037
24293
23781
23909
23733
23541
23701
23413
23317
23621
23781
23509
23637
22885
23221
23493
23237
23573
23493
23301
23445
23397
22837
23317
22965
23189
22949
23141
22277
23141
22933
23205
23061
22981
22693
22981
22885
22741
22805
22581
22757
23205
22725
22725
22677
22805
22965
22501
22485
22549
22805
22645
22709
22645
22741
22709
22309
22389
22533
22757
22357
22693
22677
22597
22629
22389
22645
22485
22693
22373
22325
22677
22245
22549
22325
22549
22197
22757
22501
22357
22581
22517
22309
22405
22053
22677
22469
22581
22341
22389
22325
22597
22293
22613
22309
22501
22341
22373
22325
22645
22373
22229
22437
22213
22421
22357
22501
22181
22069
22341
22501
22181
22613
22037
22373
22309
22469
22213
22229
21877
22085
21989
22277
22053
22229
22869
22405
22005
22277
22197
21941
22229
22229
22149
21829
22085
21669
22005
21861
22245
21957
21893
21909
22373
22101
21749
22197
21909
21925
21925
22213
21813
22069
22229
22069
22069
21877
21925
22021
21829
21989
21797
22005
22181
22069
21989
21989
21893
22229
21957
22197
22309
22261
22133
22197
22245
21957
22965
22069
22437
22101
22325
21957
22261
22277
22453
22133
22181
22261
22309
22181
22501
22565
22517
22325
22613
22389
22613
22485
22325
22581
22485
22805
22773
22757
22485
22437
22581
22549
22741
22549
22885
23077
22789
22645
22805
22565
22773
22645
23029
22597
22901
22581
22949
22757
23269
22933
22597
22885
22853
23013
22773
22661
22629
22837
22933
22357
22565
22261
22789
22917
23141
22869
22869
22981
22197
23029
22725
22629
22917
22485
23029
22789
23109
22645
22661
22885
22597
22853
22581
22949
22869
22885
22661
22821
22341
22821
22581
22773
22789
22757
22709
22565
23509
22693
22837
22645
22901
22549
22709
22581
22693
22485
22853
22757
22565
22805
22501
22661
22645
22645
22581
22421
22741
22485
22709
22581
22501
22757
22501
22773
22725
22517
22757
22741
22485
22853
22869
22741
22373
22581
22917
22741
22597
22741
22725
22821
22501
22629
22549
23189
22549
22677
22773
22517
22677
22277
22469
22549
22453
22677
22501
22613
22389
22373
22277
22437
22293
22453
22149
22181
22437
22341
22085
22293
22469
22341
22293
22117
21941
22629
22341
22181
21749
22101
21989
22165
21973
22693
22053
21941
22085
21877
22645
22757
22197
22037
21765
21877
22197
21925
22133
21973
21861
22053
21669
22005
22069
22117
21813
22165
21797
21525
21957
22101
21877
22005
21973
22165
22005
22773
22005
22085
22053
22325
21941
22133
22117
21733
22453
22037
22229
22037
22197
21973
22229
22085
21893
22901
21717
21973
22293
22085
22261
22037
22549
21957
22517
22629
21925
22181
22357
22037
21941
22197
21909
22165
22085
22245
22197
22165
21797
22069
21861
22069
22309
22133
21989
22421
21957
21797
21989
21125
21957
21669
21925
22069
21845
22773
21781
22021
21781
21621
21845
21909
21989
21669
21893
21653
21877
21701
21861
21845
21733
21957
21781
21973
21157
21605
21413
21717
21909
21813
21381
21877
21653
21845
21941
21749
21925
22021
21781
21877
21829
22069
21765
22069
21909
21733
22149
21797
22101
22293
22053
21877
22213
22053
21653
22149
21973
22165
21829
22245
21941
22181
22181
22197
22181
22293
22373
22533
22197
22277
22501
22341
23317
22357
22757
22517
22773
22693
22853
22613
22661
22981
23093
22965
23157
23029
22757
23077
22901
23125
23013
22597
22949
22885
23157
22917
23541
23349
23237
23045
23301
22805
23301
23093
23317
23141
23333
23109
23093
23125
22885
23317
23077
23141
23045
23381
23189
23429
23141
23461
23173
23365
23269
23669
23461
23653
23445
23205
23685
23397
23013
23445
23413
23429
23493
23605
23381
23285
23397
23285
23733
23413
23653
23669
23173
23653
23589
23637
23589
23861
23749
23765
23813
23669
23925
23717
24117
24053
24133
23893
24117
23973
24517
24101
24325
24005
24373
24373
24085
24646
24389
24341
24501
24774
24565
24870
24934
24790
25094
24950
24998
24998
24822
25110
24998
25382
25302
25318
25382
25126
25398
25206
25430
25398
25558
25478
25318
25654
25654
25798
25702
25782
25558
25494
25462
25702
25478
25990
25910
26006
25670
26022
26054
26038
26070
26006
25990
26230
26006
25734
26214
25958
26086
26006
26310
26230
26054
26310
26102
26422
26310
26582
26470
26198
26390
26454
26150
26278
26086
26358
26006
26102
25846
25782
25942
26086
26150
25766
26038
25926
26054
26150
25894
26134
25942
26134
25718
26038
25926
26134
25942
25942
25942
26070
26038
25814
25926
25942
25478
25974
25910
26022
26006
26310
25894
26086
25926
25606
25846
25686
25638
25910
25702
25862
25862
25638
25718
25542
25862
25702
25734
25654
25926
25510
25846
25542
25574
25766
25638
26438
26038
25510
25718
25558
25862
25606
25942
25686
25926
25958
25654
25926
25702
25990
25814
25910
25958
25910
25830
25846
26038
25958
25766
26390
25558
25974
25878
26006
25910
26070
25846
26246
25974
26214
26022
26038
26262
25990
25942
26038
26262
26054
26342
25846
26374
26150
26246
26198
26022
26294
26070
26022
26198
26038
26278
26054
26150
26182
25894
26102
26150
26278
26134
25894
26086
25894
26214
26006
26214
25990
26006
25974
25862
26118
25846
26022
25878
26070
25958
25766
26038
25766
25638
25750
25990
25814
25974
25846
25526
25894
25766
25910
25654
25910
25718
25830
25862
25590
25766
25590
26022
25878
25798
25862
25654
25574
25686
25862
25494
25750
25734
25622
25750
25574
25766
25686
25846
25606
25654
25782
25462
25606
25798
25766
25718
25318
25878
25350
25430
25654
25430
25734
25734
25574
25638
25846
25766
25670
25494
25734
25830
25478
25766
25478
25686
25526
26022
25670
25974
25782
25542
25830
25814
25318
25670
25414
25638
25334
25526
25478
25446
25654
25510
25814
25366
25478
25638
25318
25494
25206
25606
25542
25654
25590
25718
25590
25302
25542
25462
25238
25590
25462
25558
25350
25590
25302
25622
25446
25462
25398
25222
25510
25382
25670
25430
25222
25142
25350
25510
25350
25414
25318
24934
25478
25254
25366
25302
25526
25382
25622
25590
25062
25494
25238
25318
25430
25510
25190
25606
25350
25398
25462
25270
25398
25542
25686
25590
25766
25366
25798
25590
25814
25894
26374
25910
25718
25766
25798
25638
25910
25638
25894
25766
25910
25862
25702
25830
25878
26006
25766
25990
26006
25878
26054
25958
26006
25862
26134
26118
26086
26054
25814
26086
25894
26134
25926
26358
25894
26086
26054
26150
26182
26038
26310
26038
26230
26150
26342
26086
26342
26150
26246
26358
26230
26086
26230
26038
26310
26054
26230
26150
26374
26294
26358
26358
26454
26102
26102
26262
26262
26438
26150
26374
26358
26246
26390
25990
26502
26358
26022
26374
26166
26278
25686
26006
26486
26310
26422
26262
26518
26294
26390
26630
26198
26422
26086
26406
27062
26406
26358
26358
26198
26358
26150
26310
26326
26454
26278
26182
26134
26070
25878
26454
26150
26278
26294
25958
26454
26166
26294
25574
25894
26294
26102
26118
25958
26374
26390
26310
26358
26182
26342
26038
26262
26358
26358
26102
26454
26198
26390
26246
26390
26230
26342
26678
26262
26262
26294
26454
26278
26358
26278
26454
26214
26422
26326
26582
26358
26342
26342
26246
26598
26358
26598
26486
26454
26342
26694
26534
26870
26502
26822
26758
26598
26822
26662
26758
26758
26822
27510
27094
26886
26598
26934
26774
27014
26806
26710
26998
26854
26710
26918
27174
27046
26790
26982
26870
26726
26902
26710
26982
26902
26678
26806
27526
26806
26998
26854
26742
26886
26710
26822
26566
26614
26662
26582
26310
26438
26374
26614
26326
26630
26262
26598
26262
26246
26230
26102
26182
26118
26998
26118
25590
26166
26358
25878
26102
25910
25926
25782
25894
25638
25878
25702
26326
25782
25430
25478
26102
25702
25302
25190
25430
25110
25334
24966
25734
25078
24918
24934
24822
24998
24742
24630
24646
24341
24469
24389
23877
24101
24053
24149
23829
24149
23909
24005
23941
23909
23957
23461
23525
23509
23221
23285
23141
23285
23205
22933
22757
22949
22565
22437
22597
22277
22117
22661
22389
21973
22341
22021
21973
21781
21637
21765
21397
21653
21285
21557
21285
20997
20997
21029
21093
20709
21301
20436
20661
20501
20565
21093
20436
20404
19636
19812
20517
19684
19956
19556
19268
19556
19172
19268
18916
19028
18788
19012
18628
18500
18756
18516
18692
18308
18468
18084
17940
18036
17828
17876
17556
17620
18036
17396
18468
17364
17476
17476
17396
17268
17012
16868
16948
17748
16724
16612
17044
16756
16612
16580
16291
16500
16067
16420
16163
16163
16452
16147
15155
16612
15715
16339
16035
15971
15619
16083
15331
15107
15411
15635
15379
15219
15315
15507
15123
15459
15939
15267
15363
14995
15267
14995
15027
14787
15027
15075
14835
14931
14627
14595
14899
14323
14563
14611
14387
14515
14035
14659
14371
14403
14163
14147
13619
13939
13491
13603
13395
13459
13619
13267
13571
13027
13203
13203
12355
12739
12851
12547
12483
12531
12531
12258
12451
11890
12355
12323
12258
11634
11826
11938
11746
11570
11778
11890
11474
11666
11714
11234
11570
11730
11266
11666
11186
11474
11570
11218
11586
11138
11170
11602
11506
11650
11330
11682
11698
11282
11698
11714
11410
11666
11986
11666
11954
11554
11954
11554
11890
11810
12082
12291
11938
12274
12146
12194
12371
12483
12066
12435
12659
12547
12819
12515
12883
12979
12867
13171
12899
14019
13523
13267
13587
13539
13635
13763
14147
13811
14419
14019
14499
14739
14659
15091
14771
14947
15155
15539
15139
15683
15683
15715
16291
15955
16099
16532
16388
16868
16868
16772
17284
17620
17476
17556
17716
17860
18212
18212
18596
19300
18884
18948
19092
19124
19476
19316
19748
20004
20084
20132
20452
20452
20741
20677
21093
21573
21285
21749
21749
22037
21365
22133
22549
22357
22901
22645
23125
23109
23333
23829
23717
23493
23765
23797
24053
24870
23893
24309
24053
24149
24261
24758
24517
24710
24854
24565
24710
24726
24886
24774
25078
24774
24694
25014
24662
24918
24678
24774
24694
24213
24325
24101
24133
23973
24117
23829
23509
23413
23317
23365
22917
22741
22725
22517
22549
21653
22325
21861
22005
21541
21349
21157
21093
20741
20180
20404
20324
19796
19844
19380
19396
18948
18900
18132
18340
17860
16804
17364
16756
16932
16868
16468
16404
15843
15875
16323
15539
14899
15043
14707
14947
14515
14675
14627
14243
14531
14195
14371
15027
14611
14563
14451
14691
15059
14947
15219
15363
15091
15411
15923
15907
15987
16147
16580
16452
16916
16692
16628
17268
17780
17684
18100
18100
18516
18772
18980
18884
19396
19380
19524
19956
19844
19972
20533
20597
20933
20821
21253
21621
21605
22165
21989
22037
22581
22453
22885
22949
22869
23301
23285
24341
23589
23909
24181
24197
24325
24421
24373
24309
24549
24517
24806
24982
24934
25126
25222
25030
25286
25062
25670
24998
24950
25302
25046
25174
25158
25190
25062
24854
24726
24806
24966
24806
24485
24982
24501
24293
24918
24277
23861
23829
23701
23525
23093
23477
22693
22389
22485
22005
21925
21525
21685
21029
21189
20709
20196
20260
19700
19588
19396
18996
18660
18548
18148
17604
17652
17396
17108
17172
16596
15891
16644
16067
16211
15955
15635
15299
15299
14819
14979
14451
14515
14211
14339
13971
14595
13747
13795
14099
13667
13827
13411
13507
13395
13331
13491
13587
13107
13395
13347
13075
13331
12899
13267
13235
13203
12835
13011
13075
13027
12691
13107
12643
12851
12979
12787
13171
12483
12819
12579
13027
12515
12739
12947
13091
12739
13363
12707
12931
12515
12915
13043
13043
13107
13011
13251
12563
13091
12899
13123
13027
13187
12787
13267
12755
13235
13251
13411
13059
13171
13523
13203
13283
13363
13635
13603
13683
13747
13731
14403
13779
13491
13843
13907
13603
13843
14099
14019
13779
13763
14115
14051
14307
14067
14339
14371
15203
14499
13907
14371
14627
14531
14867
14371
14979
14723
14451
14867
14787
14947
15555
14931
14915
15027
15443
15587
15395
15571
15443
15539
15763
15619
15667
15795
16147
16067
16131
16323
16227
16484
16628
16436
16628
16884
16932
16740
17044
16740
17204
17204
17284
17060
17412
17124
17412
17476
17300
17316
16692
17604
17844
17780
17732
17844
18036
17860
18452
18116
17876
18276
18180
18324
18212
18660
18484
18772
18548
18916
18852
18996
19300
19412
19172
19060
19380
19700
19684
19924
19700
19748
20244
19988
20404
20501
20276
20148
20645
20997
20789
21125
20981
21365
21637
21685
21653
21957
21829
22197
22021
22405
22645
22677
22949
22133
23141
23077
23397
23413
23573
23829
23637
23813
23829
24309
24213
24453
24549
24405
24902
24774
24662
24934
25206
25078
24678
25446
25158
25446
25414
25238
25222
25014
25494
25382
25382
25526
25750
25494
25734
25510
25462
25670
25414
26006
25382
25670
25350
25574
25494
25670
25542
25734
25654
25334
25494
25190
25318
25318
25062
25510
25078
25014
25270
25222
25142
25398
25062
25462
25254
25014
25094
24966
25030
25254
24950
24806
24469
24822
24149
24662
24437
24694
24453
24485
24646
23973
24437
24293
24165
24213
24229
23845
23701
23909
23557
23909
23621
23749
23493
23477
23429
22869
23445
22949
23125
22965
23013
22677
22965
22757
22773
22501
22437
22469
22149
22389
22133
22725
22213
22085
21941
22021
21749
21957
21557
21861
21861
21829
21445
21781
21461
21685
21413
21109
21461
21541
21301
21637
21077
21429
21253
21445
21157
21509
21029
20837
21013
20805
20965
21429
20885
21077
20965
21029
20933
20997
20581
20420
20773
20517
20372
20485
20228
20468
20260
20517
19940
20116
20068
19188
19908
18868
19572
19188
19748
19300
18932
19172
19012
18868
18692
18404
18516
18308
18180
17892
17892
17572
17268
17380
17316
16868
17076
16724
16804
16291
16436
16179
16131
15667
15827
15651
15507
15347
15203
14867
14963
14355
14803
14659
14563
14163
14403
13955
14003
14195
13651
13891
13827
13523
13651
13475
13139
13475
13059
13251
13299
12915
12435
12755
12835
12563
12819
12403
12563
12723
12547
12194
12387
12371
12130
11938
11906
11890
11922
12226
12002
12098
11570
12018
11362
11778
11490
11362
11826
11458
11714
11378
11506
11746
11362
11698
11602
11442
11714
11394
11618
11442
12258
11490
11730
12146
11858
12114
12531
12339
12755
12547
13043
13059
13619
12963
14035
14115
15027
14563
15267
15139
15907
15875
17220
16420
17012
17956
16964
18228
18260
18836
18900
19124
19700
19780
20180
20340
20693
20917
21157
21237
21461
21589
21909
22389
22293
22709
22901
22773
23141
23093
23717
23541
23669
23797
24005
24213
24117
24389
24437
24309
24261
24902
24614
24870
24758
24437
24950
25014
25286
25062
25062
24437
25414
25206
25318
25270
25446
25286
25158
25334
25078
25158
25014
24565
24902
24533
24662
24341
24517
24293
24245
24053
23925
23781
23413
23333
23221
23701
22789
22485
22597
22053
22133
21845
21653
21605
21141
20917
20565
20805
20084
20164
20020
20004
19428
19892
19172
19236
18964
19284
18420
18644
18244
18308
18324
17764
17620
17556
17620
17204
17316
16916
16900
16404
16724
16211
16548
15763
16035
15651
15923
15475
15747
16211
15379
15235
15139
15107
14739
14723
14435
14387
14403
14387
15139
13907
13827
13907
13491
14275
13491
13459
13443
13363
13299
13763
13235
12723
13043
12835
12675
12739
12739
12387
12643
12307
12579
12435
12339
12435
12146
12291
12915
12274
12499
12258
12274
12515
12563
12755
13491
12387
12691
12691
13027
12915
13379
13139
12819
13155
13427
13123
13107
13523
12755
13459
14355
13843
13779
14211
14243
14595
14691
14547
14819
15411
14995
15011
15475
15427
15651
15955
15939
15987
16452
16083
16420
16740
16804
17124
17108
17092
17476
17716
17604
18036
17876
18244
18244
18500
19268
18836
18836
19028
19236
19220
19428
19540
19572
19028
20004
19828
20180
20036
20356
20436
21029
20533
20805
21301
20821
21061
21141
21173
21301
21461
21653
21461
21477
21733
21573
21765
21893
22197
22373
22229
22309
22293
22549
22485
22773
22645
22517
22693
22981
23013
23125
23221
22837
23253
23077
23205
23173
23621
23941
23413
23589
23429
23669
23589
23557
24037
23781
24021
23989
24245
24149
24197
24277
24245
24854
24870
24726
24614
24886
24918
24630
24694
25062
25094
24918
25238
25206
24870
25526
25366
25062
25350
26166
25750
25654
25622
25814
25622
25350
25862
25686
26038
25926
26054
26118
26166
26214
26198
26326
26102
26134
26166
25958
26198
25830
25638
26038
25510
25654
25350
25398
25238
24918
24998
24790
24389
24261
23797
24021
23541
23509
23093
23173
22709
22693
22373
21861
21941
21941
21829
21173
21413
20965
21045
20805
20613
20356
20260
20132
19684
19732
19108
19588
19268
18836
18756
18452
18372
18404
18596
18148
18164
18148
17748
18164
17620
17188
17460
17220
17172
16852
16852
16468
16548
16179
16051
16195
15683
15859
15491
15539
15315
15539
15315
14899
14979
14611
14883
14707
14323
14531
14275
14003
14131
13651
13507
13859
13395
13107
13219
13267
12995
13139
13123
12851
13075
12563
12435
12387
12739
12274
12755
12274
12435
12451
11506
12339
11762
12130
12274
11810
12258
11970
12178
12323
11954
12659
12291
12178
11746
12114
11730
11922
11730
11874
11938
11698
12034
11746
11938
11842
12723
12050
11682
11458
11938
11586
11634
12034
11810
12050
11922
11954
11570
12098
11746
12130
12178
12018
12162
11890
11506
12002
12114
11890
12339
12419
12307
12435
12547
13075
12435
12739
12435
12931
12627
12979
12787
12883
13331
13187
13411
13491
13827
13683
13811
13827
14227
14691
14563
14611
15011
15443
15443
15891
16195
16452
16371
16980
16900
17284
17636
17876
18244
18420
19060
19140
19300
19892
20036
20677
20789
20933
21413
21733
22021
21925
22437
22581
22885
23093
22981
23541
23413
23621
23541
23749
23605
23925
23925
23813
24117
23973
24229
24838
23957
24181
24005
24165
23861
23845
23813
23669
23989
23509
23685
23477
23541
23445
23141
23365
23029
23205
22725
22965
22645
22885
22389
22725
21925
22357
22101
21701
21701
20581
21525
21061
20949
20420
20276
20324
20004
19764
19396
19444
18260
18948
18644
18084
17988
17572
17396
17396
16868
17012
16516
16628
16035
15955
16596
15379
15507
14995
15139
15027
14739
14307
14467
13987
14115
13811
13939
14131
13587
13715
13603
13475
13187
13299
13523
13043
13395
13075
13411
12915
13315
13619
13475
13523
13299
13507
13171
13507
13891
14003
14003
13731
13971
13955
14147
14163
14483
14307
14659
14867
14755
14771
15091
15219
14915
15459
15267
15283
15683
15619
15987
15779
15939
15779
16259
16291
16371
16163
16355
16756
16612
16339
16612
16900
16596
16259
16836
15859
17300
16420
16836
16884
16868
16660
16820
16836
17524
16948
17172
17012
17236
16804
17460
16644
17652
17060
17060
17044
17060
17060
16596
16964
17044
17172
16580
17188
16868
17108
16692
16948
16628
17524
16756
16932
17028
16980
16692
16564
16532
16788
16948
16868
16916
16436
16820
16404
17460
16772
16820
16355
16596
16468
17204
16339
16580
16243
16708
16708
16612
16436
16404
16420
16580
16628
16371
16195
16740
16259
16612
16628
16580
16676
16900
16692
16884
16708
16932
16884
16916
16596
16708
17124
16900
17092
16852
17108
17108
17028
17316
17012
17028
17236
16932
17156
17060
17300
17028
17412
17476
17460
16996
17556
17332
17268
17284
17172
17364
17412
17348
17636
17716
17268
17700
17956
17300
17476
17620
17380
17652
17348
17300
17748
17348
17668
17636
17348
17108
17316
17540
17604
17508
17540
17572
17556
17508
17252
17668
17284
17236
17204
17540
17588
17524
17076
17236
17140
17444
17060
17172
17444
17124
17220
16980
17076
16740
17220
16996
16996
17236
17028
17028
16740
17524
16884
16932
16980
16884
16900
16772
17284
16500
16820
17124
16756
16692
16836
17060
16724
16932
16692
16676
16612
16996
16756
16948
16996
16836
16740
16820
16628
17092
16724
16980
16692
16932
17044
16788
17124
16868
17220
16948
17476
16980
17236
17076
17140
17092
17524
17780
17044
17588
17220
17332
17572
17380
17812
17460
17748
17428
17764
17796
17332
17796
17524
17924
17572
17636
17652
17892
17572
17844
18532
17796
17988
17700
18036
17732
18084
17812
17684
18004
17796
17844
17732
18132
17700
18004
17764
18020
18564
18004
17956
17988
17940
17924
17956
17780
18020
17636
18004
17780
17956
18212
17700
17940
17652
17332
17476
17700
18548
17860
17748
17508
17668
17364
17796
17380
17604
17252
17380
17236
17028
17140
17396
17316
18116
17204
17492
17252
17428
17284
17460
17252
17428
17524
17188
17060
17332
16804
17396
17140
16820
17412
17060
17156
16884
17188
17332
17172
17396
17156
17140
17428
16964
17348
17396
17220
17444
17700
17652
17636
17700
17444
18260
17764
17924
17540
17796
17796
17988
17860
17828
18052
17876
18084
18228
18340
17828
18004
18292
18020
18436
18196
18548
18756
19652
18532
18404
18900
18740
18900
19060
18868
19124
18916
18932
19076
19284
19060
19316
19316
19732
19812
19780
19652
19268
19828
20068
20196
20068
20196
20084
20340
20260
20340
20340
20581
20597
20869
20709
20645
20981
20789
20901
20917
21205
21365
21093
21173
21157
21157
21317
21733
22069
21621
21653
21685
21429
21749
21493
22037
21653
21925
21813
22053
21861
21813
21845
22053
21573
22101
21893
21861
21941
21861
21973
21877
22213
22053
22261
22149
22245
22213
21877
22965
22117
22213
22085
22101
22453
22453
22501
22437
21605
22517
22309
22341
22581
22645
23349
22453
23413
22613
22357
22565
23253
22549
22373
22773
22581
22869
22917
22837
22805
23077
22853
22981
23045
22789
23413
23381
23189
23285
22917
23493
23317
23525
23429
23701
23669
23573
23765
23829
23749
23957
23909
24245
23957
24101
23701
24149
24037
24181
24197
24421
24277
24373
24469
24165
24133
24341
24501
23813
24678
24405
24405
25078
24437
24694
24870
24678
24565
24870
25126
24854
24758
24646
24678
24742
24966
24822
24630
24790
24950
24918
24742
24902
25046
25078
24870
25142
24886
25078
24614
24726
25014
24870
25158
24790
25110
24950
24918
25414
24918
25094
24630
24854
25062
25094
25046
25206
24854
25302
25382
25270
25062
25142
25126
25446
25110
25142
24838
25094
25030
25190
25222
25254
25254
25030
25286
25094
25238
25014
25382
25398
25094
25382
25302
25046
25414
25366
25574
25046
25430
25142
25670
25398
25510
25702
25382
25670
25382
25510
25510
25510
25654
25350
25734
25654
25574
25782
25638
25638
25910
25846
26086
25798
25990
25910
26198
25958
26054
25942
25830
26086
26118
26150
25958
26150
26118
26166
26310
26118
26358
26166
26102
25910
26470
26678
26406
26550
26310
26534
26422
26294
26854
26678
26582
26726
26310
26726
26054
26582
27094
26534
26822
26694
26486
26806
26758
26998
27494
26646
26918
26774
26918
27158
27078
27030
27030
26934
26822
27078
27094
27046
26918
26758
27158
27030
26854
26950
26918
27094
26790
27238
27446
26854
27110
26790
27046
26950
27398
27094
27046
26854
27366
27046
27318
27174
27110
27318
27158
26998
27318
26982
27366
27014
27078
27190
27366
27638
27174
27350
27206
26710
27382
27158
27318
27270
27030
26870
27510
26326
27174
26822
26870
26710
26742
26710
26230
26278
25958
25942
25750
25526
25174
25158
25030
24838
24213
24117
23477
23109
22917
22549
22485
21909
21845
21141
21013
20501
20388
19796
19700
18948
19012
18356
18276
17684
17652
17380
16916
17076
16564
16612
15427
16163
15827
15939
15395
15667
15555
15507
14899
15187
15475
15139
14931
15187
15107
14835
15411
15283
15347
15331
15891
15347
15827
15587
15635
15395
15619
16019
15747
16275
15779
16179
16179
16452
16404
16275
16564
17556
16740
17076
17108
17172
17572
17316
17604
17732
17956
17956
18116
18164
18676
18804
18852
18900
19332
19380
19140
19396
19428
19636
19940
20180
20388
20565
20757
20581
20501
21029
21029
21205
21333
21397
21653
21621
21397
21365
21781
22309
21973
22069
22437
22181
22485
22469
23205
22837
22789
23109
23173
23189
22773
23093
23189
23493
23317
23157
23285
23525
23365
23397
23797
23829
23621
23829
23669
23973
24101
23941
24117
24005
24437
24181
24293
24293
24037
24309
24261
24149
24037
24245
24533
24389
24710
24630
24726
24614
24325
24742
24565
24341
24886
24662
24806
24678
25046
24822
24678
25126
25014
25110
24982
25398
25270
25510
24678
25254
25206
25718
25542
25878
25670
25590
25830
25126
26006
25942
26230
26118
25990
26214
26102
26374
26310
26230
26518
26518
26678
26486
26358
26374
26406
26710
26438
26486
27030
26598
26838
26774
26838
26854
27574
26918
26662
26982
26774
26790
26902
27030
27014
27046
27078
26934
27110
27110
27030
27542
26934
27158
27046
27270
27014
27766
27318
27814
26918
26774
26822
27046
26758
26870
26502
26694
26294
26550
26230
26150
25798
25878
25510
25814
25078
24838
24549
24501
24005
24085
23461
23253
22501
22501
21957
21829
21397
20901
20597
20004
19940
19252
19108
19348
18468
17972
17956
17668
17572
17156
17460
17268
17604
17540
17908
17972
18436
18628
19412
19636
20116
20773
21397
21797
21973
22885
22933
23301
23493
23461
23237
23589
23301
23381
22821
22805
22149
22021
21445
20949
20725
20565
19668
19716
18980
18932
18276
18340
17636
17572
17012
16996
16660
16788
16371
16484
16195
16195
16580
16083
16211
16099
16420
16003
16628
16195
17060
16307
16852
16836
16884
16804
17236
17092
17652
17508
17956
17892
18292
18420
18868
18628
19412
19348
19860
19956
20404
20549
20565
20372
21045
21525
21605
22677
21989
23189
22597
22821
23093
22997
23445
23733
23733
23781
24261
24165
24181
24630
24806
24549
24790
24934
25110
25222
25366
25238
25462
25462
25670
25526
26022
25670
25862
26614
25990
26134
26086
25798
25846
26118
25766
26358
26166
26134
26246
26262
26230
26166
26358
26454
26406
26182
26518
26390
26086
26102
26342
26406
26342
26294
26262
26310
26902
26310
26438
26086
26262
26454
26550
26454
26662
26422
26486
26502
26566
26438
26774
26374
26358
26518
26406
26166
26342
26166
25798
26166
26342
25910
26022
26230
25846
26406
26150
25878
25942
25974
25718
25894
25734
26038
25718
25510
25702
25462
25334
25254
25238
25382
25254
25494
25206
24854
25110
24982
24998
24726
25014
24854
24822
24341
24293
24325
24245
24325
24101
23989
23893
23957
23541
23749
23781
23525
23285
23413
23269
23173
22949
23141
22853
22565
22837
22501
22437
22357
22181
21701
21749
21637
21685
21269
20789
20805
20404
20549
20004
19988
19380
19588
18964
18980
18404
18276
18372
17764
17652
17428
17540
16676
16740
16035
15971
15763
15731
15731
15379
15091
15251
14867
15075
14627
15059
15283
14723
14899
15315
15635
15459
16083
16147
16580
16420
16996
16980
17604
17924
18388
18804
19092
19508
19620
19892
20517
20501
21269
21333
21989
22053
22517
22581
23125
23093
23541
23429
23733
23813
24245
24069
24309
24149
24053
24229
23925
23957
23621
23413
22981
23125
22869
22773
21493
21781
21029
20853
20324
20132
19444
19252
18596
18676
17972
17876
17444
17828
17412
16996
17252
16980
16788
16964
17044
17044
17012
17460
17828
18084
18292
18340
18548
19012
19172
19684
19140
20196
20805
21013
21349
21733
22261
22261
22789
22837
23301
23333
23685
23669
23829
24229
24229
24373
24309
24533
24469
24517
24710
24934
24726
24854
24838
24646
24662
24565
24646
24341
24005
24021
23461
23781
23541
22997
23125
22645
22837
22133
22021
21797
21365
21189
20773
20613
20148
20132
19396
19556
19012
18836
18612
17844
17700
17924
17092
16099
16852
16323
16420
15843
16772
16003
15875
15251
15683
15923
15843
15523
15987
16195
16163
16388
16868
16980
17412
17476
18228
18404
18996
19364
19892
20164
20709
21013
21285
21909
22053
22901
22549
23045
23333
23013
22693
22965
23109
23013
22613
22213
22165
21589
21205
20629
20436
19556
19476
18724
18708
17940
18036
17412
17636
17220
17764
17364
17364
17524
17492
17748
17844
18340
18788
18932
19540
19604
19972
20276
20885
20949
21317
21701
22117
22821
22725
23861
23109
23221
23669
23909
24213
24085
23925
23941
24918
24005
23829
24005
23589
24117
23317
23413
23141
22949
22565
22005
21813
21317
21861
20917
20741
20308
20100
19684
19460
19012
18676
18148
18260
17716
17524
17060
16676
16548
16676
16275
15811
15811
15555
15667
15763
15331
15075
15843
15859
16099
16307
16243
16692
16708
17076
17044
16900
17732
17892
18372
18820
19060
19460
19556
19860
20212
20340
20757
21253
21541
21477
21813
22069
22613
22565
23029
23029
23461
23573
23589
23813
24245
24117
24437
24357
24533
24517
24421
24421
24421
24662
24533
24630
24213
24021
24213
24630
23717
23653
23205
23269
22885
22725
22309
22389
22021
21845
21589
21077
20821
19924
19956
19508
19220
19012
18580
18148
17972
17364
17092
17268
17540
16323
16211
15907
15939
16339
15491
15651
15523
15267
15507
15299
15539
15107
15603
15331
15763
15491
15891
16532
16163
16660
16660
17284
17044
17876
18180
18596
19012
19236
19652
19908
20404
20981
21093
21717
21925
22405
22309
22645
23205
23157
22949
24085
23797
23557
23941
23637
23781
23989
23765
23797
23637
23653
23333
23301
22741
22933
23269
22405
21973
21669
21557
21829
20997
20388
20292
19716
19572
18980
18996
18420
18340
18004
17860
17652
17204
16932
16884
16628
16051
15939
16115
15667
15635
15043
15107
14931
14851
14851
14291
14483
14083
14307
13635
14195
14275
13667
13891
13443
13523
13667
13283
13587
14051
13411
12947
12979
13011
13219
13155
13155
12883
12547
12803
13379
12242
12643
12803
12178
12515
12723
12323
12691
12963
12739
12258
12419
12691
12403
12547
12403
12643
12915
12451
13139
13027
12499
12803
12835
12547
12835
12611
12963
13251
12899
12563
12867
13475
12819
13267
12947
13219
13507
13107
13587
13347
13619
13315
13507
13459
13795
13939
14211
14067
13747
13891
14163
14051
14131
14515
14163
14371
14451
14675
14291
14739
14499
14755
14835
15075
14739
14899
15347
15331
15203
14979
15299
15603
15411
15843
15539
15891
16243
16131
16179
16099
16516
16724
16484
16516
17396
16980
17316
17204
17700
17812
17972
17764
18084
18372
18356
18388
18740
18932
18868
19332
19204
19620
19780
20052
19940
20292
20308
20164
20853
20773
21157
21621
21429
21445
21781
22117
22181
22613
22645
23061
23301
23493
23125
23237
23621
23797
24149
24085
24197
24373
24421
24341
24309
24405
24517
24614
24565
24421
24341
24293
24565
24293
24165
24165
23701
23829
23589
23397
22933
22437
22517
21733
21829
20757
20276
20549
20004
19556
18932
18820
18388
18020
17844
17764
17300
17444
17396
17812
18100
17652
18468
19156
19556
19812
20404
20709
21381
21941
22181
23061
22565
22165
23109
23061
23269
22837
23045
22693
22677
22325
22197
21861
21525
21285
20821
20452
19956
19876
19188
18724
18644
18004
17940
17204
17220
17108
16756
16083
16420
16548
16163
16452
16532
16420
17492
16900
16724
17220
17268
17908
17940
18644
18740
19108
19284
20036
20468
19780
20901
20997
21429
21685
22261
22437
22709
23237
23125
23845
23445
23781
23669
24069
24069
23749
24021
23797
23557
23349
23333
23045
22597
22485
22085
21621
21141
20933
20308
20789
19364
19220
18900
18276
18036
17588
17652
17140
17204
17236
16932
16660
17204
16932
17172
17428
17684
17780
17492
18180
18420
19044
19044
19604
19668
20212
20260
20805
20805
21461
21397
22117
22069
22325
22629
22933
22949
23829
23397
23589
23861
24117
24085
24165
24501
24469
24854
23909
24838
24998
25174
25366
25094
25254
25510
25446
25718
25558
25734
25654
25558
25526
25414
25830
25654
25814
25718
25526
25782
25526
25846
25446
25254
25462
25334
25046
25174
24838
24854
23845
24902
24165
24133
23685
23301
23237
23157
22789
22325
22181
21637
21765
21093
21077
20549
20356
19764
19300
19012
18292
18212
17972
17444
17348
16900
16676
16628
17108
16644
16836
16692
17044
16884
17444
17236
17892
18148
18228
18964
19396
19284
20004
20533
20597
20901
21205
21621
22165
22373
22853
23669
23109
24181
23797
23781
23781
24117
24005
23429
23701
24069
24646
23909
24069
23589
23749
23461
23285
22709
22421
22197
22037
21509
20837
20693
19812
19892
19604
18980
18564
18900
18228
17780
17252
17700
16756
16932
16371
16355
16628
16532
16548
16211
16339
16804
16756
17076
16788
17508
18244
17988
18068
17924
18724
18980
19012
19620
19636
20084
20420
20821
20933
21253
21557
22197
22021
22469
22549
22949
23109
23477
23621
23637
23285
24197
24053
24133
24662
24549
24790
24838
24726
25046
24790
24662
24902
24950
24806
24517
24501
24437
24213
23925
23781
23301
23189
23413
22741
22725
22133
21909
21525
21253
20148
20148
20004
19812
19204
18964
18932
18804
17956
17412
17412
17236
16916
16131
16644
16484
16275
16740
16339
16404
16404
16051
15699
16580
16179
17460
17316
17956
17908
18292
18884
19172
19572
20036
20324
20997
20997
21669
22181
22005
22773
22805
22741
23189
23525
23477
23589
23349
23541
23269
23397
22933
23333
22869
22389
22693
22373
21749
21381
21189
20549
20420
19668
19524
19524
18772
18356
18180
17396
17444
17092
17060
16532
16532
16083
16371
16019
16003
15699
15779
16003
16115
16083
15923
16003
15971
16500
16339
16756
17060
17108
17412
17812
17652
18340
18628
18788
18980
19524
19556
20132
20212
20629
20693
21349
21461
21861
22181
22213
23429
23093
23365
23717
23525
23877
23829
24117
24021
23237
23957
23717
23909
23669
23189
23301
23269
22757
22197
22245
21845
21589
20981
20773
20308
19716
19284
18868
18676
19156
17780
17492
17924
17092
16836
16964
17524
16852
16323
16820
16948
16948
17620
17444
17828
17972
18148
18596
18836
19380
19524
19844
20276
21045
21093
21605
21749
22389
22453
22917
22917
23285
23445
23781
23781
23669
23861
23957
24533
24053
23653
23733
23349
23013
22949
22773
22277
22133
21701
20997
21141
20436
20212
19988
19636
18516
18388
18308
18068
17636
17428
16852
17700
16484
16067
16195
16051
16115
16291
16115
15603
15987
16179
15955
16355
16259
16820
16500
16980
16900
17348
17572
17908
17908
17876
18212
18404
19092
19172
19540
19940
20180
20501
20885
21093
21077
21701
22005
22005
22469
22565
22645
23029
23077
23509
23749
23925
23733
24245
24101
24549
24774
24710
24437
24854
24902
25222
24982
24902
25142
24886
25158
25062
25142
25190
25094
24870
25126
24870
24966
24870
24453
24758
24485
24614
24005
24293
24069
23733
23733
23621
23365
23061
22853
22757
22501
22101
21973
21605
21685
20789
20212
20052
19444
19284
18532
18308
18340
17684
17668
17476
17124
16964
16836
16900
17268
17716
17700
18324
18724
18740
19636
19908
21029
21285
21477
21845
22165
22437
22069
22997
22981
23013
22485
22789
22101
21941
21573
21269
21093
20468
20084
19380
18804
18676
18436
17908
18228
17140
17284
16948
17044
16932
17156
16932
17252
17380
17620
18052
18292
18356
19060
19204
19572
20260
20180
20949
21253
21797
21909
22389
22677
22709
23237
23349
23269
23733
23317
24277
23765
23669
23845
23733
23909
23461
23589
23221
23237
22725
22725
22181
22277
21717
21733
21397
21125
20725
20068
20068
20164
19524
18788
18756
18308
18388
18100
17988
17428
17044
16596
16484
16275
16243
16307
15843
15219
15235
14355
15219
14531
14771
14371
14659
14611
14323
14995
14355
13955
14163
14019
14435
13539
13827
14147
13971
13683
13667
13539
13891
13507
13651
13619
13859
13907
13651
13939
13635
13859
13859
14515
13891
13955
13475
14403
14307
14739
14803
14931
14483
14659
14771
15123
15395
15571
15651
14931
15971
15715
16131
16019
16307
16468
16820
17012
16852
17348
17508
17556
17892
17988
17908
18116
18596
18660
19012
18836
19364
19572
19764
19604
20004
20164
20468
20837
20420
21029
20997
21509
21461
21893
22197
22341
22341
22821
22693
23141
23429
23317
23781
23061
23749
24101
24037
24565
24341
24485
24934
24966
24806
25046
24934
25206
25014
24726
25062
24838
25158
24886
24389
24758
24758
24662
24726
24293
24229
23957
24005
23637
22901
23221
23125
22485
22517
21989
21941
21637
21301
21061
20725
20324
20068
19604
19412
18932
18724
18436
18084
17524
18020
17380
17172
16676
16564
16003
16852
16035
15603
15619
15379
15331
15363
15171
15491
15267
15667
15939
15747
15955
15939
16484
16099
16836
16724
17124
17268
17652
17908
18388
18532
18820
19316
19716
19652
20052
20404
20805
20981
21541
21749
22069
22053
22309
22597
23013
22933
23429
23477
23845
23669
24229
24293
23589
24485
24533
24565
24758
25446
24934
25126
25030
24758
25158
25014
25062
24918
24742
24614
24405
24501
24117
24165
24037
23733
23413
23653
22901
22229
22229
21509
21333
20821
20436
19492
19364
19268
18324
18580
18308
17780
17348
17236
17524
17156
17476
17300
17636
17652
18212
18372
18548
19348
19556
19828
20645
20965
21445
21621
21909
22037
22933
22773
23029
23349
23781
23829
23781
24245
23909
24469
24325
24501
24213
24694
24293
24357
24469
24133
24245
23925
24005
23701
23477
23461
23029
23173
22757
22389
22197
21701
21685
21605
21413
21029
20581
20485
20036
19940
19284
19348
18740
18964
18340
17748
17412
17172
17060
17028
16468
16404
15827
15987
15635
15683
15171
15539
15043
15283
14819
15171
15683
15075
15027
15155
15507
15203
15651
15619
15987
16323
16323
17188
16756
16964
17172
17796
18084
18132
18612
18916
19284
19684
20052
20084
20645
20549
21189
21333
21717
22197
22085
22437
23013
23093
23541
23573
23749
23829
23861
24197
24021
24213
24181
23989
24373
23717
23669
23669
23621
23205
23061
22693
22885
22085
21365
21173
20485
20276
19364
19796
18868
18804
18404
17892
17524
17732
17044
17572
17364
17348
17668
17684
18148
18532
18804
18980
19716
20036
20565
20837
21093
21589
22197
22421
22933
22869
23253
23301
23141
23237
22821
22965
22453
22117
21893
21797
21333
20693
20485
19796
19540
18948
18420
18388
18084
17780
17668
18100
18308
18468
19204
19620
20180
20132
21077
21381
21701
22117
22565
22773
22613
22661
22565
22597
21941
21909
21445
21029
20244
19988
19412
19188
18612
18580
18164
17972
18404
18212
18756
19124
19620
19668
20661
20837
21493
21733
22309
23269
22549
22325
23285
23285
23093
23077
23221
23285
22869
22773
22341
22325
21861
21685
21045
20517
20501
19780
19668
19076
18884
19044
17956
17364
17444
17252
16900
17044
16708
16708
16676
16564
16804
16596
16772
16724
17140
17556
17476
18356
17876
18116
18516
18532
19124
19060
19524
19716
20228
20372
20709
20997
21029
21621
21605
22117
22197
22485
22677
23093
22997
23925
23573
23509
23925
23605
24293
24325
24373
24758
24838
24918
24918
24806
25142
25142
25222
25334
25190
25334
25270
25126
24822
25126
24758
24934
24806
24662
24934
24229
24453
24085
24053
23605
23829
23573
23013
22933
22549
22405
21989
21301
21781
21221
20549
20581
20068
19908
19540
18932
18884
18628
18260
17700
17556
17220
16852
16564
16740
16548
16163
15827
16019
15539
15923
15475
15763
15571
15747
15731
16323
15923
16500
16740
16820
16724
17300
17172
17428
17748
18388
18388
19092
18996
19588
19764
20404
20404
20853
20997
21477
21653
22181
22373
22869
22773
23237
23189
23221
23653
23989
24069
23877
24197
23861
24213
24053
24005
23477
23413
23413
22805
22853
22325
21845
21573
20949
20837
20212
20020
19540
19284
18740
18516
17972
17924
17444
17252
17268
17348
17140
17620
17700
18084
18420
18580
19092
19396
20068
20020
20805
21301
21509
22117
22549
22325
22725
22773
23205
23029
23141
22997
23045
22533
22309
21845
21797
21013
20565
20116
19572
19236
18996
18420
18404
17940
17668
17988
17508
17860
18228
18180
18724
18788
19348
19604
20693
20645
20757
21477
21605
22245
22485
22917
22981
23317
23333
23333
22773
23285
23141
23109
22997
22453
22245
21557
21845
20853
20645
19940
19684
19076
18612
18516
17844
18100
17620
17812
17844
17700
18196
18820
18404
18980
19364
19732
20388
20565
20773
21333
20821
21813
22373
22373
22981
22997
23413
23669
23941
23893
23861
24085
24085
24245
23957
24229
23845
23989
23637
23669
23269
23301
22933
22853
22373
22085
21941
21269
20965
20372
20276
19828
19460
19188
18756
18164
17972
17636
17652
17012
16371
16484
16259
16147
16211
15955
16067
15619
15811
15619
16131
15699
16307
15987
16291
16243
16676
16676
17172
17252
17764
17764
18212
18692
18756
18932
19508
19588
20052
20549
20901
21061
21221
21861
22053
22501
22597
23125
22981
23317
23685
23653
23989
23877
24213
24069
24405
24357
24774
24517
24469
23621
24726
24117
23589
24101
23637
23813
23221
23189
22997
22869
22933
22341
22373
21877
21861
21333
21589
20853
20501
20260
19796
19796
19284
19188
18596
18548
18004
18052
18244
17252
16980
16804
16788
16468
15827
16067
15651
15699
15283
15267
15299
15043
15155
14867
15027
14579
14899
14803
14803
14755
14755
14931
14899
14963
15539
15603
15523
16067
16051
16628
16676
17316
17396
17828
18324
18260
19364
19108
19908
20308
20581
20629
21061
21445
21669
21685
22245
22309
22805
22757
23253
23221
23701
23717
23925
24021
24181
23973
23829
23845
24085
23877
24085
24293
23797
23509
23589
23269
23669
22901
23093
22341
22245
21957
22133
21365
21205
20981
20917
20853
19940
19524
19300
19316
18772
18180
18260
18036
17652
17684
16996
17108
16628
16147
16211
16291
15603
15571
15491
15219
15315
14803
14867
14627
15171
15379
14963
14995
14707
15011
14787
15859
14899
15267
15267
15427
15939
15827
16307
16227
16708
16948
18084
17348
17844
17732
18660
18708
19268
19236
19460
19940
20068
20420
20709
21029
21685
21925
21989
22469
22549
22613
22901
23957
23397
23509
23925
23765
24229
23957
24133
24229
24533
24229
24085
24005
24165
24405
24037
23813
23797
23765
23381
22965
22949
22613
21957
21813
21221
20853
20517
19956
19572
19172
19108
18356
18116
18164
17604
17620
17092
17636
17652
17812
17236
17828
17908
19284
18820
19428
19796
20276
21013
21365
21973
22021
22501
22629
23205
22981
22773
22693
22821
22517
22341
22133
21941
21333
20356
20276
20276
19412
19284
18740
18500
18020
18004
17508
17700
17460
17988
17796
18132
18676
18756
19476
19732
20100
20789
20997
21781
21781
22453
22501
22949
22997
23221
23141
23045
22837
22741
22005
22245
21589
21621
21381
20853
20388
19524
19380
18964
18532
18340
17972
17972
18372
18324
18708
19188
19492
20661
20869
20821
21525
22165
22261
22661
22757
22725
22997
22853
22949
22629
22453
22341
21813
21189
21109
20597
20228
19460
19316
18836
18388
18788
17828
16980
17252
16900
17428
16676
16596
16516
16852
16996
16836
16884
17124
17812
17860
17924
18244
18676
18612
19076
19316
19700
19764
20388
20324
21285
21045
21605
21685
22133
22101
22949
22709
22933
22821
23461
23605
23973
23973
24101
24405
24565
24421
24694
24614
24806
24806
25110
24982
24918
25238
25206
25350
25142
25830
25270
25670
25510
25382
25382
25318
25462
25318
25542
25222
25670
25478
25462
25510
25238
25334
25222
24966
25030
24774
25014
24918
24758
24742
24822
24453
24405
24453
24229
24149
24069
23909
23941
23781
23621
23573
23509
23205
23173
23077
22837
22805
22949
22565
22677
22229
22501
22117
22229
22053
21413
21781
21317
21349
21493
21445
21045
21077
20757
20789
20661
20180
20517
20404
20885
20212
19780
20036
19604
20004
19332
19476
19108
19012
19060
18628
18900
18564
18596
18148
18388
18068
18212
17796
18068
18580
17572
17524
17620
17348
17476
17204
16868
17268
17076
16804
16788
16468
17444
16420
16243
16147
15747
16163
16275
15811
15971
15587
15667
15491
15379
15283
15347
15427
15043
15139
14963
14483
14723
14579
14787
14627
14275
14131
14307
14355
13891
14083
14003
13603
13795
13795
13731
13395
13747
13267
13555
13267
13411
13123
12947
12867
12707
12611
12915
13219
12451
12867
12371
12547
12226
12066
12194
12499
12018
11954
12178
11874
12146
11730
11890
12162
11810
11426
11730
11330
11538
11282
11458
11602
11186
11602
11058
11378
11458
11202
11234
11106
10642
11490
11314
11474
11042
11154
12002
11522
11394
11378
11762
11458
12162
12339
12435
12899
12867
12979
13459
13987
14563
14851
15491
15571
16371
16660
17364
17076
17924
18676
18724
19444
19892
20164
21093
20725
21125
20997
21269
20981
21141
20709
20517
19236
19652
19044
18676
17892
17812
17620
17252
17364
17156
17668
18148
18500
19348
18660
20084
20228
20837
21765
21397
21461
21653
21381
21493
20997
20885
20244
20116
20004
19252
18916
18340
17892
17636
17620
17300
17668
17764
18020
18612
18964
19188
19844
20244
21093
21141
21269
21925
21733
22293
22101
22373
22485
21909
21477
21221
20340
20196
19444
19316
19396
18228
18116
17492
17732
17604
17828
17716
18324
18388
18724
19268
20132
20629
20789
21317
21445
22117
22053
22469
22453
22629
22197
21861
21813
21301
21221
20597
20212
19620
19428
18836
18644
18132
18068
17428
17076
16996
17188
16804
16820
16708
16948
17668
17044
17124
17508
17508
17908
18004
18212
18628
18740
19412
19492
20004
20180
21157
20981
21429
21493
21877
22341
22341
22581
23413
23397
23541
23541
23717
23829
23989
24117
24165
24133
24069
23845
24117
24069
23749
23829
23525
23205
23189
22709
22581
22805
21909
21669
21301
21029
20629
20340
20324
19700
19300
19364
19060
18532
18020
18020
17428
17268
17348
16836
16275
16051
16019
16051
15907
15395
15107
15171
14835
14963
14995
14595
14755
14659
14707
14211
14819
14323
14739
14899
14659
15011
15523
15411
15331
15539
15843
16275
15891
16644
17204
17044
17668
18004
18084
18564
18660
19108
19300
19860
20052
20164
20741
20885
21349
21829
21909
22117
22469
22501
22773
22981
23381
23525
23509
23909
24053
24005
25030
24357
25014
24662
24565
24774
24646
24870
24742
25110
24726
25110
24918
24565
24918
24630
24934
24293
25078
24197
24854
24181
23909
24325
23045
23573
23109
23253
22229
22965
22325
22245
21973
21621
21621
21061
21173
20677
20196
20116
19604
19524
19172
18996
18388
18228
17940
17812
17764
17124
16724
16788
16307
16227
16404
16099
15411
15219
15155
15123
14691
15011
14579
14627
14371
14131
14515
14627
14403
14211
14403
14243
15219
14739
14563
14739
14995
15411
15475
15523
16099
16035
16724
16788
17284
17252
18068
18148
18612
18964
19684
19972
20677
20597
21237
21253
21621
22149
22373
22709
22869
23173
23205
23573
23397
23253
23013
23077
22789
22117
22341
21813
21829
21781
20549
20148
20100
19220
19028
18452
18388
18196
17796
17940
18356
19220
19012
19396
20164
20613
21013
21381
21573
22293
22325
22581
22565
23349
22437
21973
21909
21269
20901
20324
19700
19396
18836
19028
18388
18084
18084
17988
18356
18628
18868
19540
20164
20212
21221
21749
22261
22309
22277
22325
22389
22453
21909
21637
20452
20741
20004
19540
19044
19108
18404
18740
18468
19604
18852
19540
19924
20468
20677
21061
22133
21941
22277
22597
23125
22997
23221
23269
23445
23893
22773
22885
22213
22053
21413
21397
20773
20565
19860
19300
19012
18468
18324
17828
18100
17172
17444
16804
17028
16996
17156
16612
16644
16868
16964
16884
17316
17092
17588
17412
17748
17652
18004
17812
18276
19204
18868
18644
19076
19140
19460
19300
19684
19444
19876
19716
19908
19924
20597
20388
20420
20709
20581
20901
20757
21141
21093
20789
21269
21637
21413
21573
21413
21685
21669
22005
21813
21989
22229
22101
22341
22437
22533
22597
22437
22677
22901
22805
22373
23013
22805
23061
23045
23397
23317
23413
23509
23733
23621
23829
23893
23813
23989
23861
24117
23973
24245
23989
23797
24229
24549
24678
24854
24565
24662
25446
24758
25078
24662
25014
25190
25254
25286
25238
24437
25398
25574
25510
25686
25334
25526
25894
25638
25494
25830
25958
25174
25670
25574
25942
25798
26118
26198
25718
26086
25862
26342
26150
26262
26198
26054
26710
25974
26118
26774
26582
26118
27110
26390
26358
26358
26550
26502
26310
26614
26550
26534
26902
26550
26550
26838
27190
26726
26582
26870
26822
26950
26918
26822
26694
26902
26774
26678
27030
27078
27014
26886
27062
26886
26886
26822
27046
27126
26918
26870
27142
27398
27206
27014
26806
27238
27062
27286
27414
27318
27142
27254
27350
27174
27158
27302
27110
27110
27254
27302
27302
27222
27318
27238
27126
27494
27190
26998
27286
27318
27238
26950
27158
27158
27334
27222
27222
27286
27286
26902
27014
26838
27190
26966
27206
27046
27238
27222
26902
26326
27766
27542
27110
27078
27798
26374
26918
26982
26838
26614
26966
26550
26470
26934
26662
26854
26742
26518
26774
26550
26742
26582
26310
26678
26614
26198
26806
26166
26406
26182
26022
26310
26326
26182
25894
26038
25766
25942
25686
25830
25606
25414
25526
25078
25478
25062
25174
24902
24790
24501
24421
24437
24165
23797
23861
23509
23093
23301
22885
22517
22373
21973
22085
21621
21749
20917
21029
19860
20372
20452
19956
19812
19284
19108
19044
18708
18324
18132
17732
17748
17316
16996
17028
16484
16420
16500
15955
15571
15331
15587
15571
15667
15203
15043
14531
14803
14595
14675
14131
15091
14035
14163
14003
14035
13779
14131
14435
14691
14835
14675
14867
15139
15779
15923
16580
16980
17732
18020
18484
19524
19828
20661
20773
21541
21093
21205
21509
21029
20565
20132
19924
18996
18372
18580
18628
18772
19748
19972
20805
21221
21621
21749
21909
21541
21061
20308
19908
19668
19172
18772
18884
19060
19060
20180
20388
20501
21333
21509
22837
21941
22149
21781
21477
20981
20116
19668
19220
19316
18724
19092
19172
19444
20324
21045
22229
21781
22325
23045
22501
22181
22261
21797
22021
20949
20757
20244
19364
19204
19140
18196
18228
17908
17988
17556
17492
17940
17940
17940
18676
18756
19268
19444
19876
20068
20757
20837
21317
21541
22133
22293
22645
23141
23173
23477
23637
23557
23957
24069
24678
24678
24405
24822
24678
25094
24966
25286
25094
25318
26038
25878
25638
25478
25638
25558
25494
25702
25686
25510
25270
25558
25878
25462
25142
25238
24982
25014
25062
25254
24501
24758
24389
24453
24181
24021
23765
23413
23397
23125
23013
22549
22485
22437
22069
21589
21237
20981
20773
20997
20116
19572
19588
19044
18900
18676
18244
17892
17940
17316
18068
17636
16708
16740
16371
16019
15699
15651
15347
15347
15347
15091
14227
14675
14835
14947
14547
14835
14291
14227
14867
14355
14563
14211
14515
14643
14643
14355
14547
15123
14995
15219
15139
15443
15555
15459
15811
16275
16099
16596
16596
17172
17332
17828
17812
18452
18868
19060
19348
19972
19956
20324
20565
21045
21285
21973
22053
22565
22549
22805
23109
23509
23461
23877
23797
23573
23589
23669
23461
23541
23029
22693
22229
21733
21397
20741
20292
19668
19188
18996
18964
19044
19236
19780
20180
20260
21253
21925
22437
21941
22485
21829
21461
21045
20549
20116
19332
19652
19268
20052
20420
20549
20853
21749
22133
21701
21621
20789
20468
19908
19556
19572
19444
20132
20597
21381
21301
21877
21941
21605
21541
20693
20340
19716
19620
19252
19892
19972
20533
20965
21765
21685
22021
22245
22389
21797
21221
20917
20468
19492
19380
18788
18468
18788
18356
18804
18532
19156
19220
19828
20164
20725
20853
21637
21797
22053
22741
22853
23061
23493
23205
23797
23749
23557
23781
23781
23941
23413
23525
23013
23141
22677
22805
22437
21957
21829
21525
21429
20949
20581
19924
19636
19620
19140
18980
18516
18020
17892
17684
17012
16740
16548
16628
16227
16307
16452
16420
16820
17172
16980
17908
17780
18228
18820
19540
19748
19972
21365
20565
21413
21605
22133
22661
22485
23077
23237
23221
23669
23461
23877
23861
23909
23733
23733
23989
23637
23829
23429
23493
22981
22981
23621
22773
22389
22485
21605
21829
21397
21013
20853
20933
20308
19876
19620
19780
19172
19044
18644
18164
18148
17604
17348
17092
17188
17364
16436
15987
16083
15683
16019
15283
15459
15123
15443
14883
15203
15411
15283
15155
15603
15843
16131
15859
16516
16916
17076
17748
17892
18372
18756
18820
19636
19908
20052
20549
20901
21125
21381
21861
22293
21941
22501
22437
23253
23045
23477
23445
22981
23397
23925
24389
24149
24485
24838
24710
24565
24694
24806
24934
24726
24806
24694
24726
24389
24421
24133
24101
23621
23637
23141
22997
22501
22341
21813
21253
20965
20581
20228
19668
19364
18884
18724
18180
17780
17524
17572
17364
17108
16804
17220
16836
17076
16900
17300
17652
17636
18164
18372
18804
18900
19524
19812
20228
20180
20933
21157
21605
21797
22325
22357
22597
23045
23013
23621
23909
23925
23893
24421
24389
24710
24646
25094
24934
24934
25238
25094
25798
25254
25446
25366
25590
25094
25030
25334
25670
25302
25574
25302
24614
25430
25270
24934
25078
24790
25126
24758
24614
24389
25158
24149
23685
23845
23397
23285
23045
23029
22965
22757
22149
22133
21845
21573
21269
20613
20661
20292
20340
19236
19396
19108
18500
18420
17844
18036
17684
17364
17140
16756
16804
16147
16115
15763
15923
15475
15315
14355
15187
14995
15459
14835
14803
14515
14691
14835
14723
15011
14755
15459
14915
15315
15219
15523
15667
16067
15891
16612
16564
17060
17332
17364
18084
18084
18836
18820
19556
19636
20228
20276
20645
21349
21669
21621
22037
22597
22837
23093
23381
23285
23557
23765
23637
23845
23733
23381
23253
22917
22661
22549
21765
21605
20965
20549
19812
19668
19172
18996
18612
18820
18804
19444
19268
19940
20485
21237
21349
21941
22117
23125
22197
22021
21621
21189
20693
19812
19300
19220
19156
19684
20004
20805
20901
21221
21717
21925
22069
21621
21077
20436
19972
19604
19524
19428
20132
20372
21237
21717
21845
22117
21941
21589
20549
20340
19940
19396
18932
19652
19892
20597
21237
21765
21781
21957
21397
20741
20340
19732
19524
19284
19588
20180
20661
21829
22053
22165
21909
21685
20885
20517
19668
19284
19092
19108
19668
20164
20885
20965
21957
21925
22181
21941
21797
21141
20949
20020
20260
19396
19396
19492
19844
20340
20837
21413
21653
22453
21621
21877
21333
21701
20036
19892
19348
19156
19172
19316
19956
20228
21077
21845
21989
22101
22261
21925
21685
21029
20933
19892
19476
19284
18772
18612
18916
18692
18964
19252
19956
20372
20933
21381
21813
22357
22149
22693
22709
22613
22917
22853
22357
22213
21925
21237
20773
20597
19844
19812
19204
18548
18452
17828
17780
17380
17428
17076
17476
16964
17364
17348
17524
17492
18308
17908
18436
18468
18692
19284
19668
19860
20180
20645
20901
21173
21461
22133
22373
22725
22181
23301
23221
23365
23669
23957
23925
23749
24037
23861
23925
23429
23061
23333
23333
22981
22709
22373
21973
21765
21637
21061
20629
20661
19972
19748
19204
18980
18532
18404
17860
17428
17204
17380
16996
16404
16500
16420
15827
16051
16179
15843
16307
16452
16724
16420
16916
16724
17828
17604
18020
17844
18692
18692
19268
19476
20132
20324
20452
21029
21173
21829
21797
22485
22597
22853
23141
23125
23253
23557
23349
23461
23605
23125
23157
23109
22613
22501
21925
21573
21013
20501
20549
19876
19316
19060
18868
18260
17876
17716
17460
17732
18052
17940
17908
18436
18724
19172
19348
20356
20436
20981
21157
22021
22021
22613
22757
23157
23045
22901
23205
23413
23157
22965
22837
21909
22277
21653
21493
20757
20645
19860
19284
18836
18660
18228
18228
17988
18404
18356
18980
19188
20084
20533
21077
21349
21925
22197
22085
22373
22709
22053
21461
20949
20404
20116
19444
19076
18692
18756
18340
18724
18932
19572
19540
20533
20933
21029
21845
21845
22325
22517
23189
23029
23413
23205
23573
23285
23509
23397
23349
23317
22885
23237
22437
22309
22261
21845
21845
21237
21077
20693
20533
20004
19764
19620
19172
18964
18260
18260
17924
17492
17444
16660
16500
16420
16035
16083
15667
15635
14995
15459
15603
15315
15523
14595
15443
15075
15731
15539
15891
16371
16548
16516
17060
17508
17620
18308
18500
19236
19476
20116
20308
21365
21477
21717
21925
22341
22309
22485
22149
22213
21621
22037
20917
20581
19828
19508
18868
18228
18692
19076
19460
19940
20709
20837
21557
21653
22053
22133
21541
21349
20485
19988
19316
18964
19060
18740
19124
19268
19956
20485
20965
21285
22021
22069
21301
21973
21685
21317
20869
20132
19844
19124
18644
18948
18516
18612
19204
19508
19668
20677
20933
21317
21685
22069
22453
22389
22485
22341
22037
21637
21285
20452
20004
19476
19236
18532
18324
18148
18212
18084
19268
18532
19060
19636
19892
20597
20597
21349
21557
22277
22421
22949
22133
22565
22869
22885
22309
22469
21749
20885
20645
19892
19588
19060
18980
18452
18596
19204
20164
19716
20436
21045
21637
21749
22197
21925
22005
21509
20773
20372
19716
19524
19108
19492
19844
20436
21029
21685
21973
21477
20901
20853
20260
19316
19556
19796
19844
20821
21269
21893
21941
21525
21301
20853
20244
19492
19540
19652
20260
20597
21429
21733
21845
21877
21829
21173
20885
20068
19860
19076
19156
19204
19492
19652
19924
20789
20965
21733
22005
22197
22005
22501
22181
22229
21653
21029
20629
20228
19764
19108
18596
18260
18260
18372
18228
18724
18788
19124
19556
20340
20549
21221
21365
21877
22581
22517
22933
22997
23061
23189
22901
22821
22613
22037
21845
21333
20917
20533
19780
19604
19092
18804
18260
18740
19188
19748
20404
20805
21253
21461
22053
22213
22421
22245
22117
21637
21157
20501
20388
19444
19268
19108
18852
19380
19812
20501
20773
20485
21701
22197
21829
21701
21029
20340
20052
19428
19348
19124
19700
20324
20709
20853
21909
22037
21813
21893
21205
20837
20452
19668
19332
19412
19252
20084
20581
21157
21717
21493
21941
21573
21397
20629
20116
20517
19412
19476
19764
19572
20372
20949
21477
21413
21877
21365
20404
19940
19604
19412
20100
20965
21205
21653
21637
21509
20468
20068
19540
19604
19860
20645
21045
21653
21557
21493
20581
20244
19620
19828
19748
20677
21061
21749
22117
21413
20501
20004
19684
20068
20036
21061
21461
21541
21653
21125
20725
19604
19796
19364
19972
20837
21141
21813
21573
21701
21173
20452
19908
19492
19412
19172
19700
20052
20629
21189
21877
22053
22389
22389
21973
21797
21285
21221
20789
20420
19508
19268
18852
18276
18356
18276
17972
18276
18020
18644
18692
18996
19252
19812
19908
20452
20869
20613
21701
21717
21957
22309
23189
22885
23381
23349
23221
23813
24053
24213
24453
24421
24501
24614
24469
24726
24533
24501
25094
24261
25078
24694
24774
24774
24822
24742
24854
24565
24806
24646
24854
24774
24277
24710
24405
24165
24309
24341
24389
24117
24149
23989
24309
23829
24197
23861
24117
23989
24437
23925
23605
23813
23669
23461
23381
23749
23461
23717
23365
23189
23509
23317
24085
23285
23349
23109
23365
23029
23125
22741
23109
22997
22709
22757
22485
22613
22933
22341
22565
22181
21781
22037
22229
21973
22101
21477
21525
21653
21493
21701
21557
21589
20981
20965
20597
20404
19876
19556
19508
19476
19140
18500
18628
17780
17876
17540
16948
17076
16468
16516
16115
16019
15987
16083
16708
17444
16756
17236
17444
18260
18676
18932
19716
20244
20468
21253
21397
22037
22165
22293
22261
22581
21989
22165
22005
21413
20917
20597
20036
19348
19060
18772
18516
18580
19044
19188
19940
20340
20853
21413
21461
22213
22133
22101
21717
21621
21253
20324
20164
19300
19188
19092
18676
19252
19540
19732
20501
20933
21525
21685
22693
22117
22293
21941
21797
21077
20789
20036
19876
19012
19060
18804
18468
18644
19284
19492
20180
20517
20965
21445
21685
22117
22101
22293
21877
21493
21333
20741
20132
19764
19188
19028
19220
19572
19780
20645
20821
21397
21781
22293
21973
21637
21269
20677
20517
19860
19172
19028
18820
19556
19348
20068
20805
21525
21813
21621
21669
22117
21925
21493
21349
20821
20148
19364
18868
18660
18884
18820
19444
19764
20004
20757
21445
21621
22245
22053
22597
22213
22405
21669
20965
20709
20452
19732
19604
18244
18948
18708
18532
18676
18932
19188
19252
20068
20917
21157
21765
21877
22293
22117
22005
21493
21045
20420
20148
19492
19076
19044
19508
20501
20501
21285
21381
21893
21653
21269
20693
20196
19524
19060
19620
20068
20661
21077
21653
21413
21253
20388
20020
19476
20004
20004
20981
21365
21381
21237
20324
20420
19476
20180
20372
20789
21397
21269
20965
20308
19332
19412
19460
19892
20709
21061
21365
21557
21477
20757
20068
19572
19172
19700
19172
19844
19988
20853
21461
21765
21653
22165
21957
22165
21205
21109
20533
20036
19588
19012
18900
18580
18820
18836
20260
20068
20565
20853
21541
21909
21893
22645
22613
22357
22149
22149
21701
21349
21157
19924
20148
19444
18804
18740
18276
17908
17988
17636
17668
17972
18164
18324
18100
18724
18676
19284
20020
20180
20821
20965
21525
22677
22021
22309
22565
23365
22981
23349
23493
23525
23221
23493
23365
23205
22741
22949
22085
21653
21253
20965
20677
20052
19924
19204
19108
18468
18164
17764
17876
17396
17460
17396
17476
17684
17620
17796
18500
18420
18612
18916
19428
19396
20068
20356
20997
21077
21493
21653
21973
22245
22709
22741
23317
23141
23285
23509
24630
23957
23749
24037
23893
24133
23973
24101
23781
23605
23509
22965
22261
22197
21461
21205
20468
19828
19636
19428
18836
18900
18548
18580
18916
19636
19764
20388
21077
21733
21861
22901
21845
21829
21125
20901
19812
19748
19204
20052
20068
20885
21349
21877
21685
21285
20565
20212
19700
19604
20036
20597
21205
21733
21253
21541
20629
19748
20180
19508
20276
20981
21701
21461
21541
20901
20436
19876
19396
20116
20228
21077
21285
22389
21461
21365
20597
20132
19444
19924
19700
20533
21029
21925
21749
21909
21381
21093
20292
19556
19732
19556
19940
20757
21237
21493
21861
21365
21237
20917
19604
19588
19476
19732
20004
20805
21637
21653
21973
22085
21925
21717
21493
21189
20308
19092
19460
18884
19220
19380
19668
20068
20581
21141
21605
22133
22453
22437
22485
22149
21973
21333
21061
20196
19892
19188
19140
18596
18836
18820
19060
19444
20084
20324
21045
21493
21877
21909
22565
22645
22789
22837
22629
22645
22261
22421
21829
21493
21253
20549
20404
20068
19236
18964
18036
18084
18164
17332
17444
17268
16852
16932
16740
17044
16740
16852
17044
17396
17252
17508
17540
18020
17924
18692
18452
19252
19284
19540
20004
20036
20581
20709
21205
21221
22117
21589
21925
22485
22437
22837
22917
23269
23333
23541
23573
24037
23941
24325
24630
24646
24549
24614
24934
24854
25110
24966
25382
25334
25654
25462
25382
25574
25558
26454
25718
25558
25494
25654
25702
26038
25974
25862
26102
25878
25750
25846
25942
25862
25734
25958
25766
25830
25798
25670
25782
25702
25574
25910
25670
25446
25430
25350
25446
25222
25222
25382
25142
25414
24902
25494
24886
24790
24630
24934
24838
24485
24565
24678
25254
24213
24213
24005
24117
24085
23973
23621
23797
23573
23589
24069
23365
23445
23125
23173
23061
22837
22565
22565
22741
22565
21973
22309
22069
21237
22037
21653
22213
21573
21733
21541
21957
21957
22341
21941
22757
22229
21893
21845
21077
21141
20276
20116
19204
18948
18612
18980
18692
19140
18932
19348
19172
19092
18756
18900
18196
18068
17924
17204
17300
17044
16724
16147
16003
16211
15635
15619
15571
14835
14963
14979
14243
14467
15443
14771
14947
14755
15619
16275
16884
16980
17332
17748
17668
18068
17844
18452
18836
19108
19188
20084
20244
20997
21397
21717
22005
22037
22037
22117
22277
21989
21685
22037
21093
21269
20645
20501
20148
19876
19188
18948
18420
18148
17924
18004
18004
17668
18516
17780
18852
18324
18772
19364
19572
19956
20661
20789
20965
21845
22261
22341
22693
22357
22757
22085
22165
21685
21669
20933
20757
19940
19556
19252
18596
18420
18100
18372
18116
18772
19268
19556
20581
20404
20468
21477
21781
22133
22181
22709
22629
23029
22837
23045
22821
22853
22629
22021
21477
21717
21061
20949
20292
20404
19172
18852
18596
17956
17764
17444
17236
17012
17172
17012
17252
17316
17876
17716
18100
18228
18612
18804
19348
19396
19844
20436
20388
20757
21557
21781
21909
22453
22581
23109
23541
23445
23397
23685
24053
24005
24373
24165
24469
24181
24229
24662
24069
23541
23893
23605
23413
22997
22901
22581
22261
21685
21317
20917
20485
20292
20020
19636
18996
18724
18644
18292
17940
17652
17092
17076
16708
16676
16516
16147
15891
15875
15395
15475
14995
15203
14867
14819
14547
14819
14483
14627
15379
14771
14419
14627
14291
14659
15043
14563
14179
14611
14387
14515
14771
14579
14771
14659
14883
14627
14851
14579
14883
14723
15059
14787
14723
15091
15267
14947
14803
15043
15363
14947
14899
15443
15843
15411
16404
15523
15363
15427
15667
15379
15699
15971
15827
16868
15875
16115
16195
16580
16564
16772
16580
17028
17300
17492
17380
17588
17652
17892
18020
17748
18292
18772
18884
18836
19892
19140
19604
19588
19940
19892
20052
19972
20549
20485
20693
20869
21157
21029
21285
21397
21493
21941
21669
22341
22213
22357
22405
22757
22773
22933
23061
23029
22885
23317
23189
23333
23109
23589
23509
23413
23749
23669
24005
23941
24229
24101
24325
24261
24197
24357
24854
24421
24197
24726
24565
24870
24838
25094
24966
25014
25206
25318
25334
25334
25622
25558
25366
25654
25702
25510
25958
25910
25766
25910
25958
26086
25846
26230
26150
25894
26198
26438
26134
26198
26390
26214
26438
26278
26294
26246
26486
26310
26134
26710
26230
26406
26150
26374
26086
26038
26086
25798
26022
25654
25526
25206
25078
24565
25238
24117
23765
23013
22853
22261
21445
21893
20821
19940
19988
20260
19540
19188
19556
19668
20244
21237
21189
21573
21989
22933
22725
23125
23157
22629
22165
21525
20885
20501
19924
19460
19924
20677
21061
21653
21749
21909
21813
21461
20581
20388
20709
20677
21461
22325
21621
21173
20292
19876
20645
21189
21877
21877
21333
20372
19668
20164
21717
21109
21541
21861
21349
20853
20180
19972
20517
21413
21573
21541
21141
20613
20420
19508
20452
20549
21413
22421
21781
21685
20885
20100
19940
19540
20228
20468
20821
21141
21925
21909
22277
21845
21637
21045
20853
20036
19620
19140
19140
18836
18676
18292
18276
18676
18948
19204
19220
19828
20132
20677
20741
20917
21253
21477
21893
22757
22469
22533
22837
22853
23333
23413
23781
23637
24181
24149
24293
24405
24405
24549
24726
24742
25126
24726
25302
24902
25590
25398
25366
25782
25574
25718
26358
25206
26182
25654
25926
25702
26678
25926
25862
25862
26182
26022
26070
26918
26358
26230
26182
25846
26150
26230
26358
26326
26358
26294
26150
26374
26406
26262
26182
26214
26054
26326
26326
26150
26726
26294
26518
26310
26182
26582
26246
26438
26214
26086
26342
26038
25590
26134
26262
26214
26374
26326
26022
26006
26246
26214
26054
26422
26214
26454
26086
26038
26294
26214
25990
26358
26534
26342
26422
25702
26214
26150
26294
26198
26294
26086
26246
26166
26806
26278
26022
26198
25974
26230
25926
25894
25910
26150
25910
26054
25814
26310
25798
25846
25894
25798
25878
25734
25862
25686
25894
25766
25510
25670
25654
25462
26102
25526
25238
25062
25158
24998
25174
24886
24950
24646
24774
24485
24245
24373
23829
23909
23781
23365
23349
22837
22853
22517
22437
22501
21941
22069
21605
21813
21653
21205
20661
20276
20308
20004
19540
19444
18804
18740
18180
18420
17716
17748
17172
17108
16836
16420
16388
16163
15827
16019
15635
15683
15443
15587
15315
15187
15347
15299
15603
15555
15827
16227
16371
16291
16932
16932
17508
18468
18004
18084
18868
18884
19556
19892
20148
20645
20917
20933
21525
21941
22101
22389
22293
22645
23045
23557
23573
23557
23893
23941
23989
24261
24053
24485
24357
24501
23989
24549
24325
24469
24181
24069
24213
23829
24758
23605
23605
23397
23381
23205
23205
22997
22629
22389
22677
23077
21845
22021
21541
21301
21061
21093
20517
19956
19812
19716
18996
19044
18356
18292
18100
17796
17316
17460
17220
17540
17780
18132
18884
19620
20084
20933
21109
21189
20468
20340
19780
19460
19124
20084
20340
20933
21237
20741
20485
19732
19796
19908
20645
21237
21093
21125
20308
19636
20517
19860
20613
21253
21365
21733
20629
19764
19940
20709
20084
20965
21445
21413
21349
20693
20292
19572
19636
19236
19716
20004
20869
21173
21477
21941
22197
22101
22421
22485
21957
21445
21365
20901
20773
19972
20052
19316
19476
18868
18788
18324
17172
16964
17668
17044
17012
17060
16596
16051
15987
15683
15667
15571
15331
14883
14915
14643
14787
14963
14499
14547
14067
14211
13907
14099
14243
13811
14131
13555
14019
13571
13843
13539
13715
13907
13763
13395
13859
13379
13603
13763
13347
13555
13459
13299
13603
13795
13603
13683
13491
13747
14003
13891
13587
14099
13603
13427
13555
14083
14483
14083
13539
13619
14067
13619
13971
14323
13923
14531
14339
14323
13875
14147
14067
14355
14339
15043
14931
14595
14579
14691
14163
14739
14275
14739
14611
14179
14531
14963
14755
14931
15011
14995
15235
14851
15443
15043
15283
15379
15571
15427
15635
15331
15811
15715
15731
16147
15699
15059
15699
15875
16131
15843
16131
16163
16291
16003
16323
16580
16484
16227
16307
16484
16740
16516
16628
17092
16660
17092
16868
17204
16820
17156
16980
17300
17188
17316
17364
17732
17188
17876
17780
17924
17876
18084
18372
18180
18420
18244
18468
18420
18756
18676
18836
18692
19012
19060
19044
19428
19572
19444
19252
19796
19572
20020
20212
20052
19988
20228
19636
20452
20533
20997
20725
20965
20725
21189
21173
21509
21877
21669
21381
22021
22037
22037
22165
22181
22565
22453
22901
23157
23061
23029
23477
23445
23781
23717
24181
24037
24341
24245
24261
24261
24469
24181
24389
24213
24165
23717
23477
22821
22805
22053
21733
20933
20853
19972
19876
19652
19524
19636
19732
20485
20789
21285
21621
22069
21941
21829
21205
20933
20036
20356
19716
19812
19748
20485
20917
21381
22069
21749
21749
21765
21061
20485
19988
19604
19492
20036
19956
20180
21109
21653
21765
22341
21781
21557
20741
20581
19716
19412
19092
19700
19332
19684
19732
20436
21157
21749
22581
22293
21893
22085
21669
21141
20581
20228
19332
18948
19012
18724
18964
19332
19844
20276
20853
21429
21589
22165
22325
22133
22149
21893
21765
21397
20997
20228
19956
19252
19044
18516
18612
18164
18148
18260
18468
18276
18548
19172
19108
19508
19460
20324
20452
20949
21189
21685
21925
21941
22325
22965
23125
22901
23573
23349
23669
24053
23893
23925
24373
24277
24421
24309
24309
24742
24277
24341
24501
24405
24694
24245
24662
24565
24469
24694
24405
24405
24357
24277
23973
24053
23941
24149
23861
24069
24469
23877
23621
23669
23621
23429
23765
23189
23669
23157
23349
23221
23445
22997
23333
22709
23045
22917
22885
23045
22757
22821
22613
23013
22645
22757
22773
23301
22565
22677
22181
22357
22501
22213
22517
22357
23045
22261
22229
21957
22053
22245
21893
22053
21877
21717
21813
21765
22005
21701
21685
21669
21797
21381
21637
21333
21509
21157
21621
21269
21493
21237
21013
21189
21093
20997
20869
21077
20741
20949
20837
20725
20741
20709
20917
20485
20693
20436
20468
20581
20260
20244
20276
20436
20420
20084
20148
20260
20196
20372
20164
19780
20116
19956
20020
19700
19748
19732
19860
19620
19540
19668
19284
19780
19412
19348
19620
19220
18900
19380
18852
18820
18852
18516
18740
18612
18196
18148
18436
17380
18164
17716
17732
17572
17556
17316
17444
17300
16964
16500
16884
16147
16548
16003
16035
15731
15891
15379
15475
14883
14915
14419
14531
14243
14147
14067
14067
14499
14387
14755
15603
15715
16484
17236
17316
18356
18212
19572
20260
20340
20485
20132
20084
19828
19268
18660
18420
18148
17556
17044
17684
17860
18388
18196
19236
19492
20052
20677
21141
21093
21333
21445
20773
20533
20180
19540
18852
18516
19044
18164
17892
18004
18628
18404
18580
19444
19700
19988
20468
21093
21749
21989
22373
22757
22517
22917
22885
23221
22885
23093
22661
22821
22373
22293
21797
21333
20901
20661
19988
19748
19220
18948
18212
18260
18020
17684
17508
17316
16852
17284
17124
17108
16772
17060
17268
17300
18436
17556
17428
17924
18452
18116
18324
18852
18868
18996
19220
19364
19380
19828
20388
20597
20372
20645
20821
20997
21381
21301
22197
21909
21925
22165
22069
22229
22853
22645
22501
22437
22837
23605
22837
23349
23413
23653
23189
23509
23893
24101
23765
24037
24165
24325
24758
24325
24469
24405
24437
24758
24469
24934
24774
24886
25110
24982
25190
25238
25286
25302
25494
25366
25462
25494
25702
25622
25830
25366
25942
25686
25990
25942
25894
26086
26278
26230
26038
26342
26054
26406
26262
25990
26438
26134
26102
26534
26134
26518
26534
27222
26646
27190
26726
27366
26774
26470
26710
26550
26742
26566
26838
26662
26838
26870
26678
26886
26790
26614
26886
26790
27622
26790
26870
26774
27206
26950
26966
26838
26902
26774
27014
26662
26950
26838
26982
26918
26550
26886
26950
27302
26950
27174
26982
26790
26742
27078
27062
26998
26870
27030
26854
26774
26950
26806
27046
27094
26694
26966
26902
27270
27094
26742
27046
26662
26742
26790
26822
27030
26822
26982
26934
26854
26966
26966
26694
26774
26662
26934
26790
26902
26694
27190
26774
27030
26774
26886
26774
26806
26662
26790
26902
26838
26742
26662
26598
26790
26582
26822
26678
26294
26630
26710
26374
26358
26278
26406
26278
26374
26246
26486
26166
26038
26214
26054
25958
26102
26198
25894
26118
25878
25670
25990
26054
25654
25974
25526
25510
25350
25558
25414
25318
25334
24950
25270
24726
24790
24806
24710
24181
24037
24357
23269
23909
23141
23317
22821
22549
22469
21973
21877
21141
21125
19732
20196
19572
19412
18804
18516
18692
18228
18772
19748
19604
20757
21045
21813
21845
22485
22325
22677
22101
22101
21621
20837
20661
20164
19764
19284
19556
19956
20340
21189
21813
22229
22229
22677
22021
21877
20997
20965
19892
20260
20276
20244
21317
22005
21733
21781
20901
20244
20004
20677
20036
20404
21157
21573
22213
22133
22357
21557
21365
20709
20244
19748
19572
19940
20068
21525
20917
21957
22949
22629
22357
22549
21685
21477
20436
20260
20068
19412
19460
20132
20180
20837
21189
21973
22149
22693
22725
22709
22389
22101
21413
21061
20404
19684
20276
19364
18900
19140
18820
19636
19828
21157
20757
21413
22021
22165
22645
22741
22885
22501
22725
22181
21397
21157
20356
19844
19380
19316
19220
19204
19444
19732
20404
20741
21333
21909
22293
22757
22645
22357
22069
21861
21493
20468
20308
19668
19124
18836
18324
18580
18276
18532
18948
18228
19124
19540
19828
20036
20468
20677
21317
21653
22309
22309
22773
22853
23541
23461
23589
23781
24165
24149
24373
24213
24341
24373
24293
24437
24614
24678
25190
25110
24085
24261
23989
24165
23909
23877
23429
23525
23173
23173
22517
22677
22325
21701
21973
21925
21461
21461
21045
21029
20565
20517
20036
20100
19508
19700
18820
19044
18404
18580
18084
18164
17668
17748
17300
17156
16804
16756
16339
16371
15875
15923
15571
15427
15283
14931
14995
14995
14611
14723
14227
14483
14547
14163
14275
14115
13907
13747
13907
13747
13507
13539
13411
13411
13155
13219
13091
13027
13171
12643
12803
13027
12499
12867
12403
12483
12419
12515
13139
12066
12627
12387
11954
12226
11890
12114
12130
11890
12291
12531
11730
12130
11570
11810
11730
11906
11810
11986
11602
12595
11538
11538
11554
11778
11714
11682
11266
11154
11378
11138
11186
11362
11170
11506
11586
11234
11506
10994
11186
11394
10978
11282
11618
11282
11266
10962
11282
11058
11362
11010
11330
10962
11058
11026
11106
11234
11170
11138
11202
10994
11602
11154
10962
11122
10978
11042
11458
10946
11106
10898
11026
11042
11314
11170
10994
11314
11250
11378
11266
11426
11266
11458
12242
11890
11842
11554
12050
11986
11906
11842
12194
12339
12371
12467
12819
12579
12883
12899
13203
12867
13283
13363
13395
13459
13827
13379
13987
14067
14163
14099
14483
14707
14915
15043
15379
15459
15907
15571
16067
16195
16612
16420
16964
16788
17460
17796
17844
18532
18628
19172
19188
19828
20084
20356
20485
20981
21237
21477
21685
21733
22133
21813
22373
22341
22581
22389
22613
22421
22277
23141
22149
22261
22069
22725
22133
20773
21573
21141
21413
21061
20517
20052
20116
20180
19620
19812
19780
19428
19124
18516
18644
17812
18068
17620
17684
17140
17140
17028
17108
16820
16243
16291
15699
15923
15603
15395
15139
15171
14643
14755
14179
14323
14195
14243
13683
13683
13811
13555
13763
13571
13667
13955
14131
13843
13603
13827
13763
14099
13875
14195
14147
14611
14083
15123
14851
15299
15923
16227
15987
16452
16804
17348
17364
17940
18116
18244
19060
19380
19156
20084
20340
20420
20789
22021
21557
21621
21909
22213
22613
22517
22373
22821
22805
23205
23205
23333
23061
22853
23013
22629
22613
23237
22261
22053
21701
21381
20789
20869
20324
20148
19620
18996
18868
18724
17988
17892
17204
17444
16836
17188
16692
17044
16820
17716
17652
18212
18612
19028
19796
19972
20725
20741
21477
21589
21525
21589
21829
21861
21461
21061
20997
20020
19588
19204
18740
18500
17940
18564
18564
19300
19428
19988
20468
21061
21557
21125
21781
21605
21525
20661
19796
19284
18948
18932
18852
18612
19140
19172
19924
20196
21029
21173
21733
21573
21701
21797
21925
21365
21029
20565
20260
19476
19140
18788
18564
18788
18052
17540
17844
17364
18116
18116
18468
18804
19060
19588
19636
20517
20372
21413
21237
21877
22133
22373
22485
22773
22789
23381
23157
23653
23445
23877
23573
23973
23989
23765
23925
23813
23877
23413
23749
23861
23589
23205
22629
23109
22757
22709
22261
22293
21749
21781
21637
21429
21317
20981
20693
20436
20260
19796
19604
19220
19124
18580
18404
18292
17844
17956
17108
17268
16836
16788
16580
16452
15843
15939
15923
15683
15091
15235
14851
14803
14947
14787
14643
14547
14211
14195
14371
13795
13859
13795
13875
13459
13507
13699
13171
13187
13523
13283
13747
13107
13443
12899
12851
12931
13043
12755
12851
13107
12707
12915
12595
12771
12627
12643
12979
12819
13075
12851
13043
12707
12883
12755
12995
12643
13139
12915
12819
12787
12963
13251
12915
12963
13091
13203
13219
13363
13123
13251
13347
13491
13731
13459
13971
13395
14067
14051
14243
13587
13939
13747
14099
13859
14083
14035
14163
14163
14195
13987
13891
14163
14451
14099
14035
14563
14323
14531
14291
14979
14467
14675
14355
14851
14355
14675
14899
14739
14835
15011
14835
14803
14851
15059
14899
15027
14963
15155
14931
14867
15011
15171
15379
15379
14835
15459
15075
15395
15347
15427
15171
15523
15795
15299
15395
15699
15587
16243
15315
15459
15555
15747
15443
15747
16067
16596
15587
15907
16131
15859
15763
16083
16163
16371
16083
16195
16099
16676
16371
16051
16452
16243
16612
16516
16436
16468
16612
16532
16692
16420
16147
16996
16532
16772
17108
16868
17172
17524
17348
17716
17476
17940
17732
18052
18212
18276
18580
18580
18884
18852
18948
18836
19172
19268
19476
20036
19860
20132
20549
20468
20196
20565
21093
21157
21141
21445
21845
21813
21477
22005
23109
22101
22709
22501
22645
22997
22869
23125
23461
23333
23893
23717
23989
23845
23845
24197
24053
24245
24437
24293
24229
24373
24245
24549
24405
25046
24421
24533
24533
24517
24614
24389
24662
24469
24694
24742
24501
24389
24662
24389
24646
24549
24309
24421
24149
24229
24501
24085
24357
24149
24229
24309
24085
24213
24021
24181
23973
23941
24117
23781
24005
23557
23845
23589
23749
23637
23589
23541
23749
24277
23605
23461
23653
23317
23653
23333
23701
23525
23541
23381
23477
23333
23237
23301
23349
23029
23269
23589
23205
23461
23445
23461
23349
23285
23493
23205
23333
23349
23589
23237
23477
23381
23733
23349
23397
23877
23381
23349
23125
23285
23285
23205
23717
23205
23509
23957
23445
23285
23093
23381
23605
23493
23093
23413
23029
23157
23109
22949
22885
23205
22965
22005
22741
22501
22613
22597
22421
22261
22341
22469
22085
22165
21829
21941
21653
21701
21285
21541
21253
21525
21029
20837
21205
20821
20533
20965
20148
20324
19828
19988
19588
19700
19348
19396
19316
19236
18852
18916
18324
18276
18164
18260
18020
17668
17604
17124
17188
16596
16404
16131
15923
15955
15699
15475
15043
14899
15123
15155
14883
14867
15123
14787
15075
15587
15683
16195
16307
16708
17188
17812
17860
18148
18884
19540
19700
19972
20613
20853
21461
22005
21653
22133
22261
22421
22981
22965
23125
23301
22805
23573
23589
23573
23685
23669
23909
23701
23605
23781
23717
23829
23429
23749
23589
23637
23269
23477
23157
23237
22901
23061
22613
22773
22373
22501
22501
22101
21813
21861
21637
21285
21317
20901
21013
20789
20180
20084
20340
19860
19924
19620
19188
19124
19028
18804
18452
18340
18084
17492
17796
17252
17220
17332
16211
16852
16708
16484
16500
16083
16179
15811
15859
15299
15155
15219
14947
14899
14387
14467
14723
14419
14387
13859
13955
14227
13635
13683
13603
13715
13219
13379
13331
13043
12787
12899
13635
12659
12915
12483
12371
12339
12515
12355
12274
12323
12483
12162
12883
11890
12274
11874
12002
12691
11874
12082
11810
12066
11778
11714
11890
11634
11954
12419
11746
11842
11762
11858
11938
11650
11682
11986
11458
11826
12066
11666
12034
11586
11986
11698
11794
11826
11586
11762
11618
11794
12034
11650
11666
11570
11762
11730
11266
12066
11602
11666
12066
11730
11938
11858
11602
11938
11538
12018
11714
11986
12146
11650
11762
11874
11762
12002
12114
12258
11826
12066
11954
12002
11922
11906
12050
12242
11986
12098
12307
12515
12162
12691
12339
12483
12419
12659
12819
12771
12915
12771
13123
12643
13139
13027
13347
13203
13731
13971
13587
13939
14819
13891
14435
14595
14771
14755
15331
15219
15779
15891
16227
16628
17252
17172
17988
18644
18676
19316
19668
19796
20388
20773
21221
20805
20661
20789
21045
20517
20581
20036
19796
19444
19348
18708
18164
18084
17796
17988
17092
16724
16724
16371
16740
16564
16980
17284
17268
18116
18820
19188
19876
20020
20581
19940
20933
20789
20629
20100
19492
19012
18932
18052
18276
18180
18932
19188
19316
20260
20549
20549
20965
20452
20052
18884
19108
18292
18228
17924
17652
17764
17908
18068
18324
18580
18740
19188
19828
19924
20677
20741
20981
21413
22261
21973
22469
22501
22453
22885
22805
23205
22997
23397
23317
23669
23621
23909
23637
23957
23813
24133
24101
24165
24133
24469
24309
24341
24630
24405
24261
24533
25318
24774
24806
24854
24549
24646
23829
23749
23205
23189
23013
23461
23445
23589
24389
23781
24213
24069
24005
23765
23317
22725
22181
21861
21189
20997
20276
20004
19620
19220
18820
18756
18404
18468
18356
18788
18388
18756
19204
20485
20388
20805
21429
21605
21541
21797
21685
21765
21589
21925
21365
21189
20725
20052
19636
19364
18532
18372
18196
17892
18372
18100
18740
18900
19028
19700
19988
20164
20276
20613
20981
21093
21509
21909
22181
22261
22789
22789
22949
23605
23397
23477
23333
23637
23717
23637
23333
23669
23477
23445
23445
22853
23157
23317
23061
23141
22469
22421
22389
22533
21925
22245
21285
21333
21685
20356
20388
19780
19636
19012
18836
18196
18084
17588
17556
16932
17172
16884
17012
16740
17348
16612
16980
17172
17300
17636
17652
18196
18260
18948
19092
19492
19956
20356
21029
21029
21845
21477
22085
22197
22533
22469
22709
22597
22853
23141
23061
23301
23093
22997
22837
22997
22901
22309
22501
22133
21909
21573
21573
21013
20164
20773
20565
20132
19892
19892
19316
19092
18996
18644
18692
18644
17972
17876
17732
17828
17380
16500
17508
16740
16884
16644
16323
15971
16019
16083
15571
15651
15379
15299
14995
14899
14883
14851
14483
14579
14371
14179
14339
14291
14051
14019
13699
13475
13459
13651
13155
13331
13331
12835
12883
12883
12691
12963
12931
13363
12899
12387
12803
12723
12274
12707
12226
12435
12371
12210
12531
12291
12435
12291
12499
12114
12307
12146
12355
12531
12435
12739
12403
12819
12387
12915
12899
13139
12883
13619
13155
13539
13155
13395
13667
13827
14531
14323
15139
14435
15171
15155
15571
15283
16035
16115
16339
16852
16804
17396
17700
18084
18196
18708
19252
19396
20052
20164
20645
20757
21365
20869
20276
20132
19444
19156
18372
18292
17812
18452
18612
19588
19892
20485
20613
20597
20004
19764
18884
18900
18452
18948
19204
19668
20164
20725
20420
19572
19556
19140
18644
18324
18052
18116
18580
18660
19188
19604
20292
20404
20997
21461
21605
21717
22165
21877
22469
22245
22469
22293
22597
22213
22341
22069
22181
21749
21877
21461
21685
21269
21061
21349
21221
20853
21061
20805
20244
20565
20501
20148
19988
19748
19508
19124
19140
19060
18836
18292
18420
18196
17764
17604
17636
17220
17396
16868
16596
16612
16452
16339
15939
16019
16019
15635
15635
15187
15203
15187
14947
15539
14771
14611
14355
14419
14627
15011
14803
14115
14435
13779
14003
14339
13923
14019
13587
13763
13971
13747
14147
13651
13699
13507
13731
13507
13715
13507
13651
13315
13411
13699
13315
13523
13635
13363
13571
13971
13219
13555
13395
13475
13507
13907
13107
13331
13139
13027
12627
13043
12883
13027
13091
12931
12675
12787
12899
12483
12787
12963
12242
11986
12307
12082
12339
12451
12274
12194
11954
11970
11826
11746
11826
11090
11794
11346
11634
11698
11650
11314
11682
11282
11410
11442
11570
11154
11458
10994
11394
11010
11154
11362
11010
11330
10866
11554
10850
11026
11186
10978
10946
11106
11234
11090
11362
10818
11250
10914
10962
11042
11970
11058
10978
10706
11634
11202
10866
10978
11186
10978
11202
11458
11186
10770
11266
10770
11026
11170
11458
11074
10994
11202
11346
12018
11506
11218
11090
11122
11042
11170
11362
11762
11570
11170
11922
11298
11506
11570
11250
11666
11234
11554
11186
11538
11058
10930
11730
11378
11682
11218
12339
11058
11506
11090
11490
11314
11442
11282
11570
11458
11122
11170
11394
11186
11378
12002
10802
11122
10754
11330
10674
10978
10690
10642
10882
10834
11186
10866
10738
10578
10450
10610
10866
10322
10754
10674
10994
10370
10514
10578
10530
10130
10370
10418
10194
10354
10066
10226
10322
10130
10258
10530
10002
10274
9778
10162
10178
10418
10178
10434
10002
10098
10178
10450
10050
10450
9954
9922
10466
9954
10178
9874
10194
10434
10002
10162
10050
10258
10658
10194
10082
10034
10034
9922
10162
9810
9906
9698
9874
10162
9938
10018
10162
10018
10162
9730
9778
10258
9762
9938
10018
9586
10178
9682
9938
10146
10098
10082
9970
9874
10130
9842
10034
9522
9730
9810
10082
9746
9810
9746
9970
9650
9810
10018
9810
10146
9906
10114
10258
10354
9954
10274
11106
9874
10226
10530
10594
10514
10370
10706
10258
10514
11538
10434
10690
10818
11234
10498
11538
10850
11426
10786
11090
11234
11154
11042
11138
11458
11154
11586
11266
11490
11874
11570
11634
12034
11794
12018
11746
13027
11890
12242
12499
12403
12739
12755
12515
12387
12931
12659
13859
12819
13123
13555
13059
13379
13091
13123
13651
13347
13587
13267
13683
13459
13651
13491
13763
13891
13603
13907
13763
14051
14547
14115
13891
14035
14003
14115
13731
13907
13267
13987
13715
13907
13651
13843
13651
13875
13459
13747
13875
13491
13619
13923
13619
13875
13363
13747
13859
13731
13731
14867
13827
13939
14115
14499
14259
14755
14563
15475
15171
15811
16163
17060
16900
17652
18020
18404
18436
19188
19220
19588
19652
20116
19956
20276
20212
20452
20180
20196
19652
19684
19668
19316
18708
18516
18388
17988
18452
17252
16820
16820
16452
15875
15443
15491
15427
15267
15043
14707
15011
15091
14787
14531
14867
15283
15331
15427
15043
15539
15907
16147
15987
16211
16836
16740
17172
17108
17524
17732
17700
18260
18484
18660
19204
19172
19732
19620
20228
20741
20613
21013
21205
21637
21637
21541
22085
21957
22517
22469
22885
22741
23045
22869
22965
23317
23061
23317
23125
23669
23029
23157
22789
22773
22357
21925
21813
21541
21397
21685
21093
20308
19892
19252
18948
18708
18740
18020
17396
16996
17124
16708
16468
16147
16436
16179
16067
17092
15987
16323
16323
16564
17108
17060
17572
17460
17908
18036
18516
18740
19220
19572
19572
19892
20436
20485
21141
21205
21413
21301
21877
22213
22101
22565
22437
22997
22789
23237
23141
23605
23525
23573
23925
23813
24149
23989
24325
23957
24229
24325
25158
24437
24469
24405
24694
24742
24614
24646
24309
24678
24437
24373
24213
24485
24197
23957
24149
23733
23797
23525
23669
23221
22965
22981
22597
22725
22293
22245
21957
21461
21541
21029
21109
20693
20661
20148
20084
20068
19396
19716
19332
19156
19636
18852
18500
18260
17940
17332
17540
17380
16996
16884
16339
16580
16500
16355
16147
15811
15539
15251
15203
15363
14915
15027
14579
14707
14211
14403
13923
14563
13779
13827
13827
13235
14195
13827
13923
13827
13171
13651
13427
13747
13523
13731
13603
13747
13763
13603
14099
13875
14243
14579
14275
14419
14707
14483
15075
15251
15779
15731
16099
16516
16275
16612
17636
17060
17268
17540
17924
18260
18132
18628
18740
18756
19044
19300
19492
19412
19844
19828
20196
20276
20292
20533
20789
20917
21237
21413
21317
21541
21813
21701
22085
21685
22325
22197
22325
22421
22789
22709
22741
22981
22869
23093
23253
23301
23253
23589
23605
23461
23557
23861
23925
23493
24085
23829
23957
24245
24069
24341
24117
25030
24373
24453
24549
24421
24565
24630
24854
24902
24854
25046
24982
25046
24982
24886
25110
24950
25366
25206
25510
25398
25254
25542
25446
25206
25702
25334
25590
25606
26198
25830
25750
25430
25782
25622
25398
25750
25590
25814
25526
25782
25910
25574
25846
25702
25926
25718
26182
25766
25718
26102
25942
26070
25990
25862
25942
26054
26150
26070
26246
26166
26022
26182
26054
26294
26022
26342
26134
26150
26278
26134
26198
26182
26054
26198
26230
26246
26166
26054
26342
26294
26662
26390
26326
26150
26534
26278
26854
26150
26486
26134
26230
26502
26294
26406
26278
26710
26790
26406
26262
26470
26390
26662
26374
26614
26326
26534
26374
26150
26982
26598
26390
26694
26518
26342
26438
26518
26502
26342
26566
26358
26518
26502
26342
26326
26278
26598
26374
26454
26470
26486
26358
26166
26166
26182
26198
26198
26342
26294
26086
26342
26534
27014
26022
26294
26182
26086
26438
26326
26278
26182
26006
26214
26022
26486
25958
26246
26086
25846
26230
25942
26102
26006
26118
26022
26150
26006
26118
25958
25814
25926
26038
25830
25638
25446
25654
25814
25734
25558
25814
25462
25414
25286
25446
25222
24325
24790
25142
24774
24870
24565
24261
24309
24165
24165
23749
23733
23397
22885
22965
22725
22485
22165
22165
21685
21749
21269
21013
20773
20468
20180
20292
19588
19812
19348
18980
19220
18580
18292
18084
17876
17940
17572
17428
17380
17108
16804
16660
16740
16291
16516
15843
16083
15827
16436
15139
15795
15123
15619
15075
15171
14723
14899
14787
14675
14483
14323
14019
14019
13907
14035
13795
13875
13635
13843
13587
13779
13219
13107
13427
12979
13219
13363
13091
13075
13571
12979
12531
12723
12835
12499
12691
12659
12403
12419
12098
12451
12002
12242
12435
12146
12323
11938
12258
11602
11730
12066
11730
11970
11602
11746
11842
11698
11378
11874
11346
11762
10754
11810
11170
11698
11522
11442
11874
11218
11506
11026
11410
10962
11202
11122
11442
11394
11234
11234
11538
11282
11794
12146
12499
12995
13795
14499
14979
15955
16420
17332
17556
17956
18116
17620
16452
17108
16452
16243
16660
17732
18532
18740
18404
18164
17396
17396
17252
18020
18852
19252
19268
19236
18788
18084
17636
18148
17476
17652
18532
18676
19188
20869
20292
20533
20741
20549
20661
20084
20116
19364
19108
19156
18532
17844
17940
17316
17172
16644
17364
15907
16131
15731
15779
14979
15443
15043
15107
14659
14835
15331
14531
14643
14323
14707
14291
14419
14499
14019
14179
14195
14195
14579
14499
14323
14643
14403
14547
13747
14787
14467
14947
14755
15091
14899
15043
15539
15379
15827
15091
16291
16932
16820
17236
17844
18068
18996
18900
19108
20404
20180
20100
20629
20933
21061
21205
21701
21701
21973
21637
21541
21301
21749
21413
21125
20468
20565
20228
19668
19572
19540
18868
18804
18244
18212
17972
17428
17124
17108
16708
16836
16115
16179
15923
15635
15699
15283
15299
14931
14995
14563
14739
14275
15027
13987
14115
13939
14019
13715
13795
14291
13395
13507
13539
13411
13331
13011
13107
12579
13171
12771
12899
12563
12659
12851
12467
12339
12595
12210
12242
12627
12066
12258
12098
12323
11986
12258
11954
12339
12323
12018
11794
12114
12162
11826
12050
11954
11954
11874
11730
11810
11986
11570
11698
11474
11762
12098
11730
12098
11586
11794
11458
11522
11778
11442
11986
11442
11746
11506
11410
11698
11330
11442
11826
11378
11730
11474
11442
11794
11474
11682
11442
11634
11554
11314
11314
11778
11570
11570
11522
11394
11458
11634
11474
11570
11826
11474
11666
11874
11682
11794
11778
11714
11458
11794
11890
11746
11762
11554
11762
12034
11698
11714
11890
11810
11954
11634
11794
11970
11762
12082
11730
12018
11666
12002
11810
12034
11762
12066
11762
11842
11762
11938
12130
11794
11554
12034
12098
12050
11586
11890
11682
11666
12114
11986
11698
12114
11970
11634
12018
11570
11666
11650
12291
12018
11730
12691
11634
11986
11474
11682
12258
11554
11570
11698
11874
11890
12515
11826
11826
11938
11618
11202
11506
11522
11538
12611
11586
11586
11634
11890
11634
11874
11666
11762
11890
12146
11922
12627
12114
11682
11858
11698
11986
11746
12323
11682
11890
11970
12130
11890
11938
12034
11890
11890
11954
11714
11954
11730
11922
12178
11986
12226
11746
12082
11202
12114
12210
12018
12323
12050
12291
11810
12291
12210
12194
12387
11970
12339
12307
12034
12291
11970
12226
12403
12242
12659
12659
12387
12499
12226
12178
12162
12082
12323
12499
12146
12611
12371
12563
12675
12563
12242
12483
12675
12867
12803
12659
12531
12387
12675
13043
12627
12787
12467
12803
12323
12819
13171
13075
12226
12739
12867
12579
12451
12883
13299
12675
12242
12835
12579
12819
12419
12803
12515
13059
12451
12755
12739
12963
12595
12915
12787
12739
12659
13123
12627
12819
12867
12739
12387
12707
13011
12611
12515
12835
13171
12659
12787
12979
12643
12979
12659
12803
12611
12867
13027
12835
13155
13011
13027
13139
12739
13171
12851
13043
13315
12899
13219
13171
13347
13107
13139
13379
13779
13283
13699
13635
13635
13123
13411
13795
13699
13795
13683
14355
13555
13699
13635
13859
14227
13651
13875
13875
13715
13923
13987
13747
13523
13891
13795
13859
14083
13827
14435
13763
14163
13875
14131
13891
14051
13731
14099
14099
13891
14179
14179
14051
14099
14163
13827
14195
13747
13955
13859
14179
14147
13891
14131
13331
13779
13747
14083
13715
14115
13587
13811
13763
13859
13667
14355
13891
13635
13939
13555
13667
13875
13747
14035
14067
13875
13475
13715
13667
13571
13731
13507
13475
13731
13331
13299
13443
13747
13267
13667
13411
13667
13315
14083
13363
13571
13715
13699
13139
13347
13363
13475
13235
13539
12883
13283
13091
13283
13091
13427
12995
13299
12915
13315
13587
13395
13363
12963
13347
13155
13059
13299
12963
13283
12835
13203
13251
13075
13155
12947
13187
12835
13027
13219
13107
13171
13491
12851
13027
13203
12835
13043
13059
12835
13139
13059
13075
12739
13155
12771
12851
12915
13075
12755
13155
12659
13235
13139
12931
12835
12835
12611
12899
12931
13219
13011
12691
12915
12595
12835
13107
13027
12819
12771
13027
12595
12883
12643
12611
12691
12803
12467
12675
12739
12435
12419
12531
12771
12483
12659
12371
12643
12499
12579
12323
12387
12050
12355
12515
12451
12210
12178
12947
12435
12242
12627
12050
12274
11970
12146
12579
12002
12323
12435
12595
12018
12307
11794
12210
11938
12114
12835
11826
12755
11794
12098
11858
12162
11778
11890
12355
11938
12226
11906
11938
12258
11906
12226
12130
12098
11650
11634
11746
11970
12114
12018
12002
11682
12194
12739
12242
11842
12098
11762
11554
11634
12018
11554
11954
11922
11602
12258
11698
11970
11922
11890
11922
11906
11970
11842
11618
11554
11586
11666
11986
11858
11602
11618
11778
11650
11730
11666
11762
11490
11506
11170
11650
11746
11506
11714
11522
11874
11538
11618
12435
11874
11842
11442
12050
11586
11682
11138
11618
11794
11746
11794
11378
11698
11698
11410
11602
11250
11682
11810
11650
11506
11650
11746
11602
11730
11314
11490
11234
11410
11218
11570
11634
11858
11602
11362
11522
11730
11378
12050
11138
11618
11698
11314
11762
11218
11522
11042
11714
11618
12050
11938
11634
11442
11698
11282
11330
11778
11330
11330
10866
11298
11378
11474
11250
11074
11330
11266
11426
11154
11058
10898
11282
11394
11186
11442
11266
11506
11410
11346
11154
11170
11138
11202
11650
11042
11394
11058
12162
11506
11218
11010
11202
12194
11122
11138
11074
11394
10962
11234
11170
11346
11602
11522
12002
11170
11378
11170
11458
10978
11170
11074
11458
11554
11170
11442
11250
11426
11058
11218
10978
11106
11410
10930
11250
11106
11474
10946
11218
10770
10994
10866
10850
11250
10866
11202
10866
10914
11330
11138
10674
10850
11218
11282
11490
11250
11154
11346
11298
11186
11154
11058
11314
11106
12050
11026
11522
11106
11138
10914
11010
11474
11154
10898
11314
11154
10722
11026
11186
10962
11250
10962
10706
11106
11042
11202
10770
11186
10642
10978
11570
10898
11234
10978
10834
11090
10962
10882
10642
10882
10850
10946
10738
10706
10610
10706
10866
10498
10786
10610
10610
10850
10610
10642
10802
10290
10738
10354
10594
10690
10690
10674
10498
10706
10466
10466
10706
10546
10450
10434
10226
10514
10210
10594
10258
10546
10002
10130
10610
10226
9794
10194
9954
10770
10402
10050
10498
10450
10034
10178
10130
10466
10082
9682
10130
10114
11026
10274
10482
10290
10530
10130
9874
10866
10226
10482
10418
10354
10146
10386
10242
10418
10274
10290
10018
10306
10066
10226
10226
9730
9858
10434
9874
10066
10274
10322
10050
9890
10162
10194
9890
10162
10178
9986
10226
9954
10322
9954
10098
10146
9938
9778
10450
10258
9970
9906
10354
10146
9986
9938
10210
10002
10114
9842
9890
10082
9970
10034
10034
9954
9938
10226
9842
10082
9682
9842
10370
10258
10002
9522
9954
10210
9762
9970
9842
9970
9378
9794
10162
9762
10466
9746
9986
9730
9714
10194
9922
9538
10002
9538
9922
10146
9730
9746
9954
9922
10178
10130
10274
9602
9986
10034
9730
10290
10018
9762
10114
9842
9938
9698
9922
10050
10322
9890
9650
10498
9474
9890
9970
10066
9954
10306
9778
9922
10114
9698
9218
10242
10050
9794
10098
9906
10722
10162
9890
9746
9730
10130
10130
9954
10018
9698
10002
10082
9826
10162
9842
10002
10162
10722
9858
10338
10338
9890
9842
9698
9858
10178
9474
10002
9618
9858
10034
9858
10050
10610
9906
9938
9746
9938
10146
9810
9794
10194
9730
10066
9602
10002
9938
9954
9954
9474
9970
9922
9826
10050
9810
10242
9922
10130
9810
10002
9938
10178
10226
9794
10002
9954
10162
10210
9986
10082
9730
9938
9730
10002
10194
9234
10562
9746
9986
10306
10002
9970
10226
9666
10018
10018
10738
9730
10226
9762
10450
9890
10098
10066
9922
10082
9986
9938
10082
9826
9778
10194
9810
10162
9138
9826
10466
10066
10098
10050
10274
9810
10162
9794
9906
10146
9906
9810
9586
9746
10194
9890
10066
10002
9762
9634
10146
9986
10098
9938
10194
10274
10018
9746
10098
10098
9906
10162
9970
9746
10354
9874
10146
9010
9954
10002
9618
9986
9762
9954
10210
9714
10066
9858
10146
9810
9826
10226
9938
9858
9938
10162
9730
10162
10098
9922
10994
9986
10082
10322
9874
10034
10370
9922
10146
10386
9970
10402
9682
10450
10386
10258
10194
9986
9698
10034
10386
10306
10402
10482
10258
10514
10210
10402
10514
10210
10514
10226
10354
10130
10338
10258
10402
10402
10418
10370
10210
10418
10514
10226
10338
10274
10322
10562
10194
10386
10146
10626
10434
10514
10274
10930
10114
10306
10306
10146
10562
10290
10226
10242
10594
10098
10386
10146
10274
10514
10386
10162
10546
10514
10402
10082
10098
10514
10434
10290
10066
10098
10546
9986
10546
10498
10658
10290
10386
10002
10418
10290
10050
10210
10370
10066
9410
9842
10386
9938
10130
10306
10306
10338
9970
10386
11106
10466
10578
10370
10642
10194
10466
10626
10370
10978
10338
10578
10354
10642
10738
10658
10834
10706
10850
10450
10690
11410
11010
10594
10690
10674
10658
11314
10754
10738
10514
11042
11074
11170
10946
10834
11218
10738
10834
11154
10994
10898
11298
11202
10914
11282
11730
11330
11490
11570
11330
11282
11490
11506
11938
11234
11682
11346
11442
11602
11762
11714
11746
11698
11618
11554
11778
11970
11602
12018
11826
11986
11986
12258
12178
12146
12291
12050
12627
12114
12435
12178
12547
12130
12995
12595
12595
12483
12563
12371
12595
12723
12467
13043
12899
13347
12723
13123
12739
13107
12787
13107
12947
13171
12915
13171
13235
12947
12803
13283
12979
13363
13187
13251
13667
13251
13459
13155
13395
13811
13219
13507
13075
13459
13443
13683
13667
13299
13651
13331
13715
13347
13827
13203
13427
13843
13603
13811
13859
13811
13507
13651
13891
13811
14099
13427
13955
13715
13875
13427
13955
13603
13923
13523
13843
14067
13779
14083
12995
13971
13651
14083
14083
13987
14211
13843
14195
13811
13987
14307
14003
14211
13939
13923
14067
14435
14067
14579
14467
14611
14179
14467
14115
14547
15011
14307
14691
14515
14643
14451
14755
14851
14867
14499
14515
14435
15411
14915
14963
14707
15155
14931
14995
14979
14707
14931
14579
15715
15523
14787
15011
15203
15843
15123
15027
14611
15011
14995
15027
15107
14963
14195
15283
15075
15075
15203
14739
15635
14947
15075
14883
15043
14627
14947
14995
14963
14787
15123
15011
15171
14787
15011
15171
14931
15379
15475
15123
15315
15043
15139
14803
15107
14675
15155
14835
15043
15203
14867
15155
14963
15123
14755
15059
15331
14931
15107
15075
14931
14995
15219
14819
14867
14931
15187
14931
15059
15123
15155
14819
14899
15187
14883
15203
14947
14771
15251
14563
15107
15043
