21829
21829
21541
21749
21509
22133
22149
22133
21909
22069
21797
21365
21621
21189
21637
21781
22005
22165
22069
22373
22197
21701
21845
21253
21397
21365
21669
21317
21589
22053
21733
21877
21925
21861
21797
21349
21205
20997
21189
20933
21445
21237
21125
21477
21493
21333
21365
21125
20853
20917
20741
20292
20597
20597
20501
20629
20933
20645
20404
20773
20356
20196
20308
19844
19908
20132
19940
19988
19780
19892
19812
19940
19748
19588
19604
19492
19684
19508
19188
19460
19220
19460
19108
19268
18788
19044
18708
19012
19012
18788
19124
18820
19028
18724
18884
18420
18452
18180
18324
18004
17732
18452
18132
17844
18660
18180
18228
18004
17892
17684
17780
17444
18228
17700
17492
17588
18020
17892
17620
17764
17668
17748
17668
17668
17540
17860
17972
17764
17812
17364
17636
17204
17412
17604
17124
17588
17236
17684
17604
17828
17620
17956
17636
17796
17188
17556
17748
17940
17812
18452
17620
17620
17908
18052
17588
18116
18004
17716
18068
17860
18116
17892
18884
17924
18116
17988
18532
17972
17924
17892
17828
18932
18212
18468
18468
18164
18404
18212
18164
18548
18308
18276
18100
18356
18516
18388
18484
18500
18260
18452
18228
17924
18964
18692
18324
18036
18292
18356
18292
18292
18116
18612
18388
18324
18052
18196
18164
18468
17956
18436
18564
18324
18532
18356
18212
18404
18212
18340
18324
18404
17940
18020
18148
18180
17732
18212
18020
18132
18052
18084
18100
18164
17876
17812
18228
18004
17908
17940
18212
18036
18404
18196
18292
18148
18468
19012
17956
18420
18308
18260
18372
18516
18324
18532
18180
18564
18484
18708
18372
18612
18596
18420
18852
18452
18836
18612
18980
18868
18484
18948
18772
19060
18980
18692
18964
18980
19236
19044
19284
18964
19188
19140
19060
19348
19060
19300
19236
19572
19332
20308
19428
19780
19348
19972
19636
19988
19604
20004
19604
19908
19764
19796
19812
19940
20004
19908
20116
19700
20356
19780
19908
19716
20052
19812
20004
19988
19812
19972
20148
19908
19636
20036
20020
19924
19652
19876
19796
20068
19812
19604
19876
19604
19796
19668
19924
19540
19556
19620
19476
19604
19268
19700
19364
19540
19428
19620
19044
19492
19236
19140
19012
19556
19060
19348
19156
19380
19044
19476
18916
19412
19668
18228
19556
18852
19492
18868
19332
19092
18916
18996
19268
19380
18964
19108
19124
19332
18964
19284
18980
19460
19300
18932
19204
19316
19284
19140
19188
19476
19300
19492
19540
19556
19524
19476
19636
19428
19988
19652
19812
20052
19428
19892
20148
19956
19924
20180
20933
19908
20004
20308
20116
20020
20420
20404
20420
20837
20837
20468
20436
20901
20661
21029
21077
20709
20565
20933
21157
20821
21269
21093
20709
21269
21125
21333
21061
21445
21349
21173
21381
21221
21893
21365
21941
21269
21621
21269
21541
21333
21653
21573
21653
21717
21525
21765
21445
21973
21413
21493
21765
21781
21557
21701
21877
21925
21653
21909
22005
22053
21829
22053
21861
21861
21909
22165
22117
22389
22277
21925
22389
22133
22085
22245
22069
22181
22245
22437
22501
22245
22421
22277
22485
22373
22709
22869
22629
23365
22757
22517
22885
22725
22693
22869
23525
22757
23189
22821
22933
23189
22917
22917
23029
23029
23141
23061
23045
23093
23317
23125
23333
23221
23317
23397
23349
23637
23397
23349
23477
23461
23669
23509
23845
23589
23797
23605
23589
23749
24117
23717
23685
23909
23605
23989
24021
24005
24213
24213
24101
24133
24181
24277
24437
24405
24213
24357
24309
24517
24533
24437
24389
24309
24533
24405
24533
24229
24341
24373
24742
24501
24405
24678
24469
24710
24469
24678
24549
24341
24790
24565
24838
24630
24838
24870
24662
24790
24694
24517
24453
24646
24501
24630
24822
24678
24614
24726
24630
24790
24710
24902
24838
24694
24902
24774
24565
24533
24726
24934
24982
24966
24790
25334
24790
24630
24854
24790
24982
24726
25094
24854
24678
25014
24854
24982
24822
24870
24982
24902
24998
24982
24774
25046
24806
24982
24950
25158
25398
24790
25062
24982
24662
24790
25206
25222
24854
25318
24982
25014
25190
25302
25222
25238
25286
25174
24918
25158
24934
25302
25814
25350
25414
25366
25254
25094
25494
25398
25414
25270
25478
25654
25206
25462
25190
24630
25766
25446
25414
25494
25622
25542
25190
25878
25510
25414
25670
25430
25670
25366
25382
25622
25382
25702
25414
25446
25446
25846
25910
25750
25878
25926
25622
25830
25462
25638
25238
25702
25446
25590
25590
25526
25622
25926
25846
25062
26038
25766
25910
25782
25846
25846
25926
25958
25846
25878
25974
26150
25974
25526
25862
25702
25606
25334
25734
25750
25686
25942
25910
25782
25910
25910
25878
26054
25750
25878
25846
25654
25798
25718
25654
25846
25558
26054
25750
25686
25702
25974
25910
25894
25718
25894
25734
25942
25702
25926
25782
25558
26006
25734
26054
25878
25894
25894
25782
25414
25878
25686
25670
25846
25942
25878
26086
25942
26214
25670
25702
25846
25638
25910
25606
25974
25830
25750
25974
25942
25158
25638
26022
25846
26150
25846
26150
26102
25862
26134
26518
26326
26182
25766
26118
26054
25670
26182
26502
26278
26054
26278
26278
26198
26374
26022
26278
26022
26102
26326
26342
26230
26310
26342
26358
26518
26150
26454
26230
26134
26246
26150
26454
26278
26086
26534
26182
26374
26278
26150
26806
26182
26310
26246
26230
26406
26182
26150
26230
26086
26422
26150
26198
26342
26278
26438
26326
26454
26214
26166
25750
26358
26486
26294
26150
26326
26198
26374
26262
26214
26438
26182
26486
26246
26374
26342
26342
26166
26326
26054
26278
26454
26406
25638
26150
26422
26086
26422
26422
26182
26406
26214
26070
26310
26022
26230
26278
26150
26278
26246
26086
26310
26070
25942
26150
26358
26758
26006
26038
25830
25062
24517
24181
23701
23445
22965
22389
22165
21509
21365
20709
20565
19988
19812
19812
19972
20020
20485
20821
20693
20821
21573
20805
20324
20196
19684
19828
19732
19428
19764
19876
19332
18788
18900
18388
18068
17668
17972
17140
17812
17428
17972
17860
18148
18084
18468
18452
18388
18228
18484
17988
18420
18212
18420
18228
17572
17348
16916
17060
16772
16500
16724
16388
16868
17636
17156
17652
18484
17652
17844
17684
18084
17748
17732
17556
17380
17268
17236
16980
16836
16756
16355
16436
16436
16436
16163
16468
15539
16580
16708
16788
16596
17268
16596
16868
16291
16371
16436
16275
15859
16179
15859
15827
15507
16532
15651
15347
15155
15331
15347
15171
14931
15251
15555
15219
15395
15475
15731
15539
15171
15139
15139
14787
14899
15811
14691
14899
14435
14819
14403
14755
14243
13795
14211
14355
14691
14451
14819
14163
14771
14387
14819
14803
14659
14707
14595
14403
14835
14307
14387
14707
14259
13955
14211
14547
14291
14547
14419
14563
14419
14787
14483
14851
14659
14995
14643
14579
14643
14739
14819
14643
14931
14771
14579
14643
14931
14547
14947
14851
14595
15523
14659
14947
15203
15075
14771
15219
15283
15123
14915
15395
14899
15203
14899
15107
14867
14963
15267
15075
14803
15091
15267
15043
15347
14963
15747
15107
15507
15395
14739
14819
14931
14515
14707
14147
14371
14531
14275
13875
13715
13987
13363
13795
13507
13667
13603
14003
14179
13891
13795
13939
13555
14467
13747
13267
13651
13363
13667
13651
13539
13603
13203
13075
13267
12963
13043
12563
12723
12963
12723
12499
12851
12531
12835
12915
12819
13091
12739
12339
12659
12835
12451
12659
12435
12691
12050
12307
12515
12066
11842
12050
12274
12002
11842
12098
13155
11826
12162
11618
12002
11586
11794
11426
11986
11922
11874
11986
11730
11938
11778
11842
11522
11746
11714
11698
11922
11746
11810
11746
11922
11714
11890
11442
11778
11698
11794
11954
12002
11938
11538
11778
11954
11698
11938
11810
12002
11634
11570
10866
11938
11586
11778
11554
11858
11426
11858
11698
11874
10898
11858
11458
11570
11618
11154
11522
11826
11986
11650
12018
11762
11954
11634
11922
12146
12130
11698
11826
11538
11794
11714
11458
11586
11266
11154
11234
11298
11170
10738
10978
11858
10866
11042
10450
10754
10706
10866
10434
10754
10738
10306
11154
10290
10562
10098
10226
10626
10226
10530
10418
10674
10002
10418
10338
10370
9714
10018
10210
10290
9874
10130
10386
10018
10354
9874
10002
9794
10082
10338
10354
9762
10754
9938
9714
10018
10258
9762
9970
10274
10034
10210
10130
9746
9986
9874
9938
9682
9986
9490
9778
9970
9538
9874
9842
9906
9842
10194
9858
9938
9650
9794
9842
10626
9762
9890
9490
9714
9730
9458
9026
9778
9746
9522
9842
9810
9682
8802
10018
9794
9298
9954
9554
10162
9602
9842
9586
9554
9218
9474
9650
9506
9810
9410
9522
9874
9570
9682
8674
9554
9746
9570
9442
9874
9394
9810
9458
9714
9634
9538
9762
9330
9554
9586
9714
9330
9682
9842
9394
9698
9666
9282
9538
9378
9442
9666
9490
9298
9394
9778
9698
9234
9698
9298
9586
9682
9618
9634
9714
9378
9634
9650
9314
9730
9538
9682
9298
9394
9298
9570
9234
9122
9298
9474
9698
9330
9426
9618
9634
9618
9394
9554
9074
9426
9378
9650
9522
9490
9746
9490
9410
9330
9570
9634
9298
9666
9394
9682
9650
9410
9714
9282
9522
9698
9058
9842
9394
9490
9826
9522
9778
10322
9602
9986
9794
10754
9586
9746
10002
10722
10322
10482
10738
11298
12018
11714
12387
12018
12082
13331
12707
13059
13827
14067
13443
14515
14435
14259
14579
15011
14227
15475
15523
15251
15907
16099
15795
15843
16548
15795
16740
16532
16692
16388
17380
17300
16852
17348
17588
17572
17940
17972
17988
18260
18244
18212
18548
18292
18516
18980
19396
18900
18964
19716
19156
19908
19940
20084
19924
20565
20020
19828
20645
20308
20757
20901
21141
20757
20452
21301
21077
21669
21669
21253
21973
21669
21717
21973
22309
22037
22485
21957
22277
22613
23077
22613
22757
22837
22693
22885
23189
23269
23077
23061
23173
23237
23365
23525
23349
23717
23797
23845
23893
23813
23813
24037
23909
24934
24261
24325
24149
24517
24742
24325
24774
24341
24758
24694
24485
24950
24790
24630
25414
24934
25030
24870
24886
24934
24902
25414
25334
25110
25222
25174
25430
25206
25926
25318
25222
25462
25302
25334
25558
25510
25846
25478
25254
25574
25254
25222
25350
25366
25558
25350
25334
24998
25446
25142
25286
25270
25206
25350
25350
25222
24982
25046
25414
25158
24918
25062
24982
24678
24934
24758
24774
24614
24405
24614
24325
24565
24101
24630
24453
24245
23909
24293
24101
24373
24117
24357
23957
23957
24149
23877
24037
23813
24117
23893
24069
23589
24069
24053
24149
23477
23877
24149
23397
23685
23429
23813
23381
23205
23061
23253
23173
22869
23221
23125
23109
23125
23077
22997
22741
22901
22069
22341
22357
21989
22517
22037
22053
21669
21781
21205
21493
21301
20901
21157
21189
20597
20837
20645
20645
19940
20212
19556
19428
19396
19044
19076
19124
19556
18852
19012
18484
18836
18484
18660
18260
17988
18260
17956
17540
18020
17956
17716
17380
17588
17252
17508
17076
17172
16564
16916
16676
16452
16644
16868
16564
16708
16211
16644
16323
16019
15939
15507
15683
16307
15667
15827
15571
15635
15539
15587
15619
15395
15011
15171
14771
15027
14627
14691
14739
14515
14083
14115
13875
13987
13699
14195
13347
13587
13363
13459
13155
13731
12723
13219
12563
12883
12291
12707
12307
12547
12066
11986
12274
12467
12387
11842
11794
12323
12050
11778
12451
11906
12242
12274
12291
12210
12130
12723
12371
12851
12707
13155
12931
13091
13075
13507
13523
13715
13827
14435
14291
14867
14691
15299
15619
15651
15891
16099
15987
16484
16612
17092
17108
17412
17316
17924
18228
18132
18612
19476
19348
19028
19620
19620
20084
20196
20597
20597
20885
21141
21381
21477
21461
21957
21973
22453
22837
22581
22789
22693
22997
23253
23141
23573
23669
23829
23989
23765
24069
24197
24053
24277
24069
24389
24774
24726
24437
24437
24485
24678
24870
24774
25254
24742
24710
24485
24694
24774
25046
24069
25014
24918
24758
24614
24742
24998
25110
24966
24886
24501
24742
24678
24950
24774
24694
25286
25030
24469
24742
24213
24726
24165
24501
25206
24694
24437
24694
24517
24742
24501
24630
24421
24485
24694
24517
24838
24245
23797
24565
24309
24549
24437
24630
24357
24405
24181
23877
24293
24197
24726
24133
24501
24277
24069
24469
24133
24501
24165
23941
24085
24005
23925
24197
23781
24181
23973
23845
23989
23749
24037
23877
23685
24021
24085
23973
23845
23637
23909
23605
24117
23733
23637
23925
23397
23797
23525
23445
23573
23605
23701
23301
22965
23557
23557
24101
23205
23237
23413
23221
23653
23237
23349
23221
23285
23333
23077
23125
22965
23061
22901
23317
23445
23077
22565
22229
22645
22421
22421
22869
22517
22661
22741
21941
22373
21957
22101
22021
22293
22117
22117
21861
21685
21397
21269
20773
20501
20148
20084
18916
19652
20356
19348
19012
19012
18612
17828
17972
17668
17252
17364
16708
16804
16548
16468
16596
16195
16468
15827
15859
15731
15187
15283
14803
14787
14915
14579
14563
14211
14323
13987
14083
13635
13875
13795
13843
14147
15091
14595
14707
15283
15539
16099
16388
16243
16980
17284
17636
17892
18516
18548
18484
19460
19444
19924
21109
20901
21461
20981
21173
21781
21669
22421
22133
22709
23013
22853
23093
23221
23301
23317
23669
23477
23989
23925
24165
23893
24053
24389
24517
25014
24549
24341
24806
24501
24854
25014
24870
25238
24982
25238
25366
25206
25478
25366
25430
25334
25894
25446
25302
25622
25446
25462
25942
24774
26086
25526
25846
25734
25654
26262
25734
25654
25734
25750
26022
25238
26006
26070
25910
25814
26070
26102
26166
25270
25894
26102
25878
25926
26310
25942
26438
26118
26358
26454
26102
26150
26262
26198
26182
26102
26166
26294
26150
25750
26198
26086
26086
26358
26150
26198
26294
26134
26150
26038
25974
26982
26438
26230
26550
26390
26390
26278
26198
26534
26518
26390
26310
26326
26486
26438
26278
26502
26390
26310
26550
26310
26214
26662
26374
26230
26534
26598
26534
26550
26310
26438
26486
26342
26390
26182
26342
26198
26374
26502
26262
26182
26534
26438
26326
26454
26406
26550
26342
26566
26454
26646
26390
26598
26454
26534
26534
26646
26198
26118
26038
26358
26198
26198
26262
26310
26038
25638
25414
25478
25398
25046
24261
25286
23909
23429
23413
22981
23333
22901
22693
23221
22741
22677
23141
22821
22389
23013
22341
22437
22389
22373
22101
22229
22389
21749
22133
22245
22021
22181
21893
22229
22021
22533
22293
22853
22661
22693
22725
22549
22917
22581
22501
22709
22837
22021
22325
22629
21781
22101
22581
22197
21877
22005
21669
21125
21493
20949
20549
20517
20116
19940
20020
19700
19092
19540
19012
18852
18708
18644
18148
18500
18132
17892
17684
17556
17732
16932
17220
16804
16820
16404
16307
15795
16211
15715
15939
15427
15619
14963
15267
14851
15763
15203
15283
14595
15107
14547
14755
14435
14675
14163
14355
14499
14003
13811
14099
14595
13923
14115
13635
13859
13715
13363
13363
13539
13475
13123
13379
12931
12883
13011
12867
12531
12643
12787
12723
12691
12210
12483
12114
12291
11986
12258
12002
12162
12371
11922
12050
11762
11922
11714
11730
11890
12002
11746
11970
11794
11490
11746
11858
11554
11778
11346
11602
11218
11474
11266
11298
10930
11634
11522
11202
11346
11170
11378
11010
11074
10994
11234
11346
11106
11010
11570
10994
10994
11218
11154
10706
10882
10658
11202
10706
11026
10546
10594
10594
11186
10850
10722
10882
10610
10610
10866
10770
10914
10562
10722
10450
11058
11282
10754
10386
10466
10418
10610
10546
10674
10930
10466
10562
10722
10738
10210
10434
10738
10674
10386
10386
10690
10210
10594
10610
10370
10578
10514
10402
10258
10690
10738
10338
10594
10274
10466
10082
10354
10162
10130
10498
11170
10866
10274
10546
10258
10482
10050
10274
10258
10146
10258
10594
10210
10050
10338
10594
10626
10802
10498
10866
11026
10786
11954
12210
12371
13571
14499
14195
14579
15315
15763
16259
16019
16884
16980
16371
17028
16804
16227
17108
16788
16660
16836
17092
16388
16868
16740
16371
15795
15731
15539
15555
15475
15395
15091
15091
15107
14707
14723
15507
15091
14835
15059
15107
14755
15123
15315
14771
15139
15539
15059
15555
15827
15779
15411
16339
15731
15763
16355
16147
15923
16179
16404
15683
16211
16788
16468
16532
17012
16788
16243
16804
16708
16996
17268
17060
17140
17220
17172
17012
17492
16932
17268
17332
17460
17092
18116
17348
17492
17508
17716
16788
17732
17844
17764
17748
18180
17908
18084
17956
18180
18164
18676
18132
18116
18468
18244
18452
18228
18676
18420
18788
18660
18292
18740
18740
18836
18788
18788
18372
18852
18996
18788
18724
18868
18628
18996
18980
18468
18916
18708
18404
18724
19204
18692
18724
18900
18580
18996
18916
19076
18676
18980
18884
18660
18964
18788
18724
18852
19124
18980
19140
19396
18772
19108
18996
18996
18900
18900
19220
18964
19348
19028
19380
19028
19204
19268
19540
19284
19924
19316
19540
19380
19524
19508
19684
19764
19796
20501
20228
20501
20869
20533
20917
21429
21285
21189
21509
21509
22021
21845
22213
22325
22165
22389
22773
22837
22773
22645
22949
23205
23077
23029
23301
24005
23333
23461
23701
23445
23445
23861
23701
24037
24037
24053
24149
24005
23797
24325
24117
23877
24085
23941
24277
24181
24710
24293
24678
24293
24806
25126
24902
25398
24950
25014
25510
25142
25190
25366
25462
25286
25510
25398
25334
25286
25142
25190
25174
24774
24854
24710
24389
24213
23829
22853
22853
22245
21637
21157
20869
21029
19748
19332
19236
18564
18532
18052
18100
17476
17220
17444
17684
17380
17780
17604
17364
17876
17748
18196
18404
18724
18836
18996
19060
19908
19924
20212
21221
20837
21493
21413
21765
22213
22565
22693
22501
23221
23093
23205
23301
23621
23685
23637
23429
23701
23445
23637
23381
23429
23397
23189
22805
23061
22805
23029
22917
22693
22629
22597
22485
22005
22213
21957
21717
21733
21733
21317
21509
21221
21157
20789
21205
20997
20452
20565
20388
20372
20052
20196
19604
19556
19364
19316
18964
18420
18756
18404
18244
18100
17668
17860
17460
17316
17044
16980
16388
16291
16243
16163
15843
15731
15843
15443
15443
15363
15251
14867
14547
14579
14739
14099
14403
14451
14035
14227
13731
13907
13555
13843
13603
13779
13635
13443
13299
13411
13219
12947
13123
12979
12803
13043
12723
12499
12547
12691
12467
12579
12419
12467
12787
12291
12467
12050
12291
11922
12146
12355
11778
12339
12050
11858
11794
11986
12002
11554
11794
11474
11906
11714
11506
11570
11762
11698
11554
11346
11554
11090
11186
11442
11250
11410
11170
11090
11026
11026
11362
10898
10882
11474
11154
11346
10594
10850
10706
11122
10722
10914
10962
11346
10866
10834
11042
10914
11186
10578
10770
10546
10898
10786
10562
10898
10594
10786
10482
10802
10530
10930
10834
10706
10978
10994
10834
11042
10850
11298
10834
11154
11442
11522
11250
11554
11794
11666
12210
12130
12178
13059
12867
13091
13475
13251
14243
13875
14243
14899
15443
15603
16436
17044
17476
18004
18404
18500
18932
19364
19652
20148
19828
19956
20116
19940
20581
20212
20196
20196
19780
19572
19444
19252
18756
18564
18196
18148
17620
17524
17188
17076
16548
16548
16019
16067
16115
15267
15091
15235
14835
14899
14627
14243
14291
13363
13939
13987
14051
13683
13715
13955
12803
13779
13683
13619
13427
13587
13683
13619
13587
12851
13667
13219
13347
13235
13459
13155
13347
13475
13331
13139
13731
13139
13331
13587
13347
13507
13539
13219
13891
13027
13203
13395
13363
13539
13459
13363
13875
13075
13299
13395
13587
13475
13523
13267
13475
13315
13587
13299
13523
13683
13459
13491
13443
13635
13347
13523
13555
13459
13651
13219
13619
13299
13459
13395
13427
13699
13251
13523
13411
13987
13907
13667
13875
13683
13891
13763
13907
13539
13859
13619
14755
13651
13875
13763
13987
13827
13843
13667
13859
14131
13219
13475
13779
14035
13603
14163
14115
13939
14163
14115
13747
13955
14035
15091
14307
14115
14563
13683
14179
14435
14275
13987
14227
14483
14323
14291
14515
14179
14227
14019
14435
14003
15299
14083
14163
14291
14307
14051
14195
14579
15123
14579
14067
14467
14243
14595
14403
14387
14499
15267
14835
14323
14611
14563
14643
14515
14403
14611
14307
14611
14275
14515
14355
14835
14435
14531
14675
14387
14675
14563
14883
14563
14819
14435
14547
14515
14931
14483
14371
14819
14371
14803
14451
14739
14227
14771
14483
14435
14435
14723
13763
15027
14739
14867
14403
15043
14595
14771
14691
14723
14419
14643
14387
14915
14819
14835
14659
14819
14867
13859
14627
14435
14643
14963
14739
14915
14435
14835
14467
14723
14867
14899
14259
14531
14915
14643
14979
14467
14579
14835
14499
14835
14659
14691
14563
14691
15171
14435
14243
14739
14931
14755
14675
14835
14563
14531
14899
15043
14643
14915
14819
14867
14787
14627
14691
14755
14963
15571
14947
14771
14835
14419
14851
14867
14771
14979
15411
14867
14963
14675
15011
14899
14723
14867
14611
14883
14739
14995
14595
14579
14595
15267
14771
14723
14787
15059
14643
14915
14835
14803
15155
15043
15075
15203
15651
15203
15139
14963
16019
15283
15171
15187
15267
15379
15187
15075
15171
14451
15379
15475
15747
16035
16692
16884
17572
17572
18132
18228
18852
19076
19412
19492
19204
19220
19348
18948
17972
18212
17940
18228
17332
18180
18660
18452
18916
18708
19172
18676
20036
19556
20180
19604
20100
19860
19604
19140
19220
18596
18004
18468
17812
17812
17444
17396
17092
16484
16852
16436
16371
16404
16948
16452
17140
17316
17124
18196
18276
17940
18596
18932
19060
19524
19396
20084
20501
20468
20485
20917
20741
21157
21269
21525
21397
21429
22021
21541
21813
21973
21973
21989
22165
22005
21989
22357
22245
22117
22693
21797
22373
22293
22277
22037
22437
22133
22389
22165
22229
22453
22517
22341
22277
22405
22245
22149
22501
22453
22613
22293
22517
22325
22469
22773
22421
22805
22677
22789
22821
22645
23253
22709
22981
22805
23029
23093
22741
22693
23205
22933
23029
22885
23045
22789
23525
23157
22837
23253
22997
23509
23221
23077
23061
23397
23237
23477
23477
23269
23189
23621
23285
23253
23461
23365
23557
23189
23621
23317
23237
24261
23381
23301
23477
23349
23525
23365
23765
23365
23621
23413
23589
23285
23365
23381
23637
23829
23349
23669
23397
23525
23445
23381
23445
23637
23285
23829
23477
23685
23669
23093
23685
23509
23637
23717
24005
23413
23589
23397
23477
23589
23573
23557
23381
23909
23781
23621
23701
23397
23573
23413
23701
23365
23717
23733
23701
23445
23461
23381
23349
23573
23317
23781
23525
23413
23573
23445
23781
23621
23493
23685
23461
23557
23525
23333
23477
23733
23621
23445
23685
23525
23941
23765
23557
23781
23637
23541
23749
23653
23733
24069
23845
23669
23621
23653
23797
23589
23797
23941
23589
23445
23557
23701
23669
23413
23461
23061
22757
22261
22133
21829
21461
21365
21301
20965
20581
19972
19444
19188
18548
18596
17732
17892
17092
17044
17364
18180
17668
18260
19380
19284
19620
19860
20036
20340
19940
21221
20036
20020
20148
19796
19044
19236
19124
18324
18916
18212
18308
18004
17892
17588
17652
17236
17268
17076
17220
16964
17092
16371
17076
16724
16596
16676
16708
16243
16964
17204
16211
16660
16612
16355
16275
16804
16548
16307
16884
16564
16404
17140
16612
16564
16756
16772
16179
16740
16596
16676
16932
16548
16676
17156
17124
16820
16852
17108
16500
16884
16788
17300
16772
17172
16564
16868
17236
16980
16836
17252
16724
16420
17076
16788
16692
16724
16644
16420
17140
16660
16852
16788
16628
16291
16420
16980
16500
16500
16884
16900
16740
16948
16644
16756
16612
16804
16532
16692
16484
16420
16948
16371
16612
16836
16676
15475
16532
16339
16371
16724
16516
16788
16484
16740
16452
16323
16692
16307
16147
16548
16371
17060
16147
15971
15971
16436
16179
16211
16179
16500
15907
16404
16275
16404
16147
17044
16211
16468
16099
15923
16067
16035
16019
16243
16067
16275
16452
16115
15907
15939
16836
16163
16355
16147
16339
16115
16259
16051
16259
16179
16580
16275
16692
16484
16163
16596
16468
16676
16596
16612
16756
16580
16500
16868
16436
16628
16708
16692
16884
17060
16948
17252
16916
16916
17108
17380
16932
17236
16916
17316
16916
17060
16820
17364
17252
16948
17508
17108
17252
17124
17540
17108
17444
17636
17348
17332
17444
17396
17060
17588
17844
17444
17780
17524
17556
18068
17508
18052
19092
18596
19588
19380
19892
19876
19876
20468
20420
21301
21141
20933
21653
21301
21653
22053
21909
22517
22613
22725
22597
23077
22949
22757
23205
23237
23269
23525
23525
23509
23781
23445
23461
23717
23349
23717
23957
23861
23861
23733
24085
23893
24197
23909
24261
23957
24165
24245
24277
24117
23861
23989
23925
24213
23893
23989
24037
23925
24229
24085
23797
24309
23829
24101
23877
24005
23877
24053
23733
23973
24085
23989
23589
23573
23877
23765
23573
23653
23765
23701
23461
24101
23621
23349
23653
23493
23301
23445
23461
23605
23301
23541
23317
23701
22997
23093
23125
22885
23061
23125
23397
23077
22645
22709
22549
21749
21413
21253
21205
20949
20276
20132
19492
19316
18724
18420
18148
17860
18356
18196
18292
19108
19044
19284
19876
20276
20549
20965
21349
21381
21989
22181
22373
22725
22757
22821
23189
22933
23157
22805
24037
23637
23477
23397
23637
23845
23493
23573
23269
22789
23045
22741
22357
22197
22085
21893
21877
21909
21717
21253
21381
21269
20965
21141
21077
20757
20549
20933
20388
20260
20468
19956
20116
19908
19972
20052
20164
19684
19444
19684
19412
19380
19268
18820
19028
18644
18964
18996
18756
19028
18676
18740
18612
18740
18500
18244
18500
18148
18452
18372
18500
18244
18308
18308
17700
17988
18212
17892
18020
17092
16996
17636
17652
17524
17684
17892
17028
17716
17300
17604
17364
17268
17508
17092
17236
17156
17332
17044
17076
16916
17060
16836
17124
16948
17028
16692
17012
16612
16884
16820
16932
16692
16836
16724
16756
16900
16804
16452
16516
16436
16484
16852
16291
16660
16339
16548
16484
16099
16452
16243
16227
15827
16275
16724
15891
16243
15331
16339
16003
16099
15811
16019
15699
16115
15811
15715
15635
15923
15491
15987
15539
15475
15459
15667
15827
15571
15379
15571
15635
15475
15347
15139
15411
15603
15283
15011
15587
15699
15315
15539
15507
15427
15251
15811
15331
15235
15251
15251
14915
15203
14803
14963
15539
14579
14019
14067
14147
13779
13411
13779
14227
14643
16436
15571
15939
14723
16211
15971
15939
15683
15747
16371
16163
16227
16932
17236
17364
17876
18212
18340
19108
18708
19348
18468
18676
19252
18340
18196
18356
18068
17380
17876
17332
17172
17076
16692
17812
16692
17028
17668
17396
17972
18500
18244
18356
18996
19444
19300
19860
20084
20404
20517
20533
21141
20805
20773
21189
20805
20629
21109
21141
20709
21029
20885
20452
20709
20837
20821
20709
21045
20805
20581
21013
20420
20853
20452
20452
20180
20340
20356
20180
20741
20324
20292
20212
20020
20068
20388
20372
20052
20549
20276
19956
20068
19588
19700
20164
20068
19684
20164
19892
19796
19876
20052
19876
20308
20308
19876
20180
20068
20212
19972
20436
19940
19668
19972
19892
20068
20068
20020
19620
20196
19892
19924
19812
20084
19956
19732
19876
19252
19700
20084
19316
19796
20036
19588
18948
18996
18484
17812
17732
17444
16900
16484
16307
16163
16371
16243
17076
16275
16900
17092
17716
17716
18580
18740
19076
19860
19380
20436
20853
20965
21349
21445
21749
22117
21845
22421
22309
22741
22565
22901
22581
22869
23141
23077
23381
23365
23765
23397
23669
23781
23509
23541
23797
23925
23893
23893
23797
24085
23973
23989
24133
24037
24245
23909
24133
24309
24149
24277
24197
24021
24549
24229
24245
24469
24309
24517
24341
24662
24437
24630
24405
24726
24517
24710
24630
24501
25158
24662
24726
24806
24662
24742
24822
24614
24742
24614
24421
24517
24758
24694
24934
24886
24726
24245
24758
24934
24758
24437
24902
25462
24501
24886
24806
24838
24886
24886
24710
24694
24918
24662
24774
24870
24646
24998
24902
24774
24870
24822
24806
25110
24838
24790
24742
24646
24517
24886
24565
24966
24758
24726
24918
24774
24726
24934
24998
24517
25062
24918
24726
24678
24774
24998
24934
24806
25062
24886
25014
24838
24870
24662
24678
25126
24261
24694
25238
24982
25014
24998
24902
25078
24934
25078
25046
24902
25110
24886
24710
25014
24630
25190
25398
25030
24918
25110
24806
24966
25094
24918
24998
24790
24565
24870
24694
24934
24886
25014
25078
24533
25062
24886
24694
25190
24934
24758
24902
24758
24662
24694
24790
24982
24790
24517
24806
24806
24918
24854
24630
24918
24662
24950
24854
24646
24902
24726
24934
24822
24870
24950
24806
24870
24742
25014
24646
25062
24646
25030
24950
24902
24838
24854
24069
24982
24838
24726
24549
24886
24614
24918
25142
24726
24918
25014
25110
25062
24998
25014
24646
25046
24806
24934
24950
25126
25142
24854
25046
25014
25462
24886
24838
24998
25030
24822
24982
25078
25046
24742
25318
24870
25158
24886
24870
25110
24918
24838
24854
24982
24966
25126
24918
25110
25062
24934
24822
25062
24854
24630
24726
25046
24822
25062
24918
24806
25014
24678
25030
24790
25046
25686
24822
25254
24758
24822
24758
25062
24726
24630
24133
23941
22997
22485
21957
21429
20645
20645
19988
20004
19444
19268
19652
19668
20244
20597
21045
21317
21445
21957
21717
20853
20372
20549
19524
19316
18724
18884
18260
18372
19124
18212
18244
18420
19172
19188
19636
19956
20372
20468
20485
20709
21141
21285
21157
21765
22005
22005
22309
22789
22661
22981
23125
22981
23477
23573
23957
23573
23973
23781
23733
24101
24005
24726
24325
24293
24405
24421
24245
24646
24630
24758
24453
24854
24806
24982
24742
25062
24838
25014
25014
24966
25222
25318
25318
25110
25318
25126
25126
25142
25078
25414
25206
25270
25334
25062
25558
25382
25222
25590
25398
25606
25654
25318
25430
25542
25766
25526
25686
25542
25430
26214
25446
25654
25766
25462
25590
25606
25606
25590
25334
25510
25062
24806
24453
24261
24005
23189
22885
22021
21429
21525
20901
20693
21653
22053
22261
22261
22725
22437
22309
21621
21333
20709
20004
19940
19508
19284
18708
19252
19508
19220
19716
20885
20581
20693
21525
21557
21605
21957
22117
22213
21637
21861
22005
20837
20420
20068
19524
19364
18756
18868
18100
18356
18436
18692
18404
19268
19332
19588
19908
20517
20404
21813
21205
21413
21765
21957
22197
22549
22517
23061
23045
23109
23253
23285
23637
23509
23861
23685
24309
23909
24181
24181
24069
24341
24357
24117
24437
24437
24726
24501
24742
24630
24373
24517
25078
24918
24790
24998
24950
24806
24918
25030
25094
24806
25190
25126
24662
24918
25078
25254
25382
24998
25238
25942
24998
25270
25142
25302
25270
24998
25158
25190
25398
25174
25494
25126
25302
25366
24646
25430
25206
25846
25558
25462
25254
25382
25398
25302
25542
25382
25734
25526
25270
25494
25254
25286
25142
25254
25174
25238
25462
25270
25462
25398
25334
25366
25142
25382
25318
25302
25542
25590
25510
25318
25494
25318
25654
25478
25430
25158
25318
25302
25318
25190
25398
25350
25190
25302
25174
25302
25462
25398
25494
25686
25094
25462
25078
25382
25366
25126
25302
25254
25830
25414
25318
25046
25414
25510
25270
25206
25286
25382
25430
25318
25094
25206
25126
25190
25270
25254
25430
25126
25414
25366
25302
25542
25270
25382
25318
25718
25398
25254
25414
25142
25318
25350
25238
25910
24838
24822
25318
25094
25382
25094
25958
25030
24934
25078
24918
24742
25062
25622
24886
24886
25190
24950
25190
24934
24838
24261
23509
23637
22821
22645
22085
21733
21141
20597
20388
20052
19508
18996
18916
18388
18388
17476
17524
17396
17476
16916
17092
16468
16275
16243
16355
15267
16147
15443
15891
16083
16243
16740
16820
17316
16996
17604
17540
17940
17940
18612
18676
19044
19684
19844
20260
21349
20885
21141
21669
21461
22133
22117
22469
21989
22517
23205
22981
23093
22341
22965
23221
23013
22949
23189
22949
23141
23013
23269
23029
23141
23013
23205
23109
23013
23461
23269
23509
23205
23189
23173
23093
23413
23077
23429
23205
23157
23365
23285
23221
23365
23109
23173
23061
23381
23349
23557
22981
23429
23381
23253
23141
23205
23349
23301
23045
23253
23221
23109
23125
23141
22805
23141
23093
23381
22901
23157
23061
22997
23125
23237
22965
22821
23221
23045
22789
23429
22757
23029
22789
22757
22933
22613
22853
22565
22789
22581
22725
22421
22645
22277
22597
22309
22165
21733
21589
21285
21141
20613
20581
20116
19780
19236
19252
18548
18532
17860
17716
17332
17060
17300
16788
16708
16355
16516
16131
15539
15699
15715
15395
15571
14995
15075
15043
14403
14435
14547
14131
13779
13939
14131
13827
13619
13587
13043
13539
13635
13443
12851
13587
13011
13843
12611
12819
12435
12771
12403
12995
12146
11746
12162
12339
12274
12242
12291
11954
12098
11826
11922
11682
12034
11970
11954
11330
11826
11250
11762
11474
11298
11202
11554
11250
11362
11426
10418
11426
11138
11234
11154
11298
11314
10962
10866
11346
11282
11202
11122
10866
11794
10658
10898
10498
11202
10994
10802
10914
10882
11026
10850
10690
10306
10562
10482
10754
10370
10546
10786
10402
10498
10306
10658
10450
10562
10194
10818
10706
10578
10466
10226
10418
10226
10722
10098
10194
10546
10482
10418
11234
9954
9922
10418
9938
9842
9906
9858
10306
10226
10274
9970
10226
9938
9938
10386
10066
10290
9794
10114
9778
9970
10082
9922
9650
9938
10066
10210
10162
10386
10306
10722
11026
10962
11554
11714
12034
12531
13139
14083
14963
15219
15955
15907
17364
16868
16307
15907
15699
15347
15699
15251
16019
16468
17396
17588
17364
17876
17988
18276
17348
17412
16724
17108
16195
16227
15763
15731
15571
15811
15683
16003
16147
16179
16452
16948
16420
16980
16564
17204
17460
18548
17812
18436
18708
18628
19220
19124
18884
19732
19956
19780
19860
19892
20292
20388
20933
20949
20869
20949
21317
21269
21365
21285
21189
21301
21749
21541
22053
22069
21829
22101
22133
22261
22309
22693
22325
22613
22517
22725
22693
23141
22869
22517
23013
22837
22869
22773
23205
22981
23317
23157
22981
23381
23317
23509
23365
23653
23381
23653
23637
23381
23605
23557
23525
23445
23733
23525
23573
23909
23877
23557
24662
23685
24229
23989
23637
23813
24053
23733
23797
23781
24069
23733
24069
24389
23845
24005
23861
24229
24085
23941
24565
24197
24165
24085
24213
24053
24229
24021
24389
24357
23925
24982
24197
24149
23877
24245
23989
24277
24533
24854
24341
24101
24117
24069
24373
24229
24533
24373
24133
24437
24325
24469
24277
24437
24341
24245
24822
24197
24053
24341
24501
24533
24117
24373
24565
24437
24421
24245
24646
24277
24421
24197
24341
24373
24277
24437
24261
25366
24389
24373
24950
24277
24549
24293
24662
24149
24437
24790
24229
24790
24421
24277
24630
24405
24389
23925
24373
24277
24405
24806
24229
24646
24678
24630
25414
24389
24822
24806
24838
24549
24758
24533
24213
23909
23509
23653
23221
22933
22437
22645
22181
21685
21189
21365
21285
20869
21189
20581
20629
20212
20340
20436
20917
19924
19764
19844
19412
19284
18740
19092
18708
18452
18244
18100
18228
18644
18356
17956
18228
17844
17908
17556
17700
17348
17508
17396
17348
17124
16932
16644
17620
16596
16996
16852
17524
16484
16692
17172
16564
16259
16564
15987
16404
16099
16932
15875
16115
15795
15843
15587
15587
15667
15875
15539
15859
15587
15651
15459
15411
15155
15411
15523
15283
15139
15251
15699
15123
15139
14819
15187
14819
15283
15011
15123
14675
15011
14803
15747
14307
14787
14659
14675
14947
14579
14851
14691
14755
14611
14739
14563
14739
14355
14403
14563
14259
14547
14643
14355
14419
14211
14051
14403
14691
14067
14355
13491
14227
13843
14387
13907
14131
14243
14147
13891
14083
14195
13923
14179
13747
13891
14675
14131
13859
14003
13699
13827
13667
13795
13539
13587
13843
13683
13875
13443
13299
14003
13827
13395
13795
13331
13555
13827
13443
13555
13347
13635
13011
13539
13331
13475
12851
13779
12979
12547
12739
12371
12675
13043
12835
12419
12883
13875
12963
13811
14083
13523
14755
14803
14451
15347
15763
15795
16067
16628
17012
17396
17332
17780
18340
18724
18900
19012
19780
19604
20308
20244
21413
20597
20965
20501
21221
21093
21477
21477
21125
21317
20789
20885
20741
20260
20164
19684
19332
18884
18932
18276
17956
17412
17620
16660
16580
15923
15923
16179
15667
15875
15843
15443
15827
15475
15667
15987
15859
15811
16211
15907
16019
15987
16211
16660
16420
16884
16980
16980
17060
17188
17124
17220
17380
17716
18196
17668
17556
17860
17652
17988
17540
18068
17892
18388
18420
18228
18084
18628
18228
18356
18452
18740
18644
18852
18788
18628
19108
18756
19172
18820
19284
19044
19380
19140
19412
19748
19764
19428
19684
19732
19828
19748
19876
19972
19684
19988
20196
20148
20132
20661
20084
20372
20196
20452
20212
20212
20885
20501
20565
20420
20468
20452
20853
20789
20549
20805
20773
20549
20805
21045
20821
21125
20853
20725
20773
20837
21109
20965
20821
20917
20965
21141
20997
21237
21397
20821
21157
21445
21109
21173
21205
21157
21269
20949
21797
21013
21605
21221
21477
21429
21685
21477
21093
21669
21349
21653
21109
21637
21525
21525
21573
21509
21765
21477
21813
21701
21413
21717
21557
21957
21749
22053
21861
22501
21861
21957
22069
22053
21861
21845
21941
21957
21941
22373
22069
22501
22133
22373
22005
22501
22277
22501
22501
22581
22245
22741
22261
22229
22629
22469
22517
22645
22629
22437
22645
22629
22693
22709
22629
22789
22805
22565
22741
22597
22853
22645
22821
22597
22853
22773
23013
22773
23013
22901
22981
22885
22837
22949
23125
23125
22853
22581
23157
22901
23157
23029
22853
23125
22741
23109
22981
23093
22805
23141
23029
23157
22741
23109
23093
22949
23397
22981
23237
23093
23013
23221
22917
23109
23093
22965
23077
23445
23189
23317
23333
23093
23237
23125
23477
23381
23221
23333
23381
23445
23413
23301
23397
23365
23621
23237
23493
23461
23653
23301
23509
23733
23973
24069
24197
23909
24213
24005
23589
23925
23877
23797
23701
23317
23045
23157
22933
22821
22677
22053
21909
21557
21525
20933
20949
20036
19364
19204
18756
19108
19876
19524
19924
20004
19764
19028
19412
19620
19556
19924
19524
19636
19860
20020
19892
19748
20036
19972
19668
20116
19876
20196
19444
20356
20485
20164
19732
20388
19732
19764
19860
19604
18580
18644
18916
18852
18580
18356
18996
18276
18356
18756
18804
18532
18964
19444
18500
20276
19764
19508
19716
19748
19604
19972
20565
20116
20356
20725
21013
20645
20773
20885
21173
21429
21509
21717
21797
21573
21557
22085
21797
22037
22149
22101
22293
22357
22565
22421
22325
22677
22581
22789
22773
22725
22645
22677
22693
23109
23077
23797
22837
23189
22965
23157
23445
23253
23349
23205
23461
23349
23701
23413
23573
23701
23733
23397
23829
23637
23861
24021
23669
23861
23589
23957
23797
24325
24037
24181
23925
24501
23621
24117
24005
24181
24261
24293
24021
24405
24309
24101
23925
24229
24165
24325
24005
24421
24117
24181
24421
24085
24790
24085
24213
24181
24469
24341
24469
24293
25030
24485
24037
24421
24646
24309
24517
24517
24181
24453
24293
24614
24517
24646
24437
24421
25062
24357
24678
24437
24309
24517
24373
24517
24774
24517
24325
24758
24918
24373
24694
24405
24533
24533
24806
24678
24870
24533
24357
24726
24678
24469
25014
24726
24870
24405
24277
24854
24517
24854
24758
24950
24838
24533
24918
24838
24614
24934
24678
24822
24726
25046
25398
25206
24950
24341
24630
24758
24662
24870
24934
24437
24726
24934
24870
24646
24870
24710
24854
24565
24934
24758
24742
24982
25062
24678
24710
24998
24822
24998
24501
24822
24742
24646
24902
24966
25702
24726
25030
24870
24694
25190
24726
25158
24870
24726
25574
25110
25142
24902
24934
24998
24662
25014
24790
25750
24774
25302
24838
25030
24886
24934
24998
24790
25014
24630
24838
24998
24726
25398
24870
25302
24758
25094
24982
25142
24934
25110
24966
24822
25190
25078
24758
24998
25078
25094
24918
25078
24950
24854
25094
24742
24886
25110
24870
25158
25734
24806
25046
24934
25206
24950
25110
24982
25110
25670
25094
24950
24822
25142
24838
25094
24918
25062
24966
24886
24934
25174
24838
24982
25142
24918
25174
25110
24982
24469
24950
25206
25014
24982
25462
25238
25078
25078
24886
25030
25014
25014
24950
25142
25078
25078
25302
25158
25142
24918
25142
25062
25302
24998
25302
25046
24870
25046
24982
25030
25350
25174
25110
25270
25014
25350
25270
24902
25318
25062
25014
24662
24437
24501
24341
24710
23845
23605
23285
23093
22453
22197
22357
21909
21781
20853
21477
20885
21109
20709
20661
20533
20084
20244
20212
20196
19844
19364
19396
18852
18948
18404
18068
19060
17924
17588
17668
17412
16756
16548
16644
16420
15955
15667
15443
15315
15411
15219
15011
14883
14979
15091
15827
14899
14851
14787
15347
14883
15379
15555
15059
15411
15795
16404
16548
16628
17620
17220
17508
17892
18100
18724
18932
19172
19348
19892
19972
20517
20645
20997
21125
21237
21845
21797
22181
22149
22133
22565
22421
22773
22901
23029
22885
22693
23221
23365
23173
23237
23509
22933
23397
24245
23557
23781
23653
23893
23861
23701
23893
23621
23605
23781
24021
23925
24165
24373
23877
23957
23813
23637
24021
23781
23877
23845
23509
24421
23733
23973
23525
23381
23541
23877
23669
23589
23445
23589
23733
23589
23285
23445
23045
23141
22821
22661
22117
21477
21477
21109
21109
20340
20212
19732
19268
19092
18612
18388
18324
17796
17332
17076
16884
16820
16708
16227
16179
15699
15651
15635
15475
14995
15075
14659
14803
14787
14627
14883
14515
15107
15203
15315
15283
15811
15971
16339
17428
17892
18084
18628
18820
19204
18900
18756
18084
18100
17428
17060
17572
17956
18420
19156
19428
19908
19972
19988
20116
19716
19940
19108
18676
18292
18372
17572
16996
16660
17044
16532
16195
16371
16195
16772
15987
17092
17156
17684
18004
18036
19316
19060
19588
19700
20260
20116
20853
20725
21301
22085
22021
21717
22165
22213
22565
22437
22805
22773
22805
22789
22773
22821
23077
23013
23173
22965
23013
22997
23093
23333
23093
23397
23077
23285
23205
22789
23061
22773
23493
22181
22677
22949
22757
22965
22789
22645
22645
22693
22581
22453
22645
22357
22581
22245
22501
22101
22421
22373
22101
22293
21989
22341
22037
22133
22053
22037
21925
22117
21781
22101
21941
21733
21829
21909
21877
21557
21397
21445
22101
21589
21477
21477
21749
21365
21461
21733
21845
21429
21733
21397
21717
21477
21829
21477
21429
21397
21397
22213
21429
21541
21477
21653
21589
21893
21797
21301
21541
21605
21493
21269
21509
21269
21845
21253
21461
21109
21861
21221
21029
21429
21445
21333
21125
21333
21221
22069
21061
21301
21013
21285
21013
21109
21109
21189
21221
21173
21045
21141
20837
21141
20885
20821
21765
20821
21477
20901
20837
20821
20901
20821
20404
20885
20533
20741
20308
20420
20420
20340
20308
20324
20629
20372
20613
20228
20404
20260
20212
20517
20276
20420
20148
20372
20020
20292
19588
20356
20148
20452
20436
20549
20116
19940
20228
19956
20196
20052
20324
20052
19972
20004
20228
19812
20020
20196
20132
20020
20164
19876
20501
19908
20228
20132
20517
20132
20597
19892
20276
19620
20084
20212
19956
19812
19876
19748
19812
19732
20052
19732
19988
19796
20036
19716
20020
19508
20100
19588
19892
19716
19764
19588
19828
19540
19860
19444
19556
19604
19460
19604
19748
19524
19492
19668
19428
19412
19492
19780
19364
19332
19540
19636
19668
19748
19972
19156
19652
19092
19620
19444
20084
19412
19556
19684
19332
19524
19652
19636
19652
19380
19636
19460
19348
19588
19252
19028
18868
18644
18164
17956
17364
17092
16628
16420
16051
16035
15603
15923
15475
15939
15459
15827
15923
15907
15475
15795
15779
16019
15907
16131
16452
16500
16452
16660
16996
17444
18084
18612
18884
18628
18644
17908
18276
18708
18756
19092
19172
18676
18500
18980
18980
18788
18676
19076
18980
18356
19236
19252
19092
19220
19876
19140
19476
19732
19540
18692
19348
19124
18804
19316
19236
18500
19156
18900
18564
18596
18996
18244
18692
18500
18132
17924
18532
17844
17860
18484
17700
17700
18372
17812
17076
17780
18036
16339
17668
17284
16852
17076
17268
16500
16964
16548
16628
16756
16323
16163
16323
16516
16083
16323
16131
16019
15955
16211
15859
16019
15971
16291
15475
15779
15411
15347
15987
16099
15779
15363
15395
15315
15251
15411
14899
14963
15699
14835
15091
15379
14723
15011
14851
15011
14483
14995
14515
14547
15011
14835
14835
14435
14451
14259
14595
14403
13699
14131
14419
13795
13907
14083
13811
13635
14179
13619
13587
13491
13539
13091
13827
14387
13459
13875
13395
13555
13395
13651
13491
13539
13203
13267
13619
12963
12963
13203
13219
12803
13267
13139
13315
12915
13203
12963
13075
12883
13555
12659
12883
12627
12899
12643
12867
12451
12723
12451
12835
12739
12787
12323
12563
12739
12066
12579
12675
12323
12387
12723
12291
12611
12210
12066
12098
11874
12082
12226
12515
12034
12018
11986
12210
11410
11858
11906
11922
12082
12114
12210
12611
12515
13091
13283
14131
13715
14435
14483
15091
15043
15395
15123
16035
16067
16035
16980
16900
16676
17140
17748
17108
18020
17668
18004
18164
18676
18788
18868
19316
18804
19492
19300
20164
19556
19988
20020
20308
20853
20741
21173
21333
21573
21925
21973
22085
22309
22501
22357
22837
22629
22997
22645
22805
23221
23093
23221
22885
23269
23061
22821
23269
23125
23733
23317
23557
23141
23717
23221
23621
23157
23637
23285
23477
23397
23109
23669
23413
23493
23253
23077
23381
23077
23413
23045
23205
23317
22965
23141
22933
22885
22917
22789
23029
22949
22645
22901
22757
22901
22629
22565
22645
22469
22789
22613
22645
22469
22245
22373
22597
22421
22517
22405
22469
22581
22293
22629
22293
22437
22293
22789
22229
22597
22261
22517
22373
22309
22085
22389
22053
22197
22357
22389
22085
22389
22341
22357
22389
21909
22293
22101
22165
22133
21957
21813
22293
22293
22197
22133
22021
22245
22053
22277
22069
22117
22037
22293
22421
22021
22053
21797
22229
22229
22181
21989
21797
21973
21781
22069
21541
22069
21813
21893
21653
22261
22005
21701
21989
21877
21749
22101
21605
21829
21477
21445
21653
21781
21701
21237
22005
21829
21749
21557
21653
21397
21269
21605
21333
21589
21205
21461
21349
21493
21189
21605
21253
21477
21285
21541
21013
21541
21365
21061
21429
21749
21397
21189
21749
21141
21205
21269
20901
21605
21157
21253
21141
21333
20901
21717
21413
21365
21109
20885
21237
20885
21141
21029
21173
20901
20997
20276
21093
20965
20773
21013
21109
20917
21125
20725
21333
21669
20517
21269
20468
20997
20709
20981
21029
20949
20613
20773
20677
21029
20645
20789
20485
20581
20501
20885
20597
20388
20565
20452
20436
20581
20821
19940
20661
20581
20773
20501
20645
20436
20533
20388
20501
20757
20549
20292
20677
20244
20372
20420
20933
20388
20372
20693
20340
20388
20597
20324
20501
20388
20741
20084
20388
20132
20308
20260
20468
20260
20404
20068
20100
20276
20020
20244
20052
19956
19620
19940
20292
20036
19460
19860
19508
19828
19188
19028
18180
17972
17620
17844
17796
19012
19572
19540
19748
19412
19700
19444
18932
18900
19476
19652
19892
19092
19604
18676
18260
18644
19220
19604
19876
20132
19780
19316
20164
19956
19348
19860
19764
19636
19140
19428
19956
19572
19252
20036
19764
19428
19380
19540
19108
19220
19412
19828
19044
19348
19556
19044
18772
20036
19812
19492
19588
19956
19908
20132
20388
20404
20292
20485
20597
20677
21013
20917
21829
21621
20965
21557
21733
21573
21749
22133
22197
21765
22117
22549
22197
22389
22549
22885
22869
22901
23205
22965
23781
23445
23205
23541
23381
23701
23621
23909
23717
23861
23717
24149
24005
24421
24101
24037
24213
24149
24357
24389
24614
24469
24405
24790
24421
24790
24694
24261
24774
25014
25046
24870
24886
24822
25110
25094
25270
25158
25142
25078
25206
25142
25462
25190
25142
25446
25478
25334
25494
25366
25302
25414
25510
25590
25606
25638
25494
25414
25814
25494
25782
25638
24998
25814
25558
25846
25638
25622
25862
25654
25910
25670
25686
26070
25670
25798
25942
25782
25910
25782
26054
25894
25654
25958
25798
26118
25974
26086
25958
25846
26358
26022
25894
26838
26230
26150
25910
26246
25974
26182
25958
25958
26230
26070
25878
26022
25910
26950
26086
26198
26086
26438
26118
26550
26006
26070
26982
27062
26214
26150
26422
26118
26390
26198
26070
26374
26166
26038
26342
27046
26486
26406
26182
26150
26134
26662
26326
26454
26294
26246
26262
26294
26230
26182
26310
26118
26310
26182
26246
26806
26678
26262
26342
26358
26182
26454
26134
26422
26246
26470
26374
26246
26502
26214
26310
26294
26566
26310
26086
26070
26406
26102
26390
25638
26598
26134
26102
26422
26166
26454
26406
26230
26374
26454
26598
26342
26422
26438
26310
26342
26486
26342
26470
26502
26070
26470
26310
26118
26310
26374
26166
26374
26358
26182
26454
26470
26278
26374
26550
26502
26406
25846
25526
25174
24854
24101
23877
23573
22773
22901
22165
22261
21221
21029
20677
20276
19796
19860
19172
19540
18692
18708
18420
17700
17412
17636
17540
17108
17380
16932
16916
16388
16179
16484
15827
15955
15315
15427
15187
15347
15235
15267
14547
15107
15027
14563
14291
14675
14499
14355
14259
13827
13795
13955
13715
13843
13491
13555
13635
13331
13011
13203
13219
12963
13139
12947
13123
13011
12787
12339
12675
12819
12595
12483
12403
12339
12210
12098
12451
12274
12323
12082
12210
11202
11922
12050
11682
11746
11842
11618
11602
11954
12130
11778
11762
11714
11474
11538
11522
11346
11554
11122
11346
10882
11234
11314
11058
11026
11026
11778
11042
11314
11010
11250
11122
11106
10738
11058
10722
11378
10818
10898
10706
10866
10994
10626
10866
11234
10850
10450
10690
10882
10834
10786
10322
11090
10882
10754
10354
10418
10610
10274
10690
10178
10354
10802
10674
11090
11426
11890
11762
12291
12307
12899
13203
13507
13939
14515
14739
15331
15907
16195
16420
16884
16932
17556
17892
18036
17956
18340
18212
18532
18580
19092
19172
19812
19972
20260
20292
19908
19188
19092
19444
19012
18868
18548
18964
18980
19252
18724
19188
18724
19588
18180
18932
19028
18964
19796
18916
18612
19284
19412
20180
18756
19572
19988
19156
18692
19492
18900
18980
18404
19364
19300
19124
19476
19652
19716
20100
19988
20501
20372
20052
20324
20116
19636
19892
20436
18916
19764
19636
19300
19044
19668
18804
19204
19268
18308
18580
18804
18740
17332
18676
18068
17828
17956
18020
17620
17764
17812
17236
17524
17396
17412
17332
17780
16948
17028
17444
16564
16788
16852
16612
16740
17060
16115
16484
17076
16420
16548
16548
16436
16083
16644
16211
16147
16083
16436
15667
16163
15955
15827
16099
16083
15795
15555
15939
15411
15715
15507
15539
15155
15619
15587
15187
15635
15267
15411
15139
15059
14931
15219
15235
15171
15107
15139
14451
15123
14931
14739
14995
14739
14803
14627
14515
14515
14387
14787
14867
14595
14787
14563
14643
14659
14851
14403
14275
14707
14147
14659
14403
14515
14291
14259
14467
14515
14419
14611
14563
14307
14531
14371
14579
14275
13955
14099
14179
14051
14547
14387
14227
14067
14851
14051
14323
14355
14035
14419
14019
13891
14579
14003
14179
13843
14131
14355
13955
14403
13907
14067
14835
14099
14259
14035
13891
13971
14403
14051
13763
13907
13843
14323
14243
13875
13843
14995
14163
14067
13891
14051
13827
13987
15011
13891
14003
13827
13763
14019
14115
13747
14147
13859
13171
13907
14051
12995
14019
13795
13987
13603
14067
14067
13699
14035
13747
14115
13763
13891
13779
14115
13491
13795
13923
13875
13523
13987
13571
13795
14035
14131
13267
13715
13299
13507
13747
13267
12931
14323
13411
13795
13651
13875
13763
13939
13507
13907
13779
13875
13635
13795
13923
13683
13875
14003
14131
13667
14051
13955
14099
13875
14227
14291
14211
14003
14131
14035
13507
14067
14003
14275
13939
14259
14195
14243
14371
14067
14099
14243
14067
14147
13843
14211
14531
14179
14307
14147
14019
14243
14211
13955
14467
14227
14563
14003
13907
14147
14483
13891
14307
14115
14451
13939
14307
14163
14419
14275
14355
14419
14291
14483
14179
14195
14515
14499
14163
14467
14467
14275
14291
14195
14387
14323
14467
14579
14483
14579
14915
14307
14275
14179
14259
14451
14227
14147
14387
14595
14259
14499
14243
14307
14099
14291
14099
14275
14355
14755
14035
14259
14579
14243
14371
14083
14851
13859
14547
14099
13811
14099
14323
13907
14339
14051
14291
14371
14611
13939
13587
13923
14083
14195
13971
14163
13779
14083
13795
14051
13779
14067
14275
14163
14003
14035
14003
14275
14019
14243
14179
13859
14611
14243
14019
14323
13747
14195
13907
14243
13923
13939
13795
14035
14627
13907
14243
13971
13555
14259
13811
14115
14147
14035
14931
13923
14035
13907
13955
13811
14451
14147
13923
14163
13843
14067
13907
14179
14275
14067
13811
14003
13779
14131
13955
13683
14211
13235
14115
13971
14083
14019
14179
14787
13907
13811
14883
14243
14323
13683
14243
13843
13747
14195
13939
13843
14291
13923
13731
13763
14019
14163
13859
13907
14259
14131
13619
14131
14019
13315
13635
14019
14115
13971
13763
13667
13843
13219
13331
12963
12995
13491
13507
13283
13795
13539
14147
14595
14579
14499
15043
15203
15075
15779
15331
15859
16067
16436
16243
16820
16724
17060
17044
16916
16884
17284
17076
17348
17572
17588
17908
18020
18404
18532
18052
18148
18420
18324
18196
18260
18516
19044
18916
18916
18836
19652
19316
19124
19412
19268
18980
19364
19028
19556
19492
19556
19492
19540
19364
19636
19844
19556
19924
20597
19892
19812
19892
19764
20004
19812
20004
20132
20212
19316
20501
20468
20116
19492
20164
20308
20052
20276
19956
20164
20068
20340
20244
20404
20276
20468
19668
20533
20212
20565
20340
20597
20420
20485
20661
20549
20677
20452
20677
20693
20420
20629
20180
20629
20757
20645
20356
20741
20773
20757
21029
20549
20661
20805
20789
21141
20773
20677
20997
21669
20965
20949
21093
20821
21077
20821
21125
20885
21109
20388
20709
21045
21333
21285
21909
21477
21413
21957
22293
22517
22421
22645
23445
22821
22677
22677
22837
22565
22821
22405
22453
22277
22389
22373
22357
22325
21973
21717
21733
21285
21749
21733
21541
21717
21589
21525
21429
21477
20901
21413
20837
20228
20388
20292
19668
19780
19652
19092
18436
18500
17844
17684
17332
16820
16884
16532
15619
15619
15827
15155
15395
15347
14883
14835
14579
14739
14499
14211
14211
14019
14179
13747
14371
14051
13683
14067
14323
14483
14275
14195
13971
14147
14771
14659
15171
15715
16067
16852
18420
17812
18244
18580
18084
17940
17204
17428
17716
18580
18708
18580
17924
17588
17428
17988
18308
19012
19684
19924
19604
19892
20004
18772
18260
17908
17508
17620
17588
17284
17924
18404
18964
19252
19828
19908
20901
19876
19364
18676
18548
18260
18068
17604
17140
17316
17588
18052
18148
18452
19060
19204
19796
20052
20709
20773
21077
21445
21493
21909
22053
21909
22309
22069
22597
22421
22805
22629
22981
22949
23029
23013
23237
24037
23189
23189
24101
23573
23541
23349
23701
22853
23605
23909
23621
23573
23733
23813
23957
23589
23717
23989
23189
23765
23941
24133
24021
24069
24053
23909
24373
24405
24790
24069
23989
24277
24021
24469
24341
24325
24037
24389
24197
24293
23621
24309
24742
24485
24469
24437
24469
24277
24277
24245
24293
24037
24614
24277
24277
24517
24293
24549
24309
24517
24726
24549
24453
24630
24405
24758
24341
24565
24565
24357
24565
24453
24533
24710
24261
24662
24389
24389
24630
24501
24469
24501
24517
24614
24549
24421
24229
24485
25030
24501
24565
24630
24309
24565
24485
24485
24469
24405
24565
24325
24742
24325
24309
24533
24453
24630
24485
24501
24549
24806
24341
24341
24293
24053
24341
24533
24630
24293
24694
24437
24694
24357
24373
24565
24325
24373
24469
24389
24229
24614
24614
24501
24549
24998
24309
24710
24549
24405
24229
24630
24437
24549
24694
24630
24357
24694
24485
24277
24517
24293
24630
24373
24710
24485
24678
24501
24678
24469
24453
24437
24918
24485
24357
24822
24758
24694
24485
24357
24421
24149
24646
24373
24646
24213
24517
24565
24614
23285
23077
22517
21861
21781
21157
20837
20196
19972
19364
19156
18788
18260
17828
17988
17636
17012
17076
16868
16484
16179
16099
16195
15747
15651
15315
15395
14915
14883
14979
14563
14835
14563
14723
14643
14563
14243
14307
13731
13859
13827
13587
14019
14915
15267
15731
16307
17524
17748
19252
18676
18148
17700
17204
17380
17572
18356
18948
18692
18836
19540
18932
18100
17604
17972
18308
18516
18932
19572
19684
19716
20372
20725
20501
20468
21269
20789
20693
20821
20933
20260
20517
20661
20821
20452
20581
20164
20164
20228
19972
19716
20116
19524
19748
19764
19796
19300
19556
19252
19412
19604
19092
18836
19140
19204
19508
18980
19284
18900
18676
18644
18468
18404
18708
18644
18596
18756
18324
18164
18452
18228
18276
18676
18484
18084
18308
17812
17988
18244
18100
17748
18532
17780
17972
17972
18180
17668
18132
17732
17444
18132
17892
17860
17556
18596
17444
18068
17844
17508
17316
17908
17492
17444
17476
17844
17460
17620
17716
17668
17620
17828
17684
17812
17668
17556
17668
17748
17652
17524
18052
17860
17844
17844
17860
17620
17844
17732
17876
17940
17524
17876
17636
17716
17780
17924
17876
17828
17732
17572
17668
17764
17364
17828
18052
17924
17844
17780
17812
17764
17556
17732
17604
17412
17668
17748
17492
17828
17444
17604
17540
17604
17428
17748
17284
17668
17204
17380
17172
17380
17108
17316
17572
17236
17156
16612
17524
17012
16980
17044
16500
17204
17252
17716
17092
16820
16900
16916
17140
17268
17108
17140
17060
16996
16820
17012
16660
16916
16676
16916
16676
16820
16692
16996
16708
16884
16916
16804
16964
16932
16724
16900
16852
16692
16676
16916
16436
16932
16275
17236
16500
16660
16548
16692
16788
16484
16404
16035
16900
16596
16724
16355
16852
16660
16436
16660
16884
16628
16500
16644
16371
16724
16436
16388
16596
16804
16484
16660
16612
16756
16404
16692
17172
16756
16307
16404
16452
16468
16628
16323
16644
16548
16468
16211
17268
16163
16291
16532
16291
16147
16371
16323
16067
16371
15859
16195
16051
16371
16564
16420
16067
16019
16452
16404
16371
15891
16227
16099
16083
16564
16227
16291
16163
16355
16275
16307
16147
16420
15923
16259
15987
16388
16083
16420
16115
15987
16115
15859
16099
16275
15891
16179
15923
15715
15875
15939
16163
16115
16291
15731
16179
15827
16003
16211
16051
15811
16083
15779
15683
16147
15779
16083
15683
16035
15635
15795
15667
15299
15683
16404
15683
15891
15603
15795
15731
15811
15459
15427
15715
15491
15811
15347
15507
15299
15603
15699
15459
15715
15779
15123
15475
15747
15555
15331
15635
15731
15379
15667
15475
15475
15171
15571
15219
15139
15075
15475
15315
15523
15363
15907
15219
15907
15811
15347
15107
15475
15107
15219
15427
15203
15299
15027
15347
14963
16179
15331
15379
15011
15235
15059
15139
15139
15475
14915
15283
15219
15299
15059
15011
15379
15123
15091
15075
14803
14995
15379
14771
14931
15203
14867
15139
14947
14883
15203
14787
15091
14547
15059
14915
14755
14611
14995
15139
14915
14883
14771
14611
14691
14531
14835
14515
14515
14371
14371
14675
14323
14771
14323
14659
13635
14371
14051
14227
14115
14547
14467
14227
14451
13987
13971
14227
14067
14115
13555
13763
13795
13331
13667
13811
14371
15203
15923
15907
15651
15267
16019
15331
16131
16452
17204
16884
17204
17316
17188
17444
17044
17108
17300
17172
17604
17556
18132
17188
17348
18020
18772
17460
18196
18100
17684
17716
18164
18084
18148
18228
18740
18116
17988
18388
18292
18148
18500
18980
17956
18756
18660
18180
18884
18836
18500
18644
19076
18420
18580
19476
18612
18756
19028
18884
18916
18996
18660
18516
18932
18980
18452
19300
18868
18420
18868
19236
18548
19076
19092
18340
18468
19268
18500
18660
19364
18772
18468
19028
18868
18644
19172
18548
18468
18804
18708
18356
19220
18692
18340
18900
18548
18196
18564
18900
17524
18740
18692
18164
17956
19108
18324
18756
18724
18692
18852
18852
18452
18404
19012
18676
18804
18964
18996
18452
18772
18948
18276
18820
18772
18580
18628
18932
18836
18036
18996
18324
18740
18996
18596
18724
19012
18900
18420
19092
18852
18548
19028
18580
18660
18532
18916
18580
18932
18884
18756
18644
18884
18580
18900
18740
18532
18868
18692
18804
18676
18612
18612
18772
18580
18820
18564
19108
18612
18692
18740
18820
18676
18324
18644
18484
18852
19636
18644
18660
18900
18788
19236
18996
18564
18676
18948
18660
18980
18660
18836
18724
18964
18852
18532
19092
18660
18980
18868
19140
18500
19188
18900
19156
18676
18996
18916
19044
19140
18804
18916
19204
18804
18852
19124
18868
19492
19044
19172
18900
19220
18340
19236
18980
19444
19732
18980
19092
18836
19188
18868
18756
18980
19636
18980
18836
19844
18612
18884
19524
18612
18980
18852
18628
18708
18852
18884
18580
18996
18932
18820
18580
18932
18500
18900
18900
18484
18788
18756
18452
18548
18676
18468
18676
18580
18660
18564
18692
18468
18596
18420
18500
18436
18468
18580
18484
18580
18468
18452
18500
18612
18356
18020
18740
18292
18980
18548
18324
18564
18436
18484
18308
18276
18436
18324
18532
18196
18628
18260
18388
18116
18388
18228
18468
18484
18212
18420
18292
18004
18484
18100
18228
17876
18276
18020
18676
18372
18164
18420
18228
18740
18068
18260
17908
18452
18052
18116
18164
18452
18116
18436
18692
18452
17588
18452
18132
18868
18388
18116
18324
18068
18276
18148
18132
18292
18644
18260
18068
18308
17988
18388
18100
18420
18228
17492
18228
17316
18100
18452
18324
17940
18116
17892
17908
16596
17092
16404
16516
16211
16099
16596
16163
16035
15923
16500
16964
17124
17700
17316
18100
18020
18100
18164
18692
18884
18884
18788
18788
19124
19428
19076
18996
19284
19380
19556
19860
19748
20933
20228
20549
20212
20452
20180
20324
20276
20517
20196
20613
20629
20885
20933
20917
20629
21029
21797
21957
21461
21253
21301
21365
21781
21573
21125
22101
21973
22357
23349
22869
23093
22933
22997
23269
23029
23189
23077
22773
23093
22565
22757
22517
22565
22309
22453
22405
21973
22085
21701
22005
21765
22133
21781
21461
21749
21621
21861
21637
21861
21669
21269
20997
20965
21285
21349
20949
21029
20997
21301
21237
21141
20789
20917
20901
20757
20597
20709
20613
20757
20885
20485
20693
20404
20725
20388
20821
19780
20565
20485
20324
20292
20372
20036
20212
20196
20292
20180
19972
20260
19892
19700
19780
19972
19828
19940
19892
19700
19764
19572
19732
19860
19764
19444
19732
19492
19668
19524
19764
19572
19540
19284
19332
19364
19412
19380
18916
19220
19060
19332
19188
18868
18900
18756
18964
18788
19012
18868
18964
18772
19060
18564
18836
18916
19060
18788
18692
18852
18548
18612
18740
18484
18372
19236
18468
18740
18500
18020
18388
18628
18356
18164
18692
18580
18548
18212
18436
18164
18292
18996
18164
18276
17860
18692
18004
17972
18164
18516
18148
17876
18420
18052
18404
18404
18164
18212
17844
18148
18068
17828
18132
17828
17844
17908
17780
17604
18116
17668
17668
17604
17348
17700
17588
17828
17572
17508
17588
17204
17492
17572
17364
17252
17444
17124
17348
17012
17412
17396
17444
16900
17236
16868
17204
17044
17220
17044
16820
16964
16740
16900
16964
16788
16964
16724
17140
17524
16900
16580
16548
16596
16884
16516
16724
16371
16404
16355
16852
16323
16596
16436
17076
16291
16291
16740
16628
16275
16355
15555
15523
15139
15027
15123
15411
14755
15075
14755
15267
15795
15603
15827
16163
16788
16676
16884
17412
17476
17588
17716
17940
17924
18276
19252
19316
18404
18836
18756
18772
19332
19956
20180
20661
20677
21237
21221
21717
21765
21781
22261
21909
22261
21989
22005
21941
21461
21509
21221
20581
20549
19700
19492
18708
18612
18244
19156
19524
20244
19796
19012
19028
19396
19716
20036
19364
19156
18340
18740
19428
19428
19828
20372
20757
20725
21109
21333
21525
20949
21157
21013
20084
20004
19828
19428
18884
18852
18084
18500
17380
17588
17172
17172
16932
17156
16980
17300
18116
17508
18132
18484
18820
18996
19764
19860
20308
20485
20965
21253
21301
21493
22005
21605
21461
20805
21093
20020
20036
19380
19252
19540
19492
20260
20581
21157
20741
20132
19828
19236
18692
18980
19300
19348
19844
19908
20869
21141
21301
21189
21413
21045
20917
20420
19908
19620
18996
18708
18516
17940
18324
17476
17572
17364
17316
17476
17156
17620
17236
17620
17812
17828
17892
18276
18788
18340
18788
18996
18548
19092
19044
19188
18948
18916
19220
19060
19716
19364
19700
19620
19668
19364
19492
19588
19556
19972
19748
19908
20436
20148
20324
19636
19972
19828
20116
19988
20308
20533
20164
20436
20356
20228
20404
20212
20372
20196
20324
20388
20533
21045
20725
20517
20693
20452
20837
20549
20388
20821
20436
21269
20597
20420
20885
20757
21061
20933
20645
21077
20789
21477
20004
20869
20885
20597
20853
20805
21045
20677
21029
20805
21093
20869
20741
21013
20917
21157
20837
21125
20837
21125
21589
20853
21221
20773
21125
21061
21045
21013
21221
21061
21205
21109
21237
21029
21013
21173
21093
21029
20981
21349
21237
21093
21301
21029
21173
21077
21157
21189
21157
21525
21029
21349
21173
21493
21285
21493
21397
21813
21253
21285
21429
21445
21317
21349
21637
21285
21637
21477
21429
21637
21285
21653
21397
21557
21445
21413
21669
21509
21765
21893
21893
21557
22389
21733
21989
21797
22325
21909
21669
21941
22085
22149
21893
22293
22133
21653
22149
22357
22373
22277
22469
22277
22325
22469
22789
22741
22645
22965
22901
23189
23333
23333
23557
23333
23381
23493
23397
23157
22853
22645
22533
22517
22405
22053
22101
22117
21973
21701
21701
21237
22117
21237
21301
20981
21045
21109
21237
20645
20869
20661
20308
20340
19988
19796
20036
19844
19732
19796
19892
19668
19684
19460
19444
19252
19284
18980
19028
18692
18356
18596
18404
18388
18420
18644
18084
18356
18596
18356
17924
17684
17812
17940
17748
17908
17636
17588
17748
17428
16884
17316
17124
17092
17092
17188
16836
16852
16580
17076
17092
16548
16708
16339
16484
16307
16468
16115
16388
16083
16436
16035
16163
15779
15699
15683
15667
16083
15971
15427
15603
15987
15587
15635
15347
15651
15523
15475
15571
15219
15171
15619
15123
15203
15123
15251
15427
15155
15331
15203
15347
14803
15219
15779
15843
14643
14899
15123
14739
14419
14595
14691
14739
14467
14899
14579
14947
14803
14723
14467
14739
14227
14579
14371
14275
14387
14515
14483
13923
14099
14387
14419
14371
14307
14003
14275
14051
14115
14051
13891
14115
13811
14083
14147
13891
13715
13891
13619
13875
13539
14163
13619
13811
13539
13411
13427
13795
13475
13827
13427
13651
13555
13459
13411
13187
13363
13731
13267
12627
13555
13619
13379
13235
13507
13763
13075
13251
12979
13299
14147
12883
13219
13331
13427
13075
13267
12835
13107
13219
12627
13091
12659
13043
12787
12771
12835
12851
12339
12595
12643
12162
12627
11890
12387
12499
11874
12707
11890
11874
12242
12643
12162
12563
12387
12755
12691
12627
13843
13715
14195
14259
14579
14755
15219
15139
15235
16051
15651
15955
16452
16484
16548
16628
16852
17140
16868
17396
17476
17380
17876
18068
18068
17988
18484
18516
18292
18420
18884
18852
19076
18916
18996
19284
19140
19540
19716
19732
19588
19924
19428
19956
19636
20036
20292
20324
20244
20372
20180
20517
20452
20404
20757
20388
20725
20693
20949
20725
21029
21125
20693
20741
20901
21269
21173
20901
21477
20837
21397
21621
21477
21237
21285
21605
21237
21621
21397
21621
21461
21701
21701
21893
21765
22005
21765
21765
21813
21925
21941
21813
22053
22261
22085
22133
22165
22053
22677
21925
22245
22181
22437
22245
22613
22245
22485
22565
22213
22693
22661
22741
22453
22965
22549
22469
22613
22469
22709
22389
22757
22421
22757
22565
22773
22725
22901
22709
22949
22885
22693
22709
22933
22677
22837
22645
22965
22613
22901
23253
22773
22821
22901
22773
22805
23109
23013
22773
22613
22757
23125
22741
23061
22741
22837
22853
22789
23109
22773
23381
22933
23013
22949
22853
23045
23221
22789
23077
22789
23029
23029
22821
23077
22885
23061
22853
23141
23109
22949
22885
22821
23061
22997
23269
22933
23205
23765
23381
23333
22933
23205
23269
23061
23301
23253
23397
23589
23013
23237
23477
23349
23253
23333
23189
23237
23349
23253
23157
23349
23173
23413
23413
23461
23301
23285
23637
23397
23237
23573
23397
23685
23973
23637
23509
23989
23429
23477
23637
23477
23653
23573
23765
23765
23573
23621
23733
24037
23717
24085
23525
23781
23989
23573
24149
23989
24021
24005
24261
24165
24005
24261
24021
24437
24197
24277
24469
24181
24405
24277
24309
24806
24293
24678
24918
24774
24630
24646
24790
24614
24277
24774
24886
25142
24565
24565
24678
25014
25190
24630
24549
24758
25062
24838
25142
24934
24870
25078
25174
25062
25030
25318
25158
25062
25190
25142
25366
25174
25430
25238
25142
25382
25206
25462
25430
25238
25414
25574
25206
25382
25158
25574
25574
25046
25526
25302
24902
25590
25158
25526
25318
25654
25350
25750
25446
25462
25718
25446
25622
25366
25526
25526
25478
25430
25766
25590
25606
25718
25766
25654
25494
25622
25590
25462
26102
25878
25574
25574
25798
25830
25638
25430
25734
25910
25798
25750
25894
26294
25574
25878
25766
25558
25798
25574
25782
25686
25670
25958
25734
25990
25830
25750
25782
25766
25686
25942
25814
25974
25718
25942
25622
25670
25766
25766
25814
26198
26614
26070
25830
25990
25686
25782
26006
25766
26166
26006
25798
26134
25846
26166
26038
26070
26134
25942
26102
26390
26070
26134
25830
25894
26166
25798
25686
26102
25846
26230
26022
26230
26006
25878
26358
26470
25654
26262
26070
26006
26150
26038
25622
26214
25942
26150
26006
26262
26870
26070
26118
26006
26278
26150
26774
26230
26166
25926
26214
25350
26422
26262
26006
25926
26166
26054
26454
26246
26038
26038
25990
26070
26118
26358
26086
25910
26262
26118
26150
26038
25942
26150
25942
25894
25958
25958
25878
26038
26086
26182
26038
25958
26150
26054
26118
25878
26150
26150
26086
26054
25830
26134
25958
25942
26038
26198
25894
26150
26342
26006
26246
26070
25830
25990
25782
26118
25942
25846
25958
25958
26358
26006
25958
26294
25830
25830
26150
25846
25814
25910
25782
26102
25862
25750
26054
26310
25814
25158
25078
24421
24069
23349
23093
22341
22069
21445
21413
20757
20132
19972
19764
19124
18932
19092
18212
18260
17876
17748
17284
17076
16692
16532
16259
15987
16420
15843
15763
15651
15219
14995
15059
15203
14723
14835
14627
14419
14099
14323
14355
13891
14115
13907
13923
13603
14035
13955
13507
13571
13923
13635
13843
13795
13459
14691
14803
15411
15939
16051
16724
16852
17876
18452
18356
18612
19268
20068
20068
20148
20661
20661
21461
21109
21797
21861
22037
22325
22821
22789
22629
23109
23077
23221
23317
23637
23637
23301
23989
23845
24149
23989
23877
24437
24021
24742
24549
24277
24614
24341
24565
24549
24405
24662
24357
24838
25462
24934
25126
24998
24886
24758
24934
25062
24918
24982
24854
24982
24870
24694
24726
25062
24774
24870
24934
25062
24886
24726
24902
24854
25126
24870
24838
24966
24710
25078
25094
24998
24934
24694
24886
25510
24918
25094
24950
25014
24886
24870
24806
24549
24822
25302
24662
24694
24710
24870
24678
24870
24854
24469
24790
24549
24517
24485
24742
24373
24742
24469
24614
24437
24469
24325
24389
24565
24277
24646
24309
23973
24421
24341
24405
24646
24453
24213
24101
24437
24149
24405
24181
24373
24069
24357
23989
24501
24325
24453
24277
24325
24085
24437
24357
24101
24389
24325
24469
24149
24245
24133
24021
24197
23957
24325
24101
24149
24117
23925
24101
24005
24037
24037
24277
24117
23893
24197
23877
24053
24149
24165
23845
24117
24021
23797
23909
23653
24405
23861
23765
23925
23669
23717
23557
23509
23045
22117
21653
21477
20773
20164
19780
19348
18916
18772
19076
18836
18916
18340
18996
18900
19508
19044
18980
20308
19540
20148
20404
20725
21237
21461
21749
21941
22277
22133
21637
21525
20549
20212
19588
19684
19700
20436
20581
21637
21237
21093
20164
19476
19940
20533
21125
21189
21365
21573
20901
20068
19940
19780
19300
18852
18804
19172
19636
19828
20581
20917
21109
21781
21925
21733
21701
21029
21301
20356
20308
20212
19476
19028
18772
18260
17988
17732
17332
17156
16756
16580
16516
16323
15827
15651
15891
15747
15955
15091
15155
15011
14515
14771
14515
14179
14323
14403
13731
13587
13891
13667
13907
13379
13379
13571
13331
13027
12947
13059
12819
13187
12739
12803
12979
12611
12531
12707
12627
12531
12451
12130
11730
12547
12226
12435
12499
12130
12723
12066
11762
11938
12595
12002
11378
11746
11842
11842
11938
11586
11506
11858
11762
11474
11538
11314
10866
11314
11634
11826
11330
11458
11026
11074
11458
11362
11362
11394
11186
11378
10898
11074
11282
11042
11298
10898
11170
10882
11234
11202
11026
11074
10754
10962
10626
10770
10562
10850
10930
10434
10770
10514
10546
10738
10690
10882
10706
10850
10514
10818
9874
10738
10306
10402
10722
10770
10562
10658
10274
10466
10658
10242
10514
10274
10562
10050
10642
10354
10498
10274
10914
10018
10290
9906
10258
10466
10178
10290
9954
10386
10162
10322
10002
10370
9954
10274
10050
10322
10194
10002
10226
10050
10306
10258
9810
9970
10274
9874
10178
10322
10178
10178
9970
9698
9746
9954
10146
10098
10034
9986
9682
10050
10050
9826
9922
9634
9762
9858
9938
9698
9074
10274
10050
10338
10002
9666
10098
9714
9682
10098
9778
10178
9634
9714
9698
9826
10338
9634
10050
9970
10050
9522
9906
9602
10034
9378
9618
9922
9474
9858
9570
9778
9986
9138
9570
9474
9842
9970
9762
9970
9570
9810
10386
9698
10050
9666
9618
9906
9586
10002
9922
9682
9954
9554
9506
9698
9970
9570
9522
9490
9874
9938
9490
9730
9986
9586
9682
9330
9730
9794
9570
9394
9906
9666
9842
9634
9458
9730
9554
9522
9474
9458
9890
9410
9570
9810
9426
9442
9810
9474
9682
9906
9490
9714
9362
9538
9602
9570
9490
9970
9730
9842
9234
9906
9826
9346
9906
9522
9826
9938
9730
8866
9650
10066
9474
9746
9554
9698
9858
9890
9730
9874
9682
9826
9698
9554
9730
9778
9490
9778
9506
9874
9922
9682
9778
9618
9858
9538
9554
10034
9522
9554
9490
9666
9986
9506
9842
9970
9986
9874
9442
10194
9634
9746
10130
9602
9874
9682
9986
10034
9554
9938
9634
9906
9362
9714
9954
9586
10194
9698
9858
10002
9778
9874
9554
10642
10754
9874
10002
10002
9938
9682
9826
9970
9618
10498
9778
10002
9810
9826
9666
9890
9794
9474
9746
10050
9586
9890
9890
10658
9522
9906
10210
9938
9538
9650
9666
9554
10050
9746
10258
10114
10162
9618
10194
9650
9762
10146
9698
10050
10226
10018
9906
9826
10018
9746
9810
10114
10306
10002
10322
9986
10050
9922
10354
10258
10146
9970
10306
9970
10162
10370
10178
10130
10466
10210
10450
10162
10466
10146
10466
9970
10562
10322
10338
10594
10434
10338
10338
10786
10402
10866
10562
10690
10498
10850
10370
10690
10562
11378
12242
12963
13475
14003
13811
14531
14003
13699
13267
13651
14099
14739
15731
15891
16436
16163
15859
15715
15427
16420
16195
16740
15987
16820
16227
16371
16323
15827
16708
17188
17108
17284
17412
18868
17604
17764
17572
17332
16660
16740
17268
17156
16371
16724
17156
16996
16820
17828
17252
17796
18196
17860
18116
18532
18644
18180
18996
18996
18372
19492
19332
19204
19988
20260
19476
19988
19956
19604
19956
20581
20468
20581
20581
20725
20725
20709
21061
20661
21285
20997
21445
21461
21157
21173
21253
21413
20949
21397
21797
20757
21877
21877
21877
21861
21749
21781
21669
22165
21653
21957
22085
22069
21925
22373
21861
22069
22277
22101
22341
22325
22485
22149
22085
22341
22341
22533
22549
22501
22421
22677
22757
21941
22853
22661
22613
23269
22661
22645
22805
22741
23109
22981
23045
22725
23157
22933
22821
23157
23061
23573
23109
23349
23125
23989
23525
23189
23237
23573
23077
23381
23365
23445
23957
23573
23221
23381
23509
23381
23445
23605
23109
23509
23269
23749
23349
23621
23493
23669
23813
23669
23941
23717
23685
23589
23733
23637
23717
23557
23829
23557
23685
23493
24053
23589
23525
23653
23381
23717
23861
23397
23557
23701
23509
23685
23685
23333
23397
23349
23301
23461
23253
23429
23573
23205
23365
23477
23525
23269
23525
23477
23477
23365
23317
23525
23877
23541
23237
23493
23621
23653
23525
23349
23621
23445
23717
23477
24309
24405
23861
23381
23493
23525
23509
23413
23589
23317
23733
23477
23381
24053
23509
23749
23525
23669
23493
23749
23525
23365
24101
23749
23701
23461
23669
23653
23477
23781
23477
23781
23557
23669
23557
23349
23685
23445
23477
23381
23685
23285
23749
23749
23477
23685
22885
23765
23525
23573
23397
23637
23557
23333
23621
23733
24021
23573
23749
23733
23973
23413
23797
23541
23765
23493
23621
23525
23189
23669
23637
23637
23877
23653
23557
23781
23701
23893
23573
24101
23525
24181
23669
23477
23797
23893
23749
24005
23749
23749
23989
23717
23909
23925
24678
23813
23717
23877
24037
24037
24101
23845
23845
24053
23989
24085
23845
24037
23781
23669
23797
24181
24021
23813
24133
23973
23925
23637
23781
23573
23893
23653
23813
23621
23829
23477
23477
23573
23845
23797
23861
23829
23429
23653
23717
23525
23381
23365
23653
23541
23861
23733
23781
23845
23317
23717
23605
23605
23877
23893
23749
23589
23813
23781
23637
23845
23813
23909
23957
23973
23893
23877
23781
23781
24806
23797
24021
23765
24085
23989
23909
24101
23877
23909
23973
23957
23957
23733
24197
23893
24021
24085
23797
24149
23909
24133
24085
24085
23957
23925
23797
23989
24245
24229
24165
24053
24181
23909
23861
24021
23877
23989
24229
23797
24229
24293
24197
24213
24245
24229
24245
24870
23957
24165
24085
24101
24325
24485
24037
24213
24197
24373
24069
24405
24565
24373
23701
24021
24357
24165
24694
24277
24133
24309
24085
24309
24245
25062
24053
24822
24245
24341
24357
23893
24261
24053
24245
24469
23941
24085
24085
24245
23893
24261
24037
24245
23877
24309
24069
23813
24069
24277
24245
24181
23925
24245
24309
24133
23653
23861
24918
23909
24085
24245
24085
23989
24229
23957
24229
24117
23957
24277
24053
24213
24309
24213
23925
24085
24341
23861
24005
24021
24053
24037
23941
24021
23989
24149
24181
24085
24213
24133
24037
23845
24213
24117
23973
24181
24021
24277
24005
24149
24005
24309
24117
24277
24085
24005
24181
24117
24341
23845
24053
24133
24469
24213
24005
24293
24037
24245
24501
24405
24662
24517
24181
24373
24325
24437
24261
24181
24357
24437
24373
24325
24181
24533
24277
24421
24149
24630
24630
24117
24630
24181
24309
24549
24421
25174
24117
24325
24630
24694
24133
24501
24165
24806
24421
24662
24630
24806
24646
24870
24517
24533
24437
24549
24453
24357
24533
24998
24662
24646
24838
24694
24501
24117
24533
24678
24742
24453
24838
24646
24437
24646
24838
24870
24373
25046
24886
24565
24886
24806
24694
24838
25174
25030
24902
24966
24309
24469
23477
23077
22725
22245
21413
21253
20757
20388
19844
19396
19412
18628
18580
18500
18340
17748
18020
17556
17700
17524
17332
16836
16980
16468
16564
16115
16083
16163
16307
15891
16035
16692
16147
16115
15939
15683
15347
15347
15347
14915
14995
14995
15299
15283
15267
14851
15459
15507
14867
14963
14723
15059
14899
14899
14531
14851
14691
14627
14659
14163
14819
14387
14995
14547
14771
15555
14995
14595
14819
14419
14691
14595
14323
14147
14131
14195
14403
14707
14643
14803
14691
14819
14435
14643
14595
14595
14547
14499
14435
14563
14579
14675
14307
14627
14563
14387
14547
14643
14243
14515
14787
14371
14771
14563
14659
14195
14547
14515
14163
14835
14211
14515
14291
14499
14051
14355
13987
14419
14115
14371
14035
14355
14323
14195
14323
14067
14355
14083
14387
14243
14179
14019
13811
13987
14035
13955
14163
13859
13587
13747
14051
13667
14723
13779
14035
14067
14739
13683
14643
13859
14003
13875
13523
13875
13539
14195
13971
13795
13811
13571
13763
13299
13683
13379
13587
13379
13523
13667
13395
13587
13395
13427
13379
13523
13299
13635
13651
13379
13411
12787
13635
13475
13603
13267
13539
13571
13507
13347
13155
13619
13203
13539
13987
13475
13667
13267
13747
13747
14003
14547
13523
13779
13459
13571
13491
13779
13907
13795
13891
13715
13955
13875
13795
13635
13779
13971
13075
13779
13747
14003
13635
13955
13875
13939
13635
14835
13987
14051
13475
13923
14275
14051
14259
15091
13939
14195
14419
14195
14419
14243
14179
14611
14291
14355
15507
16163
16404
17188
17188
17524
17620
17636
17604
17060
17076
16804
16740
16003
16259
16211
15827
15731
15635
15363
14627
14851
14291
14547
14547
14099
14579
14099
14131
14067
13747
13907
13395
13603
13171
13331
13107
13155
12755
12947
13251
12531
12851
12819
12499
12659
12563
12467
12291
12435
12034
12178
11874
11842
11794
11858
12050
11618
11810
11586
11618
11426
11554
11794
11922
11410
11250
11586
11602
11698
11618
11186
11618
10978
11362
11442
11026
11042
11330
11218
11058
11538
11426
11426
11042
11330
11074
11266
11058
11074
11362
11026
11458
11234
11314
11682
11426
11458
11538
11250
12242
11490
11650
11202
11410
11266
11570
11698
11570
12435
11298
11714
11554
11298
11730
11570
11762
11858
11826
11474
11762
11794
11474
11682
11490
11538
11474
11794
11858
11650
11794
11442
11842
12018
11698
11858
11778
11986
12034
11730
12066
11778
12339
11826
12098
11794
11762
11858
12146
11874
11762
11970
12194
11906
12242
12082
12002
12146
12355
12419
12162
12387
12018
12226
11858
12403
11698
12547
12419
12499
12242
12307
12435
12467
12307
12547
12835
12242
12883
12339
12915
12675
12915
13011
12739
13171
12723
13283
12851
13347
13203
13331
12963
13331
13139
13251
13219
13299
13475
13443
13395
13363
13379
13731
13747
13459
13955
13715
13907
14195
13811
14099
14163
14115
14595
14099
14355
13971
14467
14387
14259
14611
14115
14627
14467
14643
14563
14787
14947
15123
14627
15059
14707
15043
14787
14899
15507
15235
15011
15027
15459
15347
15571
15379
15635
15347
15667
15603
15811
15571
15763
15763
15763
15683
16035
15731
15827
16163
16275
16099
16868
16468
16692
16580
16468
16756
16820
16612
16355
17028
17060
16996
16932
17108
17476
17316
17508
17444
18308
17860
18644
19124
19268
18660
19076
19652
18420
18420
18596
17764
17572
16916
16932
16211
16259
15715
15411
15667
15523
15155
15523
15715
16884
17300
17892
18212
18916
19156
18692
18852
17972
17684
17108
16996
16948
16420
16676
16227
16355
16051
16452
16163
16484
16660
17028
17268
17460
17812
17460
18100
17956
18004
18372
18564
18612
19028
18964
19140
19268
19684
19380
19620
19588
19812
19636
20068
20116
20517
20340
20709
20709
20933
20885
20613
21045
20949
21125
21141
21349
21493
21605
21941
21285
21861
21573
21861
21685
22037
22197
22037
22005
22101
22085
22389
22165
22501
22469
22373
22629
22341
22373
22581
22853
22565
22981
23125
22741
22853
22629
22741
23077
22837
23029
22997
23077
23061
23461
22821
23669
23013
23317
23173
23253
23013
23381
23077
23045
23205
23205
23285
23173
23189
23381
23093
23797
23285
23237
23301
23541
23269
23333
23493
23253
23493
23237
23589
23381
23557
23669
23573
23461
23749
23541
23557
23749
23717
23589
23397
23653
23765
23957
22757
23525
22821
23621
24341
23477
23669
23477
23685
23573
23541
23349
23685
23669
23493
23493
23477
23845
23925
23317
23493
23397
23413
23301
23589
23301
23365
23413
23717
23557
23285
23493
23445
23717
24293
23621
23221
23557
23525
23669
23493
23685
23669
23397
23717
23669
23717
23509
23557
23461
23765
23365
23573
23925
23861
23701
23445
23637
23509
23685
23365
23429
23637
23445
23733
23461
23669
23925
23637
23925
23541
23861
23813
23765
23541
23749
24005
23717
23701
23813
24614
24037
24101
23813
24021
23701
24101
23797
24165
24021
23925
23989
24229
23941
24021
24053
24021
24069
24934
23925
24197
23861
24261
24085
24405
24309
24469
24309
24389
24341
24357
24341
24694
24405
24341
24437
24437
24309
24325
24902
24469
24213
24469
24437
24469
24437
24662
24774
24806
24614
24549
24918
24549
24806
24614
24854
24630
25110
24982
24902
24998
25638
24662
24790
24774
24966
24758
25206
25110
24998
24902
25158
25030
24694
25174
25158
25014
24902
25158
25014
25190
25142
25062
24966
25222
25142
25318
25078
25110
25078
25318
25030
25382
25302
24950
25366
25142
25494
25158
25462
26054
25478
25382
25526
25382
25622
25414
25286
25766
25654
25926
25446
25446
25526
25286
25590
25606
25606
25574
25462
25430
25686
25510
25814
25574
25334
25782
25574
25702
25702
25574
26102
25590
25846
25766
25510
25958
25958
25926
25846
25686
25974
25750
25894
25686
26038
25910
25990
25974
25718
26070
25846
25814
26006
25958
26182
25958
26054
25974
25830
26310
26134
25894
26166
26006
26198
26054
26566
25590
26150
26854
25910
26230
26374
26214
26374
26246
26086
26134
26150
26662
26198
26438
26198
26134
26534
26134
26326
26102
26342
26294
26230
26390
26198
26534
26358
26086
26486
26198
26598
26406
26102
26582
26134
26342
26086
26406
26150
26438
26342
26150
26422
26326
26150
26470
26438
26278
26486
26374
26182
26374
26374
26406
26294
26086
26358
26166
26102
26342
26262
26390
26518
26374
26214
26118
26182
26438
26198
26550
26310
25910
26342
26278
26390
26246
26422
26614
26534
26406
26182
26454
26150
26486
26358
26902
26358
26278
26486
26310
26406
26278
26534
26358
26326
26438
26374
26534
26326
26486
26262
26470
26486
26134
26230
26198
26422
26326
26294
26326
27110
26326
26246
26486
26230
26566
26342
26694
26550
26086
26534
26102
26502
26934
26326
26422
26598
26534
26230
26390
26358
26390
26614
26278
26470
26390
26534
27046
26502
26214
26470
26358
26582
26470
26566
26934
26294
26582
26422
26054
26550
26342
26374
26726
26166
26454
26198
26422
26534
26102
26390
26310
26086
26326
26214
26390
26150
26166
26198
26102
26070
26182
26182
26390
26182
26582
26246
26038
26294
26870
26342
26390
26198
26086
26262
26086
26326
26102
26374
26086
26390
25590
26070
26214
26038
26310
26278
26006
26454
26150
26054
26310
26166
26262
26054
26214
26342
26182
25990
26278
26102
26086
26150
26134
26262
26534
26422
26150
26390
26150
26070
26262
26134
26294
26550
26102
26166
25430
26230
26054
26678
26102
26230
26086
26086
26086
26134
26438
26294
26102
25910
26246
25990
26150
26166
25910
26342
26006
25894
25430
25894
25702
24982
24405
23605
23061
22453
21749
21717
20933
20949
20597
20933
20773
20837
20965
20565
20949
20549
20677
20597
20901
20549
21093
21061
21061
20741
21429
20709
20885
21077
20549
20805
20661
21077
21029
21733
21477
21605
22389
21685
20981
21685
21429
21621
21541
21909
21413
22197
22181
22341
22517
22645
22597
22421
22453
22773
23285
23429
23269
23973
23477
23541
23413
22869
22965
22421
22149
21877
21733
21205
21173
20997
19924
19972
20004
19316
19252
18756
18628
18196
18180
17556
17652
17396
17188
16596
17060
16083
16131
15683
15795
15763
15347
15491
15091
15139
14707
14819
14627
14451
14499
14355
14339
14211
14211
14147
13475
13907
13427
13315
13667
13331
13539
13315
13507
13107
13267
13395
13059
12915
12915
13091
12739
13171
12803
12883
13139
12915
13011
12771
12803
12611
12755
12851
12675
12899
12691
12579
12595
12931
12547
12579
12835
12547
12387
12723
12803
12499
12739
12194
12547
12611
12403
12595
11698
12563
12403
12675
12242
12771
12691
12323
12371
12403
12691
12771
12435
12707
12291
12627
12034
12627
12371
12563
12226
12547
13107
12563
12307
12579
12771
12467
13091
12242
12515
12242
12483
12323
12355
12387
12387
12307
12515
13139
12387
12739
12755
12563
12339
12274
12419
12675
12707
12323
12595
12627
12915
12579
12851
13075
12771
13043
12979
12787
13107
13235
12963
13331
13043
12883
13107
12803
13123
13347
13139
13443
13203
13603
13139
13283
13891
13411
13507
13731
13555
13907
13795
13747
14115
13763
13491
14435
13811
13971
13843
13859
13939
14115
14419
14003
14323
14179
14531
14243
15411
14435
15027
15395
14755
14547
14947
15107
14691
14979
14819
15171
15155
15523
14835
15267
15171
15427
15395
15619
15667
15747
15523
15795
15763
15731
16003
15299
16099
15795
16131
15843
16163
16371
16772
16115
16195
16083
16436
16211
16500
16163
16227
16756
16339
16740
16500
16548
16676
16932
16596
16868
16596
16916
16740
17140
17124
17108
17460
16916
17300
16980
17108
17476
17716
17460
17300
17508
17684
17556
17428
17604
17412
18212
17764
17444
17604
17556
17540
17956
18084
17972
17636
17988
17828
18100
17860
17764
17796
17732
17972
18084
18148
18116
17988
17812
17988
17940
17956
17764
18100
17876
18164
18052
18260
17844
18148
18036
18180
17620
18100
17908
18132
18132
18196
17892
18180
17972
18164
17940
18116
17956
18228
17876
18116
17828
18052
18148
18212
18004
18260
17988
18148
18052
17796
18260
17956
18260
18148
17684
17988
18292
18004
18452
18228
18020
18340
17940
18036
18164
18148
18068
17924
18148
18276
18036
18132
17876
17956
17940
17908
18212
17924
18132
17364
18020
17860
18164
17748
18132
17796
18100
17828
18276
17860
18132
18260
18276
18132
17892
18180
18052
18260
18180
18404
18340
17524
19220
18164
18484
18132
18228
18084
18084
18420
18244
18372
18164
18644
18228
18612
18452
18612
18644
18692
19140
18468
18564
18468
18836
18644
18516
18516
18836
18884
19124
18916
19316
19220
18724
19060
19412
19140
19412
19220
19380
19764
19284
19540
19364
19444
19380
19316
19492
20132
19668
19972
19620
19732
19828
19732
19796
20068
19892
20244
20084
19988
20677
20116
20340
20180
20340
20501
20501
20420
20709
20485
20917
21445
20901
21045
20901
20853
20837
21029
20837
21109
21045
21189
21269
21173
21621
21349
21429
21381
21493
21781
21685
21637
21285
21557
21781
21973
21877
21653
22101
21717
22037
21989
22053
22469
22325
22517
22741
22341
22645
22629
22453
22741
22437
22805
22565
22821
22517
23157
22981
23221
22981
23173
23061
23301
23317
23237
23477
23109
23701
23349
23397
23525
23413
23749
23541
23301
23781
24053
23637
23605
23877
23829
23925
23989
23813
24293
23845
24149
23909
24325
24277
24261
24501
24149
24309
24501
24309
24389
24309
24662
24630
24790
24694
24501
24902
24998
24982
24614
25014
24950
24758
24822
24934
24886
24982
25590
25206
24886
25286
25766
25190
25142
25286
25238
24453
26118
25350
25174
25366
25206
25558
25526
25446
25910
25574
25798
25622
25558
25606
25638
25862
25830
25590
25878
25718
25638
26342
25142
26086
25814
26326
25990
25846
26070
25974
26198
25990
26198
26006
26230
26182
26054
26134
26246
25990
26294
26102
26358
26134
26182
26358
25926
26470
26230
26486
26470
26214
26406
26134
26470
26358
26102
26214
26422
26326
26326
26198
26150
26150
26166
26294
26182
26182
26422
26326
26534
26326
26486
26454
26198
25782
26262
26134
26214
26262
26454
26086
25846
26342
26358
26342
26134
26422
25958
26230
26582
26166
26374
26342
25798
26246
26486
25782
25862
26486
25974
25958
26230
25990
26102
26150
26166
26086
25910
25814
26054
25798
26054
25862
25910
25878
25846
25622
25510
25446
25942
25670
25398
25558
25254
25478
25350
25526
25318
25446
25110
25126
24998
25126
24934
25062
24742
25046
24886
25334
25030
24501
24678
24822
24678
24726
24630
24261
24950
24277
24854
24229
23989
24101
23973
23813
23861
23829
23477
23525
23861
23637
23237
23637
23301
23381
23157
23237
22981
23061
23109
22917
22741
22725
22437
22597
22325
22357
22309
22133
22181
21733
21493
21829
21493
21637
21253
21461
20981
21221
20933
20805
20933
20436
20565
20452
19956
20132
19828
19956
19684
19828
19524
19396
19332
19028
18980
18068
18900
18532
18100
17972
18180
17988
17620
17476
17172
16500
16916
16964
16804
16836
16355
16099
16211
16420
15795
15347
15747
15155
15683
15299
14851
15075
14787
14659
14499
14355
14211
14275
14147
13715
13923
13539
13235
13747
13059
13635
12867
13251
13219
12899
13027
12563
12803
12915
12899
12419
12194
13171
12499
12082
12274
12242
12162
11154
11938
12034
11714
12162
11794
11378
11474
11810
11714
11794
11314
11586
11522
11378
11378
10994
11490
10834
11298
11106
12130
10914
10962
11234
11362
11714
11218
11074
10978
11106
10706
10786
11298
10946
10674
10834
11058
10738
10818
10546
11410
10930
10818
10946
10594
10738
11026
10466
10770
10962
10578
10786
10578
10802
10418
10690
10658
10450
10594
10850
10578
10578
10466
10706
10306
10754
10482
11186
10306
10818
11314
10386
10690
10434
10562
10578
10722
10530
10530
10690
10770
10642
11058
11138
10546
10690
10434
10674
10930
10978
10914
11026
10722
10898
10770
10978
11042
11218
10738
10098
10978
11218
10898
11202
11106
11074
11266
11090
11298
10946
11218
11010
11282
10946
11218
11058
11170
11506
11090
11362
11954
11218
11458
11122
11458
11362
11378
11554
11218
11666
11330
11490
11746
11250
12002
11730
12146
11810
11554
11826
11794
11842
11474
11906
11618
12691
12018
12082
11874
11874
11890
11778
11874
12178
12210
11826
12178
11794
12082
11778
12130
11874
11938
12258
11874
12098
11666
11954
11874
12194
12162
12018
11714
11762
11938
11762
11826
11986
11698
12371
11538
11778
11298
11634
11106
11474
11730
12242
11586
11106
11602
11250
11298
11730
11106
11378
11090
11250
11026
11154
10930
11026
11250
10866
11026
11074
11074
10978
10722
10818
10978
10994
10946
10914
10850
10994
10754
10930
11122
11170
10914
10850
10482
10530
11298
10818
10450
10594
10274
10562
10994
10962
10354
10962
10962
10338
10386
10514
10370
10274
10450
10178
10946
10034
10322
10610
10178
10450
11090
10018
10210
10530
10178
10434
10370
10562
10450
9794
10274
10306
11042
10306
9842
10338
9922
9826
9858
9762
10146
9762
10162
9954
9218
10082
9810
10242
9954
10002
10290
9810
10018
10146
10002
9890
9826
9986
10082
10066
9650
10066
9842
9666
9698
9922
10066
9714
9858
9554
9666
10130
9650
9666
9346
9858
9570
9602
10178
9650
9858
9954
9714
9618
9874
9794
9682
9698
9890
9330
9666
10290
9618
9570
9138
9730
9330
9522
9250
9586
9602
9202
9394
9538
9538
9458
9346
9618
8946
9394
9026
9266
9458
9506
9154
9154
9570
8994
9186
8546
9202
9650
9138
9362
9522
9666
9426
10146
9266
10418
9538
9266
9650
9362
9170
9650
9442
9538
9186
9410
9650
9330
9362
9138
9906
9202
9666
9570
9602
9298
9570
9410
9282
9522
9554
8546
9410
9570
9314
9698
9330
10018
9410
9346
9810
9506
9650
10338
9506
9378
9890
9282
9458
10098
9458
9762
9314
9394
9250
9682
9346
9218
9522
9410
9538
9154
9266
8594
9474
9042
9250
9506
9314
10082
9298
9394
9474
9410
9202
9506
9410
9138
9602
9090
9218
9090
9346
9186
9490
9314
9122
9394
9042
9218
9474
9234
9426
9330
9154
9266
9266
8978
9202
9106
9138
9426
9794
9154
9970
9282
10082
9682
9298
9234
9490
9298
9522
9618
9266
9586
9330
9666
10098
9458
9250
9554
9746
9554
9698
9794
10194
9490
9490
9730
9842
9666
9586
9714
9554
9394
9794
9858
9874
9522
10594
9714
9954
10162
9954
9922
9794
10162
9778
10098
10274
9938
10402
10226
9874
9874
10002
10098
9826
9874
10034
10290
10130
10466
10370
9922
9970
10114
10690
9938
10306
10050
9890
10434
10370
10306
10034
10274
10034
9986
9922
10226
10354
10162
10018
9938
10338
10098
10226
10018
10162
9378
10258
10498
10770
10050
10226
10514
10338
10978
10226
10482
10258
10626
10210
10850
10338
11026
10930
10498
10354
10530
10802
10418
10866
11010
10594
10690
11154
10786
11106
11314
12066
11394
10418
11346
11186
11330
11570
11378
11730
11698
11890
12210
12050
12307
12034
12531
12595
12499
12771
12643
12947
12675
13491
13155
13299
13667
13635
13811
13795
14067
14099
14275
14595
14595
15059
14563
14883
15203
16371
15507
15443
16051
16548
16868
17316
17508
17556
17956
18420
18612
18612
19124
19444
19796
19540
20036
20789
20501
20789
20805
20837
21365
22037
21605
21621
21589
21621
22021
21893
21733
21973
22229
21989
21909
21973
21765
21877
21365
21701
21365
21141
20949
21237
20597
20789
20340
20468
20116
20036
19604
19764
19268
19476
19028
18772
18628
18612
18452
18116
17556
17764
17332
16692
16788
16660
16195
16003
15811
15251
15171
15075
14867
14627
14067
14323
13907
13731
13939
13907
13475
13859
13283
13587
14019
13955
14579
14035
14755
14627
14899
15251
15443
16083
16323
16580
17220
17316
17844
18228
18484
18372
19636
19556
20212
20164
20452
21301
20901
21093
21429
21637
21893
22197
22389
22117
22629
22325
22693
22549
22549
22741
22549
22773
22517
22453
22565
22453
22213
21957
22005
21813
21557
21445
21093
21077
20933
20597
20501
20404
20228
19780
19492
19380
18868
18692
18468
18324
17972
17988
17700
17252
17300
16660
16500
16131
15843
15987
15747
15331
15091
15283
14579
14755
14275
14179
14403
13987
13523
13747
13347
13299
13475
13091
13251
12787
13059
12995
12579
12739
12723
12563
12018
12307
12291
12146
12467
12226
12467
11986
12098
12291
12371
11986
12210
12643
12274
12659
12707
12387
12883
12899
12979
12915
12739
13171
13043
12867
13539
13443
13683
14115
13875
13987
14019
14035
14115
14099
13731
13827
14243
13907
14211
14995
14643
14163
14355
14179
14499
14387
14323
14323
14611
14547
14675
14755
15235
14707
15123
15235
15059
15331
14803
15379
14755
15091
14723
14995
14915
14627
14851
14835
14323
15091
14579
14579
14627
14723
14883
14275
14755
14611
14611
14723
14451
14307
14323
14563
14531
14403
14211
14291
14131
14067
13795
13715
13667
13955
13395
13843
13443
13715
13555
13843
13699
13731
13299
13395
13587
13571
13075
13651
13411
13171
13507
13299
13395
12979
13283
13299
