24341
24245
24261
24357
24325
24325
24197
25190
24229
24245
24614
24646
24101
24341
24245
24549
24405
24197
24501
24565
24405
24277
24053
24437
24165
23765
24405
24085
24069
24101
24517
24101
24501
24101
24373
24325
24117
24085
24325
24245
24149
24245
24117
24453
24133
24421
24085
24021
24357
24101
24389
24213
24357
24181
24341
24501
25158
24309
23909
24357
24261
24277
24085
24133
23973
24245
23989
24229
24149
24341
24149
23877
24309
23349
24341
24037
24213
24341
23797
24229
24101
24213
24085
23749
24165
24085
24389
23829
24197
24117
23941
24197
23973
24181
23893
24261
24037
24117
24021
23797
24053
23877
24101
23989
23797
24181
23253
24101
23637
23989
23861
24149
24133
23749
24117
23989
23717
23797
23733
24021
23973
23925
23925
23589
23733
23589
23813
23829
23477
23717
23989
23765
23925
23717
23941
23797
23749
23589
23829
23797
23509
22981
23845
23653
23861
23653
23845
23605
23797
23637
23413
23605
23605
23285
23637
23445
23653
23445
23765
23877
23637
23397
23621
23669
23669
23733
23237
23349
23541
23541
23781
23509
23669
23445
23253
23605
23253
23605
23509
23573
23253
23717
23557
22981
23477
23669
23205
23813
23141
22725
23237
23397
23525
23333
23301
23381
23189
23205
23429
23429
23269
23045
23109
23301
23221
22613
23333
22757
23285
22965
22741
23013
22805
23061
22933
23061
22885
22805
23397
22773
23029
22757
22981
22853
23077
22885
23125
22997
22693
22853
22565
22373
22869
22085
23013
22677
22869
22645
22485
22677
22613
22725
22453
22837
22437
22597
22677
22197
22517
22389
22629
22309
22661
22373
22341
22469
22149
22181
22501
22229
22549
22741
22053
22533
22453
22533
22213
22597
22165
22421
22229
22277
22069
22149
22245
22053
22229
22261
22069
22293
21845
21925
22229
21877
21957
22293
22085
22005
22597
22005
22213
21861
22165
21877
22197
22069
22341
21989
21925
22085
21925
22325
22229
21957
22325
21957
21877
21973
22037
21877
21941
22005
22021
22069
21957
21893
22181
21813
21829
21797
22133
21989
21829
22053
21909
22453
21845
22053
21797
22005
21589
22037
21893
21765
21989
22101
22069
21653
22453
21765
21957
21749
22005
21829
21477
22469
21781
22005
21669
22037
21877
21925
21765
21605
21957
21781
21637
21717
22021
21813
21557
22501
21541
21573
21461
21701
21781
21653
21365
21717
21461
21109
21685
21429
21589
21365
21637
21141
21669
21461
21653
21397
21525
21477
21285
21461
21525
21925
21605
21237
21365
21381
21589
21237
21621
21541
21189
21541
21285
21365
21445
21333
21621
21365
21893
21637
21365
21605
21253
21205
20997
21477
21765
21493
21285
21413
21269
21333
21093
21365
21157
21349
21237
21093
21141
21365
21189
21269
21141
21429
21093
21237
21349
21205
20933
21157
21221
21269
20709
20789
20997
20725
21173
20821
21061
20933
20805
20901
20965
20757
20645
20773
20629
21253
20613
20869
20885
20549
20789
20549
20821
20677
20757
20933
20789
20597
20869
20677
20837
20805
20581
20773
20725
20853
20404
20805
20645
20837
20645
20581
20773
20581
20949
20452
20821
20805
20468
20709
20404
20757
20020
20468
20468
20709
20901
20725
21205
20805
21093
20757
20981
20981
20677
21205
21173
21333
21285
21221
21589
21237
21781
21541
21829
21525
21701
21637
21941
22117
22213
22309
22325
22085
22837
22229
22325
22453
22549
22533
22165
22949
22773
22997
22789
22693
23285
22869
22485
22997
22757
23045
23077
23285
23253
23045
23029
23125
23109
23397
23509
23413
23413
23445
23973
23461
23797
23525
23877
23829
23461
23637
23621
23941
23717
23781
23861
23925
24037
24085
23941
23765
24181
23845
24101
23941
23909
23909
24245
24101
24309
24181
24149
24405
24213
24277
24325
24245
24309
24325
24309
24501
24357
24533
24405
24037
24646
24277
24533
24469
24117
24614
24485
24213
24694
24453
24694
24517
24229
24646
24630
25174
24614
24549
24630
24630
24758
24758
24549
24774
24646
24854
24469
24501
24565
24630
24277
24902
24678
24934
24822
24694
24854
24694
24950
24790
24982
24838
25062
24726
24806
24966
24998
24565
24886
24822
24886
24822
25142
24886
24726
25014
24886
24565
24966
25062
25062
24758
24950
25286
24646
24886
24950
24854
25254
24838
24742
25014
24790
25078
24934
25302
25110
25046
25286
25158
25030
25366
25158
25350
25494
25030
25430
25382
25318
25558
25558
25526
25318
25542
25430
25766
25526
25398
25558
25830
25766
25702
25814
25702
25942
25638
25942
25622
25782
25814
25926
25974
25830
25782
25686
26086
25878
25942
26006
25958
25286
26070
26038
25718
26086
26102
26054
25926
25798
25830
26150
26086
26214
25942
25958
26230
26070
26246
26854
25798
26614
25958
26198
26054
26278
26086
26038
26310
26086
26134
26150
26230
25958
26374
26214
26310
26118
25798
26166
25974
25734
26406
25766
26406
25958
25766
25318
25750
26118
25766
25942
25846
25558
25638
25862
25766
25830
25750
25542
25398
25686
25558
25398
25558
25590
25462
25830
25462
26230
25718
25542
25926
26486
25494
25686
25430
25958
25606
25894
25766
25526
25686
25318
25926
25734
25990
25782
25750
25990
25766
26022
25910
25622
25814
26038
25958
25846
25910
25878
25990
25350
26054
25814
25830
25782
25974
26038
25798
26006
25878
26150
25846
25798
25942
25974
25974
26006
26006
26086
26006
25958
26070
25846
25910
25782
26054
26054
25846
25942
25910
26038
25734
25878
25782
25990
25350
25814
25590
25926
25670
25958
25846
25590
26166
25558
25814
25574
25862
25638
25542
25798
25558
25782
25750
25542
25734
25654
25526
25750
25558
25766
25302
25462
25766
26006
25478
25718
25542
25510
25878
25446
25670
25638
25702
25654
24822
25670
25558
25718
26358
25382
25014
25446
25670
25462
25686
25254
25590
25494
25446
25510
25318
25606
25462
25398
26070
25494
25222
25558
25398
25638
25462
25318
25542
25494
25366
25846
25334
25174
25494
25478
25206
25558
25398
25382
25766
25718
25590
25574
25574
25462
25302
26278
25494
25622
25462
25142
25350
26230
25398
25526
25526
25382
25174
25510
25350
25526
25302
25334
25510
25238
25558
25702
25638
25462
25078
25526
25302
25462
25190
25478
25446
25286
25574
25334
25942
25494
25318
25430
25494
25446
25286
25190
25078
25382
25014
25238
25238
25254
25078
25078
25078
25430
25126
24950
25046
24822
25382
24886
24662
24726
24469
24005
24309
25190
24293
25174
23749
24053
24165
24229
24021
23989
23909
24053
23909
23653
23813
23509
23237
23621
23413
23477
23365
23125
23125
23525
23269
23029
22885
22917
23013
22709
22965
22869
22933
22709
22885
22597
22437
22693
22437
22757
22117
22549
22181
22309
22261
22373
22469
22293
22037
22405
22309
22325
22037
22309
22101
22085
21797
22053
22181
21973
22101
21925
21861
22085
21845
22021
21781
21909
21733
21621
21813
21557
21717
21477
21621
21461
21621
21701
21701
21429
21365
21461
21525
21429
21285
21365
21237
21061
21285
21125
21125
21109
21029
21141
20677
20981
20869
21189
20757
21541
20885
20581
20805
20629
21621
20901
20869
20901
20581
20805
20629
20885
20581
20581
20757
20485
20725
20517
20805
20452
20501
20292
20452
20757
20629
20501
20468
20629
20260
20677
20356
20517
20468
20501
20549
20004
20533
20212
20549
20292
20452
20276
20725
20452
20420
20661
20356
20613
20324
21349
20549
20597
20420
20741
20613
20501
20517
20468
20485
20308
20693
21237
21317
20629
20501
20020
20436
20020
20260
20036
20725
19908
20340
19988
20244
20020
20196
19876
20388
19732
19572
19924
19364
19604
19332
19716
19348
18996
19300
19076
19108
18788
18980
18676
18836
18788
18612
18580
18180
18276
17748
17908
17700
17748
17476
17524
17332
16980
17076
16708
16852
16676
16436
16564
16083
16211
15539
15971
15699
15635
15699
15475
14915
14755
14963
14307
14371
14595
14259
14339
13731
14131
13683
13779
13107
13795
13155
13235
13299
12835
12883
13155
12947
12771
12563
12210
12258
12627
12034
12210
11826
12114
11682
11618
11794
12210
11650
11794
11538
11394
11346
11346
11058
11298
11106
11442
11186
11202
11330
11378
11250
11442
11026
11346
11154
11122
11186
11378
11186
11890
10930
11506
11170
11682
11394
11042
11874
11426
11426
11554
11602
11490
11570
11442
11858
11538
11586
11986
11810
11490
12178
11378
11714
11954
11794
10786
11074
11442
11682
11858
12627
12050
11698
12050
12130
12066
11506
11890
11618
11858
11458
11890
12130
12002
11682
11890
11554
11730
11922
11602
11858
11682
11378
11890
12146
11890
12082
11794
12050
12146
11954
12210
11890
12258
11970
11986
11666
11954
12114
11858
11714
12242
12258
12451
12499
12178
12499
12707
12114
12419
12499
12258
12419
12178
12018
12258
12162
12242
12082
12387
12739
12803
11970
12339
12867
12178
12947
12098
12050
12915
12723
12947
12627
12803
12371
12627
12771
12659
13123
13251
13091
12979
13235
13267
13523
13635
14323
13411
13811
13811
13907
14243
14179
14419
14323
14595
14595
14899
14739
15155
15139
15219
15683
16195
16740
16307
17108
16692
16644
16788
17140
17140
17732
17076
18100
18132
18420
18388
19156
19124
19844
19604
19956
20132
19988
20565
20805
20933
20981
20997
21365
21541
21477
21989
21813
22197
22213
22565
22613
22437
22757
22613
22933
22773
23125
23093
23269
23045
22741
23461
23317
23861
23141
23605
23525
23669
23269
23797
23461
24469
23717
23365
23733
23413
23573
23333
23925
23237
23365
23397
23205
23285
23013
23173
22885
22901
22805
22469
22741
22149
23061
22069
22485
21973
22165
21605
21477
20901
21093
21189
21397
20725
20597
20292
20196
20260
20148
20036
19684
19796
19668
19492
19620
18964
19124
19076
18516
18148
17844
18068
18196
17828
17908
17972
18052
17780
17380
17076
18020
16916
16740
16916
16484
16692
16131
16420
16339
16227
15987
15843
15923
15315
15299
15411
15171
14771
15267
14579
14419
14531
14243
14307
14259
14115
13491
13891
13379
13523
13235
13347
13187
13267
13107
12531
12947
12467
12451
12323
12339
11986
12274
12002
12419
11698
12210
11538
11730
11922
11698
11906
12371
11666
11842
11426
11634
11202
11250
11330
11714
11362
11730
11698
12098
11650
12018
12098
11938
12242
12226
12499
12307
12691
12675
12931
12819
13635
13299
13587
13555
14611
14019
14579
14259
15235
15123
15347
15475
15907
15891
17348
16916
17124
17524
17428
17620
18164
18164
18756
18804
19220
19348
19796
19796
20388
20533
21173
21045
21413
21493
21461
21829
21893
22085
22357
22261
22325
22485
22725
22773
22533
22821
22629
22613
22613
22789
22485
22325
22293
22005
22069
21733
21621
21349
21189
21173
20757
20517
20452
20356
20292
19988
19492
19780
18932
18772
18484
18324
17828
17828
17140
16996
16660
16564
16051
16067
15779
15587
15123
15587
14755
14867
14947
14675
14323
14291
14275
13939
14259
14515
14355
14547
14563
14755
14899
15379
15427
15683
16211
16243
16436
16420
17012
17940
17668
18196
18244
18868
18916
19076
19652
19668
20276
20260
20805
20885
21349
21333
21749
21909
22325
22357
22325
22821
22901
22997
23301
23029
22901
23525
22981
23285
23237
23717
23333
23653
23221
23637
23589
23653
23525
23317
23525
23349
23189
23333
23237
23349
23141
23285
23109
22773
23189
22901
23125
23189
23061
22853
22997
22741
22661
22821
22645
22821
22581
22725
22485
22629
22181
22357
22549
22597
22373
22421
22021
22453
22373
22389
22325
22133
22149
21861
22229
22037
22229
22117
22037
22069
21973
22117
21909
22021
21989
22069
21733
21829
22069
21973
21653
22005
21877
21909
21813
21845
21749
21541
21941
21989
21621
21845
21621
21637
21717
21461
21781
21477
21701
21525
21781
21461
21717
21573
21749
21861
21397
21637
21845
21973
21445
21781
21461
22069
21573
21845
21621
21509
21781
21541
21797
21493
21237
21973
21285
22021
21445
21733
21413
21669
21205
21157
21701
21365
21717
21349
21205
21509
21333
21205
21461
21477
21333
21221
20933
20901
20933
20356
20116
19684
19652
19812
19364
19524
18868
18852
18196
18212
17748
17300
17476
17044
16388
16500
15795
15683
15699
15107
15331
14947
15059
14755
15075
15427
16227
15315
16195
16307
16596
16916
17140
18036
17908
17972
18900
18868
19476
19764
20228
20501
21013
21125
21749
21733
21637
22053
21925
22373
22325
22485
22261
22325
22261
21845
21989
21541
21957
21141
21157
20677
20116
20180
19796
19380
19220
18740
18164
18068
17668
17396
17060
16852
16147
16147
16035
15939
15395
15635
15555
15139
15555
15843
15827
15539
16003
16323
16259
16708
16596
17092
17156
17700
17188
17940
18436
18532
18756
18964
19620
19636
20116
20148
20645
21013
21349
21253
21701
21781
22181
22245
22261
22709
22357
22709
22789
22917
23253
23157
23493
23509
23493
23797
23797
24101
24453
23813
24982
25110
24389
24277
24181
24742
24421
24309
24854
24662
24630
24742
24630
24694
24469
24854
24774
24934
24982
24854
25078
24854
24982
24774
24565
24774
24485
24549
24181
24325
23893
23957
23541
23221
22773
22821
22565
21925
21493
21109
20965
20645
20164
19780
19844
19140
18452
18420
18004
17572
17460
17044
16692
16724
16804
16436
16163
16355
16564
16564
16532
16948
16868
17796
17364
18052
17924
18420
18516
18772
19364
19476
19988
20116
20741
20773
21125
21445
21557
21765
22229
22293
22469
22677
22917
23077
23093
23541
23397
23605
23605
23749
23861
23429
23493
23669
23445
23381
23589
23077
23045
23477
22821
22629
22485
22213
21157
21669
21077
21061
20805
20068
20052
19860
19156
18916
18580
18804
17908
17300
17332
17060
16676
16227
16307
15939
16147
16147
16131
16163
16628
16900
17620
16868
17332
17908
18116
18388
18932
19204
19684
19908
20549
20645
21749
21333
21861
22197
22101
22597
22773
22565
22885
22645
22309
22485
22581
22261
22133
21861
21493
21493
20933
21237
20308
20100
19572
18996
18532
18164
17764
17812
17316
17076
16484
16548
16516
16291
16275
16083
15795
16035
16644
16756
16388
16227
16964
17380
17412
17956
18196
18820
19172
19540
19860
20837
20629
21157
21429
21493
21957
21941
22341
22213
22517
22325
22549
22261
22149
22389
21733
21541
21573
21045
20837
20388
19700
19492
19204
18436
18164
17812
17300
17076
17140
16452
16916
16147
16596
16115
16420
16227
16612
16468
16964
17236
17620
17572
18164
18324
18852
18948
19460
19684
20324
20340
20933
21109
21525
21957
22005
22005
22501
22373
22821
22757
23141
22997
23349
23333
23893
23493
23269
23525
23333
23589
23109
23221
23493
22933
23173
22837
22885
22533
23269
22469
21749
21925
21493
21445
20276
20917
20645
20292
20212
19620
19508
18788
18868
18164
18020
17716
18132
17300
16756
16676
16051
16211
15555
15507
15571
15187
15315
14867
14691
14851
14899
14707
14899
14691
14611
14819
14147
15443
15315
15331
15587
15907
16131
16291
16820
16580
16724
17492
17124
17700
17764
18084
18212
18388
18340
19460
18980
19380
19204
19700
19892
19988
19972
20292
20132
20324
20709
20645
20965
20709
21317
21381
21461
21477
21877
22101
21941
22053
22437
22341
22821
22805
22821
23109
23333
23157
23701
23461
23781
23957
24053
23877
24790
23605
24053
23925
23957
24197
24565
23797
24021
23813
23605
23797
23381
23541
23029
23093
23173
23653
22741
22693
22293
22325
21941
22101
21557
21605
21045
20901
20773
20356
20372
20468
19812
19476
19828
18996
18980
18452
18516
17844
17588
17540
16932
16948
16355
16323
16580
15907
15315
15427
15443
15107
15267
14835
15091
15331
15363
15603
15699
15667
16500
16644
17156
17444
18020
18164
18996
19300
19252
20324
20677
20356
21141
22021
21621
22021
21749
21733
21941
21285
21509
21381
20981
21013
20581
20501
19812
19796
19188
18996
18404
18468
17652
17700
16948
16884
16532
16436
16307
15955
15331
15459
15859
15139
14563
14819
14307
14371
14499
14083
14243
14131
14051
13587
13763
13491
13683
13219
13491
13267
13427
13027
13251
12947
13475
13043
13091
12707
12867
12963
12803
12819
12611
12371
12611
12515
12883
12435
12563
12210
12451
12611
11890
12483
12210
12339
12162
12387
12018
12226
11858
11938
12066
11826
12274
11826
12002
12114
12066
11810
12018
11650
11954
12098
11858
11538
11682
11922
11714
11586
11826
11522
11554
11938
11778
11554
11570
11810
11538
11746
11842
10994
11922
11490
11794
11922
11570
12034
11442
11714
11538
11650
11458
12130
11874
11634
11890
11602
11874
11554
12082
11762
12018
11890
11986
12114
11490
11794
12034
12130
12034
12242
12258
12146
11970
12499
12034
12258
11746
11954
12595
11922
12242
11858
12210
11794
12226
12002
12210
11938
11554
11730
11826
12082
12114
12323
12291
11794
11554
11938
12178
11938
12130
11666
11922
11762
12242
12210
11842
11794
11922
12098
11890
12307
11938
12082
11922
12611
12066
12226
11954
12018
11954
12291
12066
12178
12210
11586
11938
12194
11842
12034
11730
11954
11682
11874
12130
11890
11890
11746
12307
11554
12002
11794
11794
11698
12066
11490
12274
11218
11458
12130
11826
12323
11778
11762
11522
12659
11506
11842
11778
11602
12627
11490
11666
11506
11586
11842
11538
11794
11618
11298
11618
11410
11506
11186
11474
11698
11538
11810
11234
11554
10946
11986
11714
11618
11154
10914
11186
11554
11122
11074
11570
11234
11602
11154
11234
11410
11602
11186
11266
11282
11474
11506
11442
11506
11490
10994
11330
10930
11906
11362
11442
10818
11506
11170
11426
10754
11426
11426
11090
11298
11170
11250
11170
11250
10898
11474
10882
11058
11186
10770
11010
11266
11010
11042
10786
10450
10706
11026
10450
11042
10658
10914
10658
10914
10610
10850
10482
10866
10962
10610
10978
10642
10898
10770
10706
10642
10498
10514
10610
10530
10754
10290
10738
10402
10546
10290
10578
10626
10322
10578
10786
10594
10386
10594
10946
10834
11138
10850
11970
10946
11426
11106
11570
11122
11858
12130
12659
11906
12419
12467
12323
12995
12563
12803
13235
12995
13379
13139
13587
12867
13747
13475
13795
13763
14275
14835
13843
14195
14307
13971
14563
14387
14227
14611
14883
14707
15011
15219
15059
15491
14643
16051
15411
15987
15875
16371
16452
16804
16852
17156
17460
18100
17860
18180
18356
18836
18692
19524
19284
19460
19972
19924
20388
20100
20901
20853
20981
21301
21221
21621
21573
21925
22133
22149
22261
22069
22469
22517
22741
22581
22869
23029
22677
22981
23157
23077
22997
23381
23221
22485
23461
23301
23477
23333
23637
23365
23477
23573
23365
23749
23477
23717
23557
23845
23621
23397
23589
23637
23397
23765
23461
23589
23621
23461
23269
23221
22757
23077
22821
22725
22469
22997
22261
22293
22037
21989
21685
21605
21573
20501
20885
20709
20965
20597
20517
20260
20260
20004
19988
19908
19956
19460
19540
19396
19444
19028
19268
19124
18740
19076
18724
18900
18580
18692
18548
18484
18772
18388
18100
18340
18004
18532
17716
17908
17892
17668
17908
17620
17364
17348
17476
17156
17956
17348
17108
17604
16996
17108
16884
17044
16852
17012
16756
16804
16740
16788
16772
16404
16580
16500
16676
16355
16660
16371
17316
16179
16596
15971
16820
16484
16099
15971
15427
15683
15235
15443
14739
14995
14755
14579
14659
14227
14323
13763
13763
13715
13331
13155
13139
13171
12723
13763
12515
12707
12355
12963
12387
13107
11666
11842
11970
12162
11730
11954
11458
11778
11810
11682
11282
11762
11410
11442
11394
11410
11218
11394
10930
10882
10706
11218
10978
10994
10578
10850
10978
10770
10594
10738
10946
10482
10850
10562
10802
10914
10770
10786
11410
11186
11698
11618
12611
11954
12435
12627
13379
13299
13955
14483
14771
15747
15267
16163
16404
16468
17316
17940
18068
18580
18788
19364
19188
19732
19988
20517
20436
20965
20741
20677
20997
21013
21125
20901
21077
20709
20501
20468
20693
20468
20533
20132
19860
19780
19364
19236
18804
18852
18372
17908
17636
17332
17316
16900
17012
16404
16307
15779
15795
15059
15139
14787
14787
14483
14627
14099
14179
13715
13491
13827
13555
13619
13315
13459
13139
13363
13075
13203
13011
13683
12963
13123
13411
13235
12899
13123
13795
13571
14227
13475
13859
13795
14003
13651
14163
14211
14291
14259
14547
14275
14563
15011
14835
14963
14851
14819
15123
15283
15123
15443
15331
15347
15603
15875
15891
15923
16323
16099
16371
16291
16708
17780
17172
17044
17300
17620
17956
18324
18468
18804
18964
19364
19236
19604
20100
20244
20821
20485
20949
20773
21205
21189
21781
21909
22037
22085
22085
22213
22245
22117
22229
22325
22181
21621
22293
21605
21701
21109
21189
21365
20485
19940
19636
19156
18484
18244
17620
17412
16964
17060
16708
17076
16724
17124
17108
17780
17860
18916
19028
19764
20052
20693
20629
20677
20725
21013
20725
20260
20052
19460
19156
18372
18116
17460
17652
17236
16900
17428
17956
18052
18708
19060
19556
19940
20020
20452
20436
20485
20036
19876
19188
18420
18228
18116
18308
18420
18788
19220
19684
20164
20340
21221
20468
20789
19540
19188
18484
18916
17924
17444
18036
18484
18884
19428
20132
20132
20452
20116
20116
19444
19220
18772
18468
18004
17492
17828
18116
18484
19220
19636
20036
20549
20565
20388
20260
19604
19300
18676
18260
17780
17396
17508
17236
17956
18132
18756
19044
19748
19988
20661
20468
21333
20997
21045
21221
20549
20132
19700
19444
18628
18084
17828
17684
17220
17476
16964
17412
17300
17124
18196
18244
19076
19252
19700
20276
20501
21093
21093
21605
21573
21909
21701
21877
21573
21125
21205
20885
20196
20228
19748
19668
19204
18548
18532
17892
17908
17556
17316
16916
16868
16420
15987
16035
16035
15619
15683
15123
15203
14899
14659
14771
14819
14243
14755
14067
14275
13971
13651
13779
13747
13267
13139
13315
13635
13123
12947
13379
12563
12947
13091
12611
13299
12499
12867
12483
12691
12146
12627
12531
12098
12210
11922
12082
11842
11970
11746
11842
12050
11810
11522
11906
11394
11714
11346
11858
11650
11394
11618
11522
11378
11762
11842
12050
12258
12627
12691
13411
13683
14867
14611
15187
15907
16452
16724
17508
18452
18324
18788
19124
19668
19396
19812
21013
20068
20468
20196
20292
19940
19828
19188
18884
18996
18500
18372
17764
16980
17044
16420
16227
16371
16388
16323
16820
16804
17300
17716
18148
18772
18996
19876
20116
20452
21157
20565
20533
20132
20084
19316
19092
18260
18148
17460
17380
17252
17780
17892
18308
18948
19748
20084
20004
20292
20501
20308
19732
19684
18516
18164
18020
18052
17828
18180
18724
19188
19492
19700
20436
20517
20597
19956
19860
19012
18884
18084
17972
17700
17764
17860
18804
19092
19796
19924
21253
20436
20404
20533
20196
20068
19556
18676
18596
17844
17908
17844
17780
18196
18180
18660
18596
19764
19828
20468
20997
21317
21573
21365
21781
21461
21445
21029
21189
20949
20533
20501
19876
19924
19492
18932
18788
18004
17956
17428
17124
16484
17364
15987
15667
15491
15283
15267
15155
14851
14963
14563
14707
14419
14067
14099
14355
14115
14307
14691
14371
13667
13811
13235
13971
13683
13283
13491
13139
13363
13155
13123
13027
13667
13027
13603
13027
13171
12995
13283
12819
12851
12691
13107
12739
12659
12883
13395
12675
12627
12691
13011
12755
12883
12643
12787
12931
12659
12835
12531
12835
12563
12563
12611
12931
12691
12803
12467
13587
12851
12531
13075
13011
12755
12579
12883
12210
12355
12547
12819
12755
12707
12451
12851
11938
12883
11858
12739
12339
12835
12595
12707
12547
13027
12531
12595
12579
13107
12194
12723
12883
12723
12339
13091
12931
12899
13107
13571
14083
15315
15299
15459
16099
16612
16868
17124
18068
18388
18532
18660
19636
19476
20020
20468
20725
20276
20132
20517
20036
20661
20853
20420
20420
20292
20164
19716
19604
19636
19348
18916
18788
18212
17684
17956
17364
17204
17156
17124
16275
16035
15667
15267
15187
15219
14979
14531
14515
14723
14755
14307
14755
14547
15251
15283
15651
15667
15939
16275
16484
17188
17636
18068
18612
19044
19636
20629
20116
20308
20901
20853
21253
21205
20933
21077
21205
20965
20388
20372
19812
19924
19252
18740
17924
17812
17124
17300
16676
16468
16339
16804
16099
16532
16420
16884
17060
17764
17892
18676
19172
20308
19732
20276
20276
20677
20709
21205
20757
21317
21125
20244
20581
19956
19492
19140
18660
18404
17700
17588
17092
16420
16532
16468
16195
16436
16500
16596
16580
16884
17268
17780
17620
18404
18580
19092
19156
19732
19684
20036
20501
21093
21045
21317
21621
21637
22069
22965
22261
22517
22613
22885
22981
22757
23045
22901
22933
22709
22773
22373
22357
21941
21877
21397
20965
20789
20324
19860
19476
18932
18468
18276
17684
17508
17492
16900
16548
16660
16115
16323
16131
16051
15811
16195
16371
16596
16195
16868
16740
16836
17348
17780
18084
17940
18324
19492
19220
19236
19444
19620
20004
20485
20773
20372
20885
20805
21317
21509
21461
21813
21861
22005
21989
21989
22373
22437
22693
22965
23189
22693
22933
23061
23397
23365
23541
23333
23445
23877
23749
23621
23813
23717
23957
24197
24630
24181
24309
24213
24101
24341
24229
24357
24341
24630
24870
24742
24565
24902
24694
24918
24694
24485
24950
24886
24966
25062
25142
25046
25190
24854
25094
24742
24934
24870
24437
24085
23589
23573
22997
22405
22133
21381
20885
20485
20308
19636
19572
18740
18708
18612
18308
18292
17956
18228
18084
18692
18884
19604
19828
20292
20517
21045
21493
21989
22005
22373
22325
21941
21541
21349
20693
20420
19844
19220
18964
18644
18324
18756
19220
19476
19780
20581
20789
21093
21397
21541
21877
21541
22213
21317
21157
20404
19828
19732
18948
19188
18372
18484
17908
18532
18804
19012
19380
19764
20501
20869
21061
21685
21605
22021
21861
22117
21909
22181
21781
21557
21269
20981
20196
20020
19460
19892
18516
18260
17972
17316
17380
16804
16884
16420
16708
16436
17652
16628
16932
17012
17108
17252
17108
17460
17748
17764
17684
18004
18516
18452
19140
18788
18772
19284
19092
20052
19524
19828
19748
20164
19972
20276
19988
20549
20661
21093
20452
20805
20501
20965
20789
21061
20981
21237
21157
20853
21269
21045
21365
21285
21557
21253
21653
21413
22005
21445
21765
21733
21621
21893
21941
21797
21861
21701
21621
21925
21733
21989
21877
22085
21909
21957
22197
22149
22565
22565
22389
23141
23205
23349
23685
23557
23589
23749
23653
23845
23541
23733
23493
23173
23317
22981
22901
22517
22229
21813
21941
21445
21365
21029
20581
20597
20212
19956
19588
19652
19188
18724
18116
18692
17956
17908
17508
17476
17044
17156
17684
16676
16035
16243
16131
15795
15539
15491
15107
15107
14771
14755
14371
14115
14035
14355
14275
14163
14051
14723
14323
14963
14819
15411
15939
16612
16676
17492
17780
18596
19236
19412
19892
20084
20372
20388
20853
20693
20661
20436
20132
19652
19028
18692
18292
17636
17204
17444
17108
17812
17572
18756
19108
19300
19588
20485
20661
20805
20853
20725
20645
20004
19636
19588
18644
18484
17812
17844
17428
17700
18020
18484
18612
19668
19908
20228
20885
21093
21589
20901
21045
20340
20436
19540
18964
18644
18020
17988
17556
17780
18308
17572
18772
19348
19652
20372
20629
20997
20917
21205
20821
20388
19892
19652
19636
18692
17988
18004
17412
17812
17412
17796
17780
17844
18836
18532
19268
19220
20084
20164
20885
21061
21861
21733
21701
22149
22117
22741
22709
22917
22901
23621
23013
22709
23365
23205
23477
23445
23525
24037
23349
23909
23685
23717
23733
23701
23381
24630
23861
24421
23973
23653
24069
24341
24229
24117
24405
24149
23973
24341
24133
23973
23637
24005
24341
24149
24293
24101
24277
24245
24165
24389
24245
24181
24245
24517
24421
24261
24373
24501
24197
24437
24277
24069
24341
24149
24485
24357
24373
23621
24501
24021
24501
24165
23989
24229
24165
23957
24005
23957
24101
23781
23845
23381
23157
22501
22549
22005
21541
21301
20805
20565
19860
19892
19236
18452
18100
17988
17876
17412
16852
17172
16852
16548
16179
16179
16852
15955
16179
15795
15987
16275
17092
16500
16676
16772
17444
17220
17876
17732
18548
18580
19316
19172
20068
20292
20372
21045
21317
21509
22661
21973
22437
22165
22501
22261
22389
21765
22021
21605
21029
20885
20581
20452
18644
19924
18628
18372
17780
17652
17540
17732
17348
17316
17172
17492
17492
17956
18324
19060
18788
19364
19828
20020
20805
20661
21589
22117
21877
21893
22245
22885
22389
22901
23189
23173
23061
23333
23621
23461
23573
23093
23029
22869
23141
22677
22421
22293
22373
21845
21509
21317
20853
21301
19940
20116
19236
18676
18708
17892
17796
17332
17348
16836
16916
16596
16900
16371
17092
16996
17140
17668
17732
18324
18500
19172
19172
19972
20148
20613
20981
21541
21605
21669
22309
22325
22181
22709
22757
23349
23109
23285
23349
23637
23525
24261
23685
24021
23845
24021
23909
24053
24053
24053
24309
24213
24053
24437
24261
24229
24533
24229
24469
24982
24341
24950
24822
24774
24614
24341
24758
25430
24822
24838
24549
24966
24790
24565
24902
24662
24838
24758
24966
25014
24678
24790
24742
24646
24774
25366
24758
25062
24934
24694
24998
24630
24277
24229
23797
23637
23093
22485
22341
22069
21605
20933
20885
20565
19428
19252
18660
18484
18308
17988
17652
17556
17428
17556
17252
17092
17348
17140
17124
17460
17252
17748
17892
18084
18244
18836
18020
19364
19188
19716
19636
20068
20036
20244
20757
20693
21269
21701
21461
22005
22309
22293
22741
22917
22853
23349
23141
23445
23413
23557
23589
23397
23797
23397
23653
23797
23285
22981
23045
22325
22229
21701
21365
20725
20565
19940
19764
19044
18756
18228
18180
18084
18084
18084
18596
18804
18996
19396
19700
20549
20997
21749
21429
22229
21797
22117
21813
21701
21637
20965
20837
20485
20228
19140
18628
18516
18212
17908
17972
17732
17956
18100
18484
18628
18868
19652
19908
20565
20677
21077
21621
21509
22117
21989
22165
22069
22133
22133
21925
21733
21109
21013
20420
20452
19620
19620
18852
18260
18548
17764
17620
17412
17060
16964
16612
16035
16275
16003
16179
16115
16243
16275
16436
16868
17076
17092
17620
18244
18516
18708
19316
19396
20196
20100
20837
20837
21349
21573
21797
22053
21957
22373
22197
22693
22469
22645
22229
22389
21989
22165
21781
21797
21509
21093
21061
20789
20404
19716
19620
19124
19028
18436
18292
18036
17604
17188
17108
16548
16516
15843
16099
15555
15475
15075
15219
15315
15043
14915
15155
14547
14867
14339
14771
15155
14995
14899
15347
15555
15459
15907
15779
16243
17076
16227
16820
16612
16900
17268
17220
17476
17636
17940
18036
17940
18452
18132
18276
18628
18644
18676
19156
18964
19060
19108
19492
19332
19572
19812
20324
20068
19668
20004
20468
20436
20725
20148
20292
20180
20565
20565
20677
20452
20853
20709
20981
20693
20837
21077
20917
21301
20949
21493
21237
21221
21637
21317
21685
21429
21781
21589
22053
21845
22245
22197
22005
22213
22245
22469
22693
22517
22901
23141
23141
23461
23605
23445
23157
23221
22869
22549
22069
22037
21269
21029
20485
20068
19396
18900
18452
18196
18324
18228
18516
18644
18948
19172
19444
19700
20324
20933
21557
21461
21829
21861
21461
21525
20981
20597
19300
19636
18740
18708
17924
18500
18660
19348
19348
19428
20116
20452
21845
21157
21237
21557
21525
21189
20805
20757
19860
19476
18804
18260
18244
18084
17476
18004
17812
18756
18772
18948
19348
20148
20292
21781
20677
21445
21749
21637
22053
21877
21957
21765
22053
22037
21813
21125
21077
20661
20420
20228
19636
19572
19172
18692
18228
17908
18164
17476
17412
17316
16884
16692
16035
16003
15459
15587
15459
15395
14851
14835
15651
14499
14547
14147
14403
13875
14003
13363
13763
13299
12883
13955
12771
12947
13187
12739
13011
12803
12467
12371
12707
12339
12387
12531
12563
12114
12258
11986
12258
11938
11890
12226
12387
11634
11698
11922
12098
11922
11570
11762
11362
11522
11666
11314
11506
11186
11074
11186
11170
11378
11314
11250
11026
11314
10802
11074
10722
11010
10610
11090
11122
10834
10786
10642
10802
10914
10674
10994
10514
10802
10482
10866
10338
10626
10818
10706
10658
10754
10818
10450
10546
10098
10338
10834
10498
9794
10418
10370
10466
10114
10274
9970
10354
10802
10994
11026
11666
12210
12339
13171
13475
14339
15059
15571
16259
16660
16948
17940
18036
18084
18580
19748
19428
19492
19748
19956
19972
20372
20164
20452
21237
20677
20452
20613
19956
19588
20468
20485
20372
20308
20372
19892
19828
19908
19412
19396
18836
19220
18484
19668
18260
18260
17716
17812
17220
17380
16868
16900
16436
16371
16307
15475
15763
15379
15427
15059
15123
14691
14787
14771
14675
14403
13891
13363
13731
13891
13555
13747
13251
13363
13587
13171
13331
13171
12803
13107
12979
12643
12915
12435
12419
12355
12371
12435
12274
12242
12323
12403
11842
12547
11762
12162
12435
11634
11714
11682
11858
11234
11634
11682
11538
11154
11298
11506
11138
11426
11122
11346
11314
10994
10898
11202
10786
11138
11218
10706
10866
11026
10706
10962
10482
10786
10882
10594
10962
10578
10418
10450
10994
10578
10706
10274
10514
10274
10194
10642
10402
10594
10674
9858
10498
10290
10610
10514
10082
10562
10018
10706
10530
10082
10498
10050
10146
10354
10098
10434
9954
10082
10034
10178
10434
10482
10274
9794
10146
9874
9954
10194
9954
10178
10194
9970
10130
9986
10130
9842
9778
9874
10082
10018
9506
9906
9746
10258
9682
10210
9618
9762
9986
9426
9922
9522
9778
9970
10146
9970
9490
9762
9570
10306
9410
10034
9858
9490
9586
9746
9458
9714
9058
9602
9602
9602
9730
9554
9490
9602
9490
9490
10002
9154
9634
9378
9650
9202
9474
9858
9330
9698
9138
9378
9666
10002
9122
9986
9954
9026
9282
9138
9650
9458
9218
9442
9378
9410
9650
9394
9202
10162
9490
9314
9682
8914
9330
9634
9042
9138
9154
9442
9314
9346
9762
9330
9634
9202
9122
9698
9266
9266
9026
9058
9362
8994
9234
9458
9074
9394
8946
9362
9602
9634
10306
11106
11010
11714
12371
12323
13571
14515
14739
15171
15811
16243
16756
17236
17620
17508
18036
17908
17988
17812
18052
17668
17972
17604
17636
17268
16772
16852
16756
16468
16115
15907
15411
15459
14867
14819
13763
14275
13971
14019
13843
13907
13667
14403
14099
14355
14195
14707
15203
15459
16115
16083
17124
17332
17828
18228
18532
18772
18868
19524
19764
19860
20068
20468
20485
20789
20436
20805
20276
20645
20340
20356
20084
19892
20052
19156
19092
18932
18404
18100
17652
17668
18068
16564
16676
16339
16195
16115
15235
14883
15059
15603
14787
14355
14435
13987
14227
14419
14147
14499
14755
14819
14579
15107
15139
15715
15603
16067
16740
16772
17380
17380
18100
18212
18916
19188
20196
19764
20565
20517
21029
20741
20853
21829
21733
21685
22037
21989
22261
22133
22277
22117
22261
21973
21861
21829
20997
21909
21509
20965
21141
20773
21525
20324
20420
19796
19620
19540
18996
18884
18420
18628
17972
17972
17764
17092
17076
16644
16500
16035
15651
15283
15587
15091
15075
14627
14691
14723
14307
14019
13987
14003
13651
13667
13219
13475
13235
13347
13107
13267
12931
13411
12739
13251
12755
13043
13235
13203
13427
13939
13795
13827
14419
14707
15027
15619
15843
16580
16900
17716
17972
19252
18852
18852
19716
19892
20324
20693
20949
20869
21205
20965
20837
20613
20997
20597
20597
20260
20276
20517
19252
18852
18772
18292
17908
17524
17220
16740
16500
16243
16099
15715
15683
15667
15587
15459
15555
15475
15827
16628
16115
17172
16868
17220
17396
17892
18148
18932
19492
19204
19876
20468
20581
20837
21045
21669
21605
21941
21845
22021
21813
22053
21685
21589
21541
21125
21205
20485
20292
19812
19284
19220
18756
18388
17844
17556
17028
16932
16580
16355
16051
16115
15731
16003
15731
16259
16115
17092
16932
17572
17732
18500
18628
19908
19860
20533
20565
20709
21045
21061
21189
20853
20468
20452
20132
19764
19156
18820
18148
17876
17396
17476
17028
17284
17204
17492
18068
18340
18932
19412
19684
20036
20581
21125
21205
20805
20837
20468
20052
19460
19220
19028
18948
17684
17252
17348
17124
17044
17284
17300
17972
18228
18724
19604
19652
19972
20501
20629
21301
21653
21525
21989
22133
22389
22213
22405
22037
22245
21429
22181
21877
21349
21589
21621
21269
21349
21157
20709
20853
20436
20597
20388
20036
20436
19476
19764
19316
19620
19028
18836
18500
18772
18404
17972
17988
17876
18404
17588
17124
17252
17204
16820
16339
16548
16131
16051
16275
15811
16019
15587
15715
15379
15939
14979
15155
14531
14867
14531
14931
14403
14867
13955
14291
13923
13987
13763
13971
13507
13699
14067
13395
13251
13779
13587
13139
13299
13011
13155
12643
12787
12835
12355
12803
12323
12787
12387
12579
12323
12274
12499
12242
12258
12002
12034
12547
11890
12066
11922
11826
11826
11362
11394
11186
11538
11490
11970
11970
12643
12803
13923
14291
15123
15043
15683
16836
17044
17524
18068
18660
18884
19396
19268
19572
19508
19620
19540
19060
19220
18980
18836
18292
18196
17508
17444
16820
17092
15971
15795
15827
15219
15299
15155
15283
14931
15395
15859
15987
16500
17060
17316
17924
18372
18740
19412
19652
20052
20212
20244
19828
19364
19524
18468
18852
17716
17684
17204
17268
17028
17156
17300
17828
18292
18900
19268
19940
20148
20196
20356
19700
19956
19508
18916
18260
17572
17172
17556
17268
17684
17556
19380
19348
19780
19876
20340
20244
20485
19876
19828
19396
18724
17908
17812
17700
17732
18004
18116
18148
19268
19380
20116
20709
20821
20629
20709
20372
20052
19604
19140
18932
18228
17988
17780
17444
17364
17092
17316
17476
17908
18372
18660
19220
19700
20148
20276
20853
21285
21285
21093
21285
21045
20933
20661
21141
19748
20020
18980
18884
18084
17812
17172
17172
16804
16211
16756
16980
16916
17428
17364
18036
18548
18884
19044
19716
20020
20773
20773
21285
21269
21653
21205
21509
21525
21205
20789
20725
20180
20100
19460
19428
18740
19236
17956
17428
17540
16820
16836
16275
16275
16003
15667
15427
15443
14755
15091
14723
14867
14419
14611
14515
14195
13443
14003
13939
14019
14179
13731
13987
13683
13779
13411
13459
13427
13811
13187
13731
13139
13107
13363
13299
13155
13171
13379
12819
13267
12867
13155
13203
13043
12499
12867
12611
13187
12915
13155
12995
12627
12931
12611
12771
12531
12675
12451
12883
12066
12547
12803
12691
12515
12851
12547
12451
12515
12403
12659
12563
12579
12787
12499
12483
12723
12771
12787
12739
12547
12963
12803
13123
13219
13955
14035
15075
15683
16612
17140
17076
17716
17988
18356
18356
18612
18644
18276
18116
18164
17732
17092
16948
16756
16179
15859
15443
16067
15523
15587
16035
16179
16484
16500
17188
18324
18484
18772
19476
19892
19892
20132
20533
20629
20501
20693
20260
20116
19620
19412
18996
18836
18340
17588
17508
16884
16596
16900
16323
15635
15587
15363
15267
15123
15203
15379
15139
15507
15475
15475
16019
16772
16884
17508
17716
18484
18660
19332
19236
20068
20036
20821
20933
20709
20949
20949
20308
20324
20308
19796
19780
18948
18532
17828
17348
17684
17444
17652
17476
18404
18532
19364
19812
19860
20404
20501
20276
19924
19748
19412
18516
17988
17844
17572
17860
18324
19060
19332
20180
20052
20036
19364
19092
18324
18084
17764
17988
17956
18740
19220
19940
20244
20388
20100
19892
19252
19284
18324
17812
17556
18164
18372
19172
19844
20212
20180
20677
20148
19940
19476
19252
18836
18260
18004
17636
17412
17444
17956
18580
18804
19348
19620
20212
20565
20629
21221
20933
21413
21013
20581
20452
19764
19668
19060
18468
18196
17492
17364
17236
16948
17092
16932
17012
17588
17604
18260
18308
18852
19540
19652
20180
20324
20501
21093
21061
21605
21829
21989
21765
22469
22661
22757
22565
23061
23093
23269
23269
23205
23573
23461
23461
23781
23333
23829
23957
23733
24069
23973
24197
24037
24357
24133
24966
24005
24373
24277
24549
24453
24325
24517
24341
24533
24614
24549
24517
24389
24726
24469
24469
24758
24565
24437
24726
24646
24694
24758
24485
24742
24886
24886
24870
24533
24822
24902
25046
24758
24565
24678
24838
24646
24934
25254
24758
24790
24517
25126
24902
24918
24886
24742
25094
24822
25014
24790
24758
24934
24469
24966
24838
24934
24822
24533
25206
24437
24838
24678
24806
24678
24261
24293
24005
23269
23045
22325
22229
21157
20693
20404
19988
19316
19124
19284
19108
19268
19012
20260
19972
20773
21109
21781
21701
22213
21957
22117
21701
21877
20725
20565
19908
19380
18788
19012
18724
19620
19828
20068
20789
21301
21589
22357
21477
21093
20949
20452
19476
19316
19092
18388
18692
18308
18596
18532
19220
19492
20180
21013
20981
21525
21493
21605
21717
21093
21157
20436
20164
19716
18948
18852
18388
18036
17812
18116
18116
18420
19012
19572
19812
20501
20581
20837
21525
21461
21397
21541
22021
20789
20452
19924
19332
18564
18420
17828
17908
17492
17892
17940
18532
18884
19220
19860
20308
20725
20917
21397
21477
21109
21173
20613
19892
19860
20292
18884
18740
18036
17524
17540
17252
17412
18020
17412
17348
17732
18164
18324
18500
18916
18996
19636
19188
19972
20084
20324
20228
20757
21109
20933
21877
21461
21317
21701
21797
22181
22085
21877
22149
22165
22485
22181
22549
22597
22949
22693
23013
22757
23237
22933
23157
23157
23365
23077
23621
23365
23365
23637
23269
23701
23333
23733
23445
23541
23845
23685
23605
23973
24037
24021
23669
23733
24245
23957
24053
24261
24277
24181
24101
24197
24357
24165
24405
24325
24309
24357
24261
24565
24421
24517
24854
24517
24165
24181
23749
23877
22997
22757
21749
21717
21061
20645
19748
19652
19572
19140
19188
19156
19780
20116
20468
21189
21509
22021
22181
22181
22421
22517
22821
22245
22501
22277
21413
20853
20981
20805
20244
19652
19492
18740
18756
18100
18084
18004
17716
17892
17620
17940
18020
18580
18500
19124
19252
19764
19956
21093
20773
21061
21365
21781
22229
22597
22645
22565
22917
22901
22933
22933
23029
22869
22613
22885
22165
22149
22037
22165
21621
21493
20917
20789
20420
19844
19684
19092
19012
18564
18292
17732
17556
17172
16756
16692
16436
16708
16820
16884
16900
17316
17460
18148
18372
18900
19012
19732
19956
20533
20709
21237
21349
21845
21717
22085
22021
21941
21765
21957
21381
21061
20917
20741
20837
19460
19108
18452
18276
17572
17700
17604
17316
17636
17764
17604
17940
18228
18644
19380
19652
20180
20933
20693
21125
21205
21061
20549
20292
19956
18964
19236
17940
18180
17716
17892
17876
17956
18868
18948
19908
19956
20709
21141
21045
21253
20933
20997
20420
20052
19700
19460
18676
18212
17924
17940
17572
17908
18100
18516
18660
19108
20116
20276
20533
20597
21365
21237
21589
21429
21621
21381
20901
20757
20036
19940
19268
18692
18484
17908
17748
17220
17284
16948
17300
16948
17460
17204
18004
18004
18868
18740
19300
19588
19796
20356
20693
20949
21237
21477
21573
22277
22469
22341
22533
22821
23797
23093
23461
23365
23509
23733
23669
24053
23973
23829
24133
24085
24325
24293
24245
24501
24357
24806
24421
24469
24678
24229
24373
23989
23845
23285
22997
22517
21893
21701
20725
20292
19652
19636
19028
18868
19044
18500
18868
19124
19044
19540
19876
20693
20773
21477
21653
22277
22389
22373
21685
22421
22053
21909
21365
21093
20356
20084
19284
18964
18420
18388
18324
18868
18948
19076
19172
19860
20613
20677
21765
21285
21541
20949
20869
20308
19652
18932
18916
18484
18660
18756
19284
19764
20388
20581
21189
21189
21237
20789
20853
19924
19268
18884
18356
18228
18500
18292
18964
19316
20084
20388
20565
21189
21029
21509
21237
20853
20853
20356
20244
19716
18948
18756
18500
17764
17428
17172
17364
17060
16532
16323
16211
15459
16900
15795
15907
16131
16291
16820
16564
17092
16996
17636
17668
18324
18996
19396
19604
20324
20372
20981
20805
21445
21397
21301
21285
21061
20997
20677
19636
19828
19428
18676
18260
18148
17556
17636
17220
17668
17492
17476
18132
18276
19012
19268
19764
20196
20901
20965
21429
21749
21397
21525
21685
21269
21429
20885
20789
20148
20629
19540
18996
18868
18692
18052
17908
17236
17236
16532
16404
15971
16115
15523
15667
15171
15283
15107
14835
14899
14707
14435
14387
14323
14483
14163
14371
13939
14163
13859
13811
14307
14179
14243
13987
14403
14243
14739
14579
15059
16147
15651
15859
16516
17236
17684
17860
18644
18820
19524
19908
20084
20244
20597
20501
20565
20901
21061
20485
20084
19892
19668
19236
18852
18756
18036
17636
17636
18036
16676
16420
16179
16548
15763
15187
15187
15331
14163
14819
14083
14819
14307
14595
14387
14339
14099
13859
13987
14259
13187
14035
14307
13603
13955
14067
13539
13747
13555
13715
13491
13731
13571
13523
13811
13667
13747
13571
13571
13299
13571
13539
13475
13587
13267
13203
13491
13235
13555
13331
13811
13235
13459
13475
13699
13619
13875
13523
14003
13827
14323
14243
14563
15267
15763
16468
17428
18036
18020
18356
18324
18228
18420
17924
17780
17476
17748
16628
15859
15955
15891
15827
16452
16388
17268
17524
18244
18580
19236
19572
19364
19796
19524
19732
19572
18884
18548
18020
17412
17236
16852
16404
16355
17268
17172
18660
18068
18964
19092
19588
19828
19860
20260
19876
19604
19252
18788
18532
17684
17428
17556
17604
17940
17908
18596
18900
19700
19924
19956
20084
20100
19668
18164
18532
18276
17380
17380
17364
17700
18116
18436
19316
19588
19636
20436
20308
20565
20068
19668
19268
18996
18548
18068
17476
17508
17284
17604
17508
17876
18836
18644
19044
19796
19940
20468
20485
21077
21045
21253
21173
21237
21333
21077
21221
20917
20340
20420
19972
19652
19636
19108
19172
18644
18852
18372
18420
17940
18052
17588
17316
17284
17028
17188
16644
16868
16452
16436
16003
16371
15907
16003
15699
15715
15171
15731
15043
15555
15235
15107
15347
14835
14835
14899
14307
14979
14835
14563
14323
14515
14147
15043
13859
14067
13683
13667
13699
13827
13811
13475
12563
13299
13251
13043
13251
12707
13203
12995
13939
14019
15283
15539
16500
17220
17668
18132
18132
17908
18020
17428
17460
16083
16532
15827
16371
15891
16484
16916
17508
18244
18644
19572
19220
19492
19220
18868
18532
18292
17572
17716
16788
16788
16948
17076
17620
18372
19108
19172
19604
19236
19620
19988
19364
18964
18420
18372
18260
17188
16900
16964
16708
17124
16788
16628
16804
17092
17236
17812
18372
18356
18916
19172
19428
19492
20148
20036
20549
21333
20629
20821
21253
21205
21157
21461
21621
21845
21877
22229
22309
22437
22517
22293
22725
22485
23029
22837
23093
23413
23493
23253
23445
23589
23461
23733
23525
23845
23797
23957
23845
24085
23893
23941
24181
24021
24614
24678
24469
24373
24453
24469
24389
24069
23829
23493
23301
22741
22005
21573
20869
20549
19780
20020
19556
19524
19220
19636
19748
20372
20292
21269
21365
21685
21653
22133
21861
22021
21445
21173
20501
20228
20485
18996
18788
18196
18260
17588
17684
17636
17524
17652
18036
18532
18628
19124
19060
19844
20068
20725
20837
21333
21445
21637
22133
21861
22453
22661
22757
22597
22597
22757
22373
22485
22005
21669
21381
21285
20485
20468
19812
19060
18724
18468
17844
17796
17572
17124
17076
17396
17252
17572
16964
17588
18196
18356
18820
18964
19780
19684
20420
20581
20821
21269
21541
21813
22405
21957
21861
21989
21573
21717
21365
20741
20661
20164
19876
19220
19124
18340
18164
17428
17236
17252
16884
16740
16548
17492
16820
16964
17652
17924
18068
18708
18996
19700
20292
20308
20805
20949
21557
21381
21381
21909
21861
22005
21861
21717
21669
21173
21109
20933
20613
19908
19732
18884
19140
18548
18244
17860
17508
16980
17156
16772
16468
16612
16852
16852
17412
17508
18084
18340
19092
19380
19668
20388
20517
21029
20901
21237
20965
21061
20420
20372
19524
19220
18580
18228
17908
17716
18196
18068
18948
19140
19956
20132
20533
20581
20725
20404
20228
19828
19444
18996
18260
17956
17844
18292
18276
19252
19428
19892
20501
20869
20789
20549
20452
20116
20148
18740
18660
18036
17860
17732
18244
18388
19012
19316
20084
20485
20549
20869
20853
20965
20629
19844
19668
19204
18932
18292
17876
17876
17828
17684
17540
18148
18196
19428
19284
19892
20164
20468
21029
20965
21365
21349
20805
21125
20629
20613
19940
19636
19156
18404
18324
17876
17428
17588
17412
17860
17892
18404
18996
19396
19652
20436
20565
20821
21141
21125
20805
20917
20533
20036
19940
19316
19044
18340
18084
17828
17348
17316
16852
17076
16948
16740
16996
17076
17476
17956
18260
18148
18788
19140
20420
19908
20485
20468
21109
21205
21573
21765
21621
22053
21685
21781
21525
21205
20869
20901
20292
19924
19348
18996
18612
18036
17748
17668
17508
17380
17556
17828
18324
18676
19396
20052
20244
21045
20885
21189
21029
21621
21269
20933
20901
20404
20276
19860
19652
18932
18980
18100
17908
17348
17348
16900
17076
16932
17364
17428
17908
17988
18692
18916
19684
19956
20501
20773
21493
21365
21157
21877
21221
21237
20757
20388
19972
19540
19236
18516
18292
17876
17572
17364
17284
17300
17300
17700
17860
18420
18516
18884
19412
19940
20372
20452
21109
21541
21573
21461
21941
21781
22197
21989
22421
22309
22293
22133
22037
22373
22069
22213
22085
21749
22101
21941
22133
21685
21957
21653
21877
21429
21717
21333
21573
21157
21429
21189
20933
21173
20869
20981
20725
20901
20132
20452
20677
20372
20581
20452
20084
20068
20292
20148
19876
20228
19924
19844
20212
20068
19972
19540
19684
19844
19444
19764
19572
19828
19652
19924
19620
19732
18932
19732
19604
19620
19412
19588
19268
19956
19380
18980
18788
18660
18596
17972
18356
17764
17156
16820
16740
16388
16307
15507
15667
15843
15619
15731
15683
15539
16003
16692
16628
16275
16820
17364
17460
18020
18276
18340
18980
19124
19492
19796
20404
20468
20901
21093
21461
21685
21701
22549
22021
22357
22197
22485
22325
22421
22053
22005
21973
21077
20965
20324
19732
19412
18676
18516
18148
17860
17924
17892
17876
18356
19060
19284
20196
20340
21109
20725
21221
20837
20372
20212
19524
19236
17972
18404
17652
18548
18004
19060
18980
19796
20164
20260
20677
20933
20709
20821
20276
20068
19732
19204
18836
18388
17812
17988
17892
18244
18660
18772
19748
20004
20452
20933
20485
20388
19956
19796
19380
18420
18468
17876
17956
17604
18196
18836
18900
19684
20789
20100
20613
21141
20933
20837
20725
20436
20388
19924
19524
18804
18644
17924
17796
17172
17028
16740
16948
16596
17220
17188
17876
17908
18676
19204
19652
19700
20436
20565
20917
20853
20805
20452
20292
19732
19220
18628
18340
17716
18020
17972
18324
18900
19380
19716
20164
20388
20196
19956
19156
18916
17956
18356
18436
19540
19396
19892
20244
19828
19668
18708
18628
18388
18740
19156
19780
20132
20084
19956
19284
19028
18180
18564
18836
19764
19780
20404
19988
19796
19556
18580
18612
18852
19348
19652
20116
20116
20052
19236
19396
18356
18516
18740
18996
19668
20068
20212
20100
19924
19588
19092
18676
18100
18276
18756
19108
19460
20132
20308
20725
20148
20356
19716
19204
18612
18468
17940
18388
18788
19060
19652
20372
20565
20709
20324
20068
19604
19572
18740
18516
18100
17828
18196
18164
19140
19348
20228
20629
20837
20789
20805
20356
19972
19668
19204
18468
18020
17908
18052
17828
18356
18692
19220
19652
19780
20629
20773
21125
21093
21013
20436
20388
19924
19316
18948
18932
17956
18020
17492
17460
17204
17476
17604
17428
17876
17588
18036
18772
18452
18596
19060
19012
19540
19460
19844
19956
20164
20597
20485
20885
20821
21157
21013
21333
21621
21685
21637
21877
21957
21589
22181
22581
22341
22741
22597
22885
22741
22949
22837
23173
23029
23045
23349
23285
23157
23509
23653
23445
23621
23605
23845
23781
23957
23989
23845
24277
24117
23909
24117
24101
24213
23973
24790
24565
24614
24325
24710
24646
24565
24517
24694
24902
24790
24565
24694
24806
25030
24694
24742
25062
24902
25446
24902
24662
25014
24854
24966
24902
24790
25078
24870
25062
25174
24838
25030
24854
25190
24998
25686
25046
25030
25126
25190
25078
25286
25174
25302
25174
24806
24838
24133
23733
23333
22581
22005
21221
21253
20773
21205
21189
21813
22149
22613
22341
22309
21749
20501
19892
19940
20789
20997
21573
21717
22021
21285
21429
20420
20100
19380
19892
20308
20805
21045
21493
21541
21493
20837
20485
19668
19476
19332
19700
20741
20805
21349
20549
21621
20709
20228
19588
19108
19300
19396
20148
20228
20933
21477
21301
20821
20260
19940
19156
18900
18564
19172
18884
19012
20068
20821
20997
21413
21285
21829
21045
20933
20260
20388
19332
19028
18772
18068
18004
17668
17732
17764
17828
17828
18228
18852
18964
19652
19764
20356
20501
21141
21237
21797
21877
22277
21973
22533
22389
22613
22437
22645
22421
22645
22357
22149
22261
21957
22053
21637
21749
22197
21333
21189
21109
21125
20677
20388
20549
20132
19716
19908
19460
19540
19060
19172
18596
19204
18196
18276
18308
17844
17876
17652
17380
17636
17572
17188
16836
16580
16596
16452
16676
16115
16179
16580
15683
15411
15523
15091
15123
14691
14835
14211
14419
13939
14131
13763
13875
13507
13731
14611
13795
14739
14435
14435
15299
15571
16548
16852
17700
18036
18692
19044
19620
19556
20004
19908
19556
19796
19252
18996
18532
18180
17636
17444
16900
16227
16452
16628
17188
17188
17876
18116
19140
19060
19716
19812
20501
20581
20613
20949
20533
20196
20148
19380
19524
18820
18324
18036
17268
17412
16884
17076
16628
16772
16436
16948
17348
17348
17732
18180
18420
19332
19636
19828
20805
20517
21093
21157
21125
21397
21189
21045
21045
20789
20789
20148
20004
19476
19140
18452
18276
17700
17620
17156
16980
16996
17716
17428
18004
18612
18756
19508
19732
20324
20452
20949
20629
20757
20116
20116
19236
18964
18468
18100
17652
17940
18404
18516
19140
19396
20244
20292
20741
20436
19908
19828
18772
18804
18372
17780
17972
17956
18532
18644
19140
19572
20420
20485
20773
20997
20645
20212
19764
19876
18788
18676
18020
18052
17748
17908
18420
18564
19396
20164
20549
20805
20308
20693
20132
19268
19252
18532
18436
17652
17972
17940
18356
18516
19428
19636
20372
20741
20597
20517
20100
19764
19076
18724
18372
17988
17748
18196
18324
18628
18868
19684
19924
20436
20356
20629
20789
20372
20324
19780
19300
19044
18260
17940
17444
17524
17044
17092
16788
17252
16884
16820
17156
17076
17124
17716
17604
17828
17940
18228
18244
18596
18564
18996
18884
19092
19348
19268
19540
19380
19812
19540
20116
19988
20228
20148
20581
20004
21029
20084
20485
20709
20677
21157
20933
21253
21141
21509
21637
21365
21733
22149
21973
21845
21797
21973
22389
22565
22117
22469
22453
22485
22853
22837
22645
22821
22965
23269
23141
23333
23381
23061
23317
22549
23333
23349
23317
23653
23317
23797
23253
23829
23781
23621
23861
23701
24357
23653
23909
23557
24101
24005
23813
24101
23941
23605
23957
24101
24005
24181
24149
24037
23957
24309
24021
24197
24293
24101
24405
24229
24485
24149
24533
24309
23269
23845
23925
23445
22421
21557
21365
20436
20212
19492
19092
19124
18740
18884
18372
18724
18692
19140
18996
19476
19764
20132
20340
20613
21093
21221
21829
21589
21941
22437
22469
22581
22389
22421
22677
22437
22277
22261
22021
21509
21557
21445
21221
21045
20677
20308
20228
19732
19604
19092
19044
18404
18340
18036
17476
17380
16852
16836
16195
16644
15907
15715
15715
15123
15859
15235
15043
15091
15427
15251
16179
15443
16051
16019
17268
16548
17124
17300
17332
17892
18148
18804
18964
19668
20068
19956
20340
20949
20981
21253
21557
21813
21765
21573
22341
21525
21589
21221
21237
20917
20324
20180
19652
19428
19028
18516
18260
17748
17348
17252
17220
17700
18116
18564
19556
19764
20292
20196
20020
19652
19252
18564
18948
18148
18612
19060
19316
20020
20485
19924
19716
19060
18740
18132
18260
18324
18724
19316
19620
20276
20404
20004
20116
19204
19652
18980
18148
18356
18468
18836
19572
19812
20164
20260
19924
19844
19076
18548
18436
18212
18084
18900
19092
19908
19972
20549
20436
20052
20052
18916
18980
18244
18228
17684
17748
18068
18788
19044
19684
20004
20180
20581
20340
20212
20244
19716
19172
18724
18004
18052
17748
18404
18580
19284
19748
20436
20244
20773
20452
20356
19780
19444
18660
18356
17860
18292
18516
19364
19572
20533
20196
20132
20036
19524
19236
18676
18324
18324
18196
18740
19140
19940
20180
20805
20773
20853
20709
20468
19812
19332
18788
18356
18148
17316
17348
17508
16660
16339
16596
15731
15763
15251
15459
15139
15123
14259
14547
14083
14403
14099
13715
14035
13507
13747
13459
12995
13203
12931
13235
13043
12835
12499
12691
12803
12339
12403
12611
12242
12323
11986
12258
11858
11842
11714
11954
12323
11794
11442
11586
11442
11586
11810
11330
12339
11362
11218
11570
11282
10914
10962
11250
10962
11394
11282
11074
11314
11026
11298
11106
11202
11522
11346
11890
12387
12931
14051
14467
15091
16868
16195
16676
16355
16339
15619
15683
15139
14499
14803
14643
15203
15795
16516
17204
17540
17812
18452
18580
18884
18500
18484
18340
17316
16468
16900
16548
16884
17044
17444
18372
18676
18660
19188
19140
18708
19012
18068
17428
17156
16516
16756
17380
17380
18068
18356
19124
19284
19876
19060
19732
19188
18996
18404
18020
17796
16980
17108
16916
17332
18388
18196
18964
19236
19908
19988
20565
20645
20388
20308
19716
19588
18868
18740
17812
17460
17348
16900
17188
17236
17364
17956
17988
18724
18932
19284
20004
20485
20452
20613
20885
20917
21013
20340
20517
19972
19908
19348
19060
18500
18388
17812
17636
17076
17028
16339
16468
15939
15923
15603
15683
15955
15699
15843
15571
15923
15699
15955
16323
16852
17012
17620
17908
18420
18788
19092
19700
19780
20308
20661
20853
20420
20260
19524
19348
18052
18036
17924
17332
17396
17492
17956
17892
19188
19316
19828
20789
20324
20485
20020
19940
19284
18868
18180
18708
18372
18356
19092
19540
20180
20260
20501
20068
19652
19316
18660
18468
17492
17940
17684
17668
18292
18452
19252
19556
20212
20132
20436
20965
20533
20805
20485
20308
19716
19188
18948
18308
17988
17444
16788
16980
17236
16948
17236
17796
17828
18468
19060
19220
19860
20436
20645
20661
21061
20869
20981
21237
20196
20164
19684
19476
18932
18756
18180
17908
17556
17236
17316
17204
17940
18180
19412
18932
19636
19924
20452
20533
20645
20789
21061
20549
19588
20116
19508
19204
18292
18484
17892
17268
18068
16980
16948
17140
17108
17396
17876
17892
18676
18564
19252
19572
19636
20132
20260
20517
20869
21013
21397
21701
22085
22709
22117
22389
22517
22853
22885
22741
22997
22901
22949
23093
23157
23013
23365
23253
23525
23317
23461
23557
23349
23445
23189
23269
23077
22789
23125
22773
22709
22597
21989
22341
21829
21749
21253
20629
20485
19764
19572
18884
18660
18324
17780
17796
17492
17956
17732
17812
17780
17956
18484
19316
19028
19172
19812
19444
20260
20228
20725
20901
21365
21205
21349
21653
21701
22245
22405
22437
22421
23365
22533
22901
22869
22693
23061
23141
24053
23557
23909
23493
23429
23621
23557
23829
23781
23845
23909
23909
23829
24101
23893
24149
24117
24053
24197
23429
24405
24149
24517
24245
24277
24245
24517
24517
24309
24037
24469
24485
24758
24742
24918
24870
24854
25078
24982
24950
24870
24918
25318
24998
25286
25078
25254
25302
25270
25174
25126
25302
25142
25030
24485
24646
24085
23845
23493
22997
22533
21781
21525
20180
20565
19620
19492
19044
19044
18244
17780
17908
18292
17380
16884
16852
16083
16468
15939
16083
15539
15747
15363
15203
15299
15235
14643
14899
14403
14611
14291
14451
14243
14515
14259
14451
14627
14675
14499
14851
14867
15123
15475
15507
15507
15859
16115
16532
16564
17284
18196
17620
18228
18692
18708
19428
19396
20196
20212
20789
21189
20981
21477
21509
21877
21829
22213
22437
22709
22533
22789
22933
23269
23093
23541
23397
23317
23621
23509
23413
23509
23541
23925
23781
24133
23941
24181
23877
23845
24277
23925
24197
23669
24758
23461
23813
23829
23861
23237
22741
21957
22309
20837
20741
20292
19924
19636
19428
19796
20084
20869
21189
21365
21941
22261
22101
21909
21253
21829
20436
19988
19460
19156
18500
18084
18068
18036
18228
17892
18036
18356
18740
18884
19364
19444
19860
20052
20933
20581
21189
21269
21861
21765
22197
22437
22325
22709
22709
23141
23461
23093
23157
23477
23317
23845
23829
24293
23845
24293
24069
23973
24389
24037
24437
24517
24309
24533
24341
24261
24293
24533
24630
24950
24886
24646
24886
24886
24742
24934
24710
24934
24774
24998
24838
25014
25078
24870
24806
24822
25398
24966
25046
24790
24966
24662
24870
24870
24533
24565
25462
24726
24565
25046
23989
24181
24309
23925
24053
23669
23621
23173
22469
22405
21765
21477
21029
20485
20757
19668
19316
19252
19076
18452
18404
18004
17924
17540
16964
16868
16484
16147
16019
16019
15843
15619
15283
15187
15299
14291
14403
14819
14659
13811
14451
14067
13731
13971
13635
13811
13107
13539
13139
13235
13507
13651
12803
12947
13059
12771
12835
12467
12675
12242
12387
13395
12274
12114
12451
12931
12659
12339
12274
11874
12114
12194
11970
12258
12867
12050
12066
12050
12194
12675
12771
14179
13971
14915
15299
16163
16243
16804
17748
18100
18324
19316
19076
20036
19732
20212
20148
20597
20997
21461
20997
21317
21269
21605
21877
21653
21685
22005
21813
22261
22069
22069
22229
22229
22421
22133
22437
22277
22149
22357
22245
22469
22213
22101
22309
22021
22117
21893
22261
21877
21957
22037
21365
21429
20773
21029
20533
20036
19556
18932
18340
18052
18020
17572
17892
18212
18868
19252
19620
20132
20420
20821
20468
20452
20565
19428
18804
18020
18164
18084
18932
19092
19940
20356
20629
20965
21093
19636
19364
18660
18564
18196
18148
18356
18676
19332
19684
20340
20741
20805
21029
20581
20436
19908
19572
19140
18260
18292
17732
17748
17908
18292
18452
19172
19300
20020
19668
20741
20965
20949
20693
20741
20468
18916
19556
18644
18404
17844
17924
17860
18180
18308
19252
19156
19940
20084
21029
20805
21141
20805
20597
20004
19684
19172
19364
18308
18148
17620
17524
17012
17268
16980
17236
17188
17652
17572
18164
18644
18868
18900
19492
19508
20260
20308
20965
20933
21365
21429
21589
22053
22069
22229
22037
22517
22613
23413
23061
23077
23189
23237
23221
23589
23621
23669
23525
23717
23797
23893
24037
23813
24277
24053
24101
24149
24005
24213
24133
24117
24309
24389
24533
24309
24533
24373
24437
24453
24373
24662
24309
24357
24614
24742
24646
24630
24662
24710
24726
24822
24662
24469
24742
24437
24662
24485
24037
24662
24501
24501
24533
24277
24662
24373
24662
24373
24565
24357
24485
24437
23973
24357
24213
24485
24245
24437
24181
24373
24117
24117
24245
24117
23925
24005
24085
23845
24085
23909
23893
23877
24117
23813
23941
23653
23893
23765
23525
23381
23717
23397
23605
23301
23925
23125
23509
23157
23109
23237
22869
23045
22757
23045
22757
22949
22581
22469
22325
22389
22549
22133
22357
22069
22133
21893
21541
21621
21861
21413
21205
21461
21173
21077
21045
20981
20581
20565
20501
20372
19988
19876
19764
19668
19412
19124
19268
19252
19252
19156
19188
18964
18244
18676
18340
18420
18084
18164
17748
17572
17796
17428
17604
17556
17396
17524
17444
16852
17108
16996
16436
16868
17252
16596
16436
17092
16227
16307
16612
16099
16644
16243
16035
16243
15939
16211
15827
15891
16019
15539
15747
15315
15731
14995
15219
15027
15315
15251
15283
15651
14931
14611
14579
14259
14835
14419
14019
13635
13667
14131
13795
14259
14579
14947
15731
16115
16964
16964
17940
18660
18836
19108
19652
19636
20084
19956
20180
20276
20404
20388
20132
20196
19956
20084
20148
19860
20228
19828
20132
19876
19972
19636
19316
20164
19412
19044
18884
19268
18948
19140
19108
18868
18420
18212
18500
18212
17988
18068
17668
17876
17332
17012
17348
16868
16484
16548
16868
16500
15555
15379
15107
14835
14547
14723
13635
14435
14131
14323
14035
14547
14243
14627
15587
14899
14803
15475
15203
15811
15891
15795
16275
16323
16452
16916
16564
17268
17140
17508
17412
17396
17444
17908
18052
17860
18164
18404
18260
18100
18836
18468
19284
18788
19028
18916
18996
18932
19220
19300
19492
19252
19620
19252
19732
19460
19812
19812
19492
19844
19780
19972
19460
19844
20020
20340
19876
20452
20084
20645
20805
20725
20789
20853
20885
21333
21333
21429
21909
21909
22213
21813
21493
21493
20645
20244
19860
19556
18820
18692
18020
17924
17780
17348
16900
16596
16099
16644
16404
16436
15939
16099
16211
16131
16788
16163
15843
16163
15875
16083
15859
16259
15955
16323
16420
16596
16227
16548
16227
16388
16788
16468
16788
16227
16916
16436
16820
16628
16996
16660
17044
16868
17220
17380
17156
17956
17668
17716
17668
18260
18132
19204
19060
19460
19684
20020
19748
19716
19268
18388
18116
17572
17684
17908
18164
18468
19140
19348
20004
19812
19844
19444
18868
18740
18100
17476
17460
17140
17444
17780
18148
18484
19172
19524
20132
20068
20164
20404
20244
20388
19668
19524
18884
18580
17940
17716
17124
17028
16548
16756
17028
16275
15971
15923
16083
15651
16099
15971
15843
15939
15827
16099
15587
15987
15891
16035
16371
15939
16051
16307
16484
16131
16259
16564
16676
16532
16740
16948
16948
16996
16724
17060
16916
16980
17076
17732
17604
17156
17332
17828
17572
17780
17764
18004
17796
18164
17956
18372
18548
18596
18196
18484
18324
18868
18532
18788
18500
18676
18852
18868
18372
18788
19220
19044
18836
19188
18868
19620
18916
19236
19108
19380
19252
19028
19764
18980
19316
19172
19012
19284
19332
19284
19188
19284
19124
19348
19252
19572
19556
20180
20420
21445
20549
21109
20645
20549
20068
19908
19316
18884
18548
17940
17636
17156
17844
16548
16740
16500
16852
16788
17300
17396
17092
17860
17908
18132
18628
18996
19044
19572
19684
19684
20549
20420
20901
21061
20917
21285
21205
21429
21829
21877
22213
22197
22405
22629
22757
22693
22981
22949
23125
23109
23349
23189
23205
23637
23525
23813
23637
23861
23941
24213
23765
24325
24277
24165
24021
24117
24886
24373
24165
24085
24421
24485
24501
24373
24790
24517
24309
24678
24485
24726
24694
24726
24886
25046
25014
24838
24549
24437
24918
24630
24934
24726
24774
25078
24726
24742
25062
24790
24630
24918
24678
24742
24758
25030
25174
24902
24902
24742
25014
24998
24806
24742
25190
25110
25030
25190
24886
24790
24822
24934
24790
25206
24934
24966
25158
24950
25158
25190
25126
25526
25734
25190
25094
25030
25302
24918
25078
24934
24902
25110
25126
25334
25110
25350
25334
25110
25446
25206
24982
26022
25366
25238
25206
25334
25254
25270
25318
25430
25142
25238
25270
25062
25126
25030
25366
25110
25254
25110
24998
25030
25286
25062
24886
25622
25078
25190
25030
25174
25254
24950
24806
24918
25142
24854
25222
24918
24662
25078
24918
24998
24982
24950
25158
24501
24998
24758
24774
24822
24533
24902
24373
24517
24886
24758
24662
24165
24662
24790
24565
24774
24726
25014
24758
24678
24902
24886
24838
24854
24646
25014
24838
24758
25014
24822
25062
24854
25318
24934
24758
25110
24662
25094
24469
25174
24950
25254
24950
25046
25078
24726
24934
24822
25062
25366
24790
24902
24774
25094
24854
25174
24758
24854
25062
24870
24694
25030
24533
24966
24806
24662
24902
24678
24790
24694
24774
24485
24790
24565
24742
24726
24870
24694
24614
24774
24678
24726
24405
24485
25110
24405
24341
24694
24630
24277
24565
24373
24630
24517
24373
24437
24886
24630
23829
25110
24517
24485
24549
24229
25286
24389
24405
24485
24517
24549
24501
24870
24758
24870
24742
24517
24565
24421
24710
24565
24565
24501
24790
24630
24421
24485
24421
24630
24533
24325
24117
24357
24437
24341
24101
24453
24197
24165
24469
23909
24037
24085
24277
24101
24309
24101
24005
24309
24181
24069
24261
24037
24469
24021
24101
23989
24197
23957
23909
24165
24021
24117
24069
23893
24678
24069
23957
24149
24277
24277
23845
24341
24165
23845
24293
24485
24309
24165
24293
24277
24614
24373
24533
24341
24565
24373
24485
24549
24453
24133
24277
24293
24437
24646
24421
24437
24758
24517
24453
24421
24678
24630
24485
24341
24357
24341
24533
24517
24630
24565
24357
24501
24197
24533
24437
24357
24533
24533
24549
24325
24549
24245
24806
24549
24181
24373
24469
24293
24229
23973
24277
24357
24181
24357
24261
24069
24245
23973
24245
24181
24341
24133
24053
24101
24085
24293
24069
24005
24245
23941
24149
24053
23877
23829
24181
24085
24165
24005
23845
24053
23845
24101
23717
23765
24341
23877
23861
23749
23877
24053
23669
24165
23973
24742
24261
23989
24117
24149
23925
24117
24037
24293
24149
23941
23893
24053
23909
24165
24357
23893
24101
24085
24197
23925
24197
24245
24197
23781
23909
23925
24165
24021
24165
24117
23909
23941
24133
23925
24197
24165
24181
23925
24181
24037
23845
24069
23797
24149
23829
23493
23717
24101
24181
23429
23973
23765
23957
24053
23765
23733
23925
23237
23797
23973
23893
23365
23685
23541
23701
23989
23861
23573
23845
23605
23765
23461
24149
23605
23429
23589
23509
23045
23413
23557
23573
23445
23541
24165
23189
23397
23221
23077
23749
23157
23157
23061
23397
23045
23317
22949
22821
23061
22805
23061
22741
23141
22885
22981
22869
23045
22949
23013
22597
22997
22805
22581
22869
22693
22741
22325
22549
23045
23077
22629
22853
22613
22837
22549
22933
22693
22501
22677
22757
22949
22517
22821
22629
22501
22693
22517
22677
22181
22725
22565
22645
22709
22405
22565
22565
22261
22309
22245
22693
22261
22245
22485
22197
22581
22309
22149
22309
22853
21973
21957
22117
22325
22117
22037
21701
22341
21797
22021
21797
22037
21861
21685
21861
21541
21845
21669
21477
21653
21525
22101
21445
21445
21813
21669
21477
21477
21445
21509
21429
21765
21397
21653
21173
21045
21605
21221
21509
21365
21157
21381
21621
21525
21253
21509
21189
21525
21285
21285
21429
21157
21317
21173
21333
21525
21285
21077
21349
21109
21365
20997
21253
21413
20885
21317
20933
21477
20933
21109
20837
20997
20789
20981
20324
20965
20597
20821
20404
20581
20244
20837
20180
20276
20164
20340
19860
19876
19940
19876
19892
19796
19780
19476
19700
19428
19332
19380
19476
19188
19396
19172
19204
19092
18980
19684
19140
18724
18772
18692
18516
18708
18276
18340
18452
18676
18052
18708
18324
18596
18292
19380
18420
18692
18356
18164
18180
18212
18420
18100
18452
18036
18292
17988
18260
17956
18068
17764
18836
17796
17924
17588
17828
17892
17796
17556
18260
17620
17396
17828
17268
17364
17092
17300
17428
17172
16756
17220
16804
16980
16788
16932
16612
16500
16820
16596
17204
16404
16291
16195
16035
15699
16243
15987
15635
15843
15731
15779
15459
14995
15091
15619
14947
15043
14787
15011
14547
14819
14963
14659
14595
14643
14723
14355
14035
14243
14467
13651
14147
14003
14227
13747
13603
13907
14099
13683
13923
13715
13779
13539
13571
13427
13251
13427
13731
13043
12483
13491
13171
13411
12867
12963
12883
13027
12755
12915
12947
12627
12931
12755
12819
12723
12723
12563
12146
12707
12403
12242
12355
12066
12226
12130
11954
11714
11186
12002
11330
11858
11490
11682
11410
11634
11714
11346
12066
11330
11458
11682
11410
11026
11074
10834
11122
11138
10962
11234
10786
10994
10658
10914
10482
11218
10258
10642
10898
10642
10882
10450
10722
10562
10642
10450
10498
10802
10578
10242
11282
10674
10626
10594
9826
10514
10130
10338
10578
10354
10546
10194
10002
10338
10418
10002
10498
10050
9890
10546
10098
10290
9938
10178
10002
10162
10018
10322
10210
11250
11938
12515
13219
13907
14931
15107
15763
16355
16243
16772
16900
16964
17572
17380
17828
17860
18036
17908
18116
18228
17972
17892
18420
18116
18612
18596
18900
18660
18724
17972
18724
18500
18628
18580
18420
18740
18436
19060
18708
18676
18740
18612
18340
18740
18452
18260
18388
18260
18404
18676
18308
18564
18116
18116
18244
18308
18596
17748
17892
17716
17748
17428
17620
17396
17044
16884
16067
16115
15907
15619
15635
15315
15315
15635
15635
16051
16612
16516
17044
17060
17252
17428
17732
17636
17588
17988
17908
18260
18340
18516
18820
18804
18420
18708
18500
18820
18740
19188
19012
18964
19300
19476
19412
19540
19268
19556
19444
19476
19348
19732
19444
19172
19716
19364
19508
19828
19556
20020
19796
19892
20020
20052
19700
19908
20004
19700
20036
19956
20196
19956
19604
20276
20244
20565
20629
20212
20388
20260
20917
20629
20324
20501
20452
20260
20452
20276
20725
20677
20837
20741
20597
20853
20565
20821
20629
20581
20869
21173
20997
20837
21157
20965
21221
21461
21541
21109
21317
21093
21381
21205
21509
21173
21493
21173
21365
21413
21669
21301
21429
22101
21269
21589
21269
21573
21701
21237
21557
21285
21445
21365
22053
21333
21621
21429
21461
21749
21365
21237
21525
21157
21221
20981
21125
21333
21237
21861
20677
21301
21285
21381
21205
21269
21093
20997
21189
20965
21205
21077
21429
21077
21061
21269
21125
21029
21221
21605
21669
21525
21813
21845
22085
21877
21237
22133
21781
21237
21205
21029
20196
20340
19924
19428
19508
18948
19108
18836
18596
18276
18228
17604
17348
17364
17412
16964
16884
17796
16692
16644
16500
16484
16500
15875
16115
15891
15827
15459
15779
15539
15347
15827
15139
15171
15987
14931
14835
14643
15027
14499
15587
14579
14771
14435
14691
13811
14419
14627
14147
14531
14147
14371
14115
14419
14275
13987
13971
14227
13795
14163
14739
14067
13715
13923
14067
13619
14099
13987
13891
13587
13811
13267
13667
13811
13427
13523
13555
13331
13347
13459
13731
13331
13539
13123
13427
13107
13331
13091
13603
12787
13059
13059
13075
12947
12867
12931
12627
12883
12515
12627
12547
12627
12787
12419
12355
12258
12435
12531
12098
12371
12210
12258
12387
12098
12274
12002
12210
12274
11970
12242
12114
11762
11730
12130
11682
12050
12098
11714
12018
11634
11970
11714
11458
12050
11922
11730
11826
12098
12194
11986
11602
11954
11874
11650
11970
11890
12050
11634
11842
11970
11698
12002
12355
11794
11490
11682
11650
12082
12851
13411
14195
14499
15443
15667
16404
16420
16468
16900
16756
16628
16468
15379
16067
15411
15587
15427
15091
15011
14755
14387
14243
14275
14163
14515
14099
13651
13859
13555
13475
12931
13187
12867
13091
13059
12803
12707
12691
12531
12178
12579
12050
12739
12130
12082
12242
11794
11970
11378
11346
11666
11266
11426
11458
11618
11442
11442
10978
11026
11202
10978
11170
10690
11026
11922
10978
10754
10658
11234
10930
11090
10754
11106
10866
11186
11666
11874
12210
13171
13507
14515
14739
15091
16131
16564
17204
17188
17652
17812
18484
18356
18356
19124
18628
18964
18740
18500
18964
19220
18980
19364
19060
19380
19284
19460
19172
19364
18964
19636
19044
18596
18788
18804
19028
18868
19252
18740
18660
18660
18644
18276
18932
18180
17588
17956
17700
17780
18132
17844
18356
18196
18244
17924
18148
17956
17524
17732
17476
17700
17556
17732
17988
17364
17908
17092
17476
17924
17780
17812
18004
17844
17828
18052
17780
17716
17524
17812
17748
17764
17556
17956
18116
17844
18292
18468
18292
18628
17972
18212
17956
17812
18452
17748
18004
18036
18084
17796
17828
18004
18260
17988
18260
18004
17972
18052
17652
17924
17604
17716
17348
17716
17236
17508
17380
17476
17156
17412
17076
16948
17188
17348
17092
16724
17828
16708
16195
16580
16820
16644
16692
16195
16612
16275
15955
16676
16628
16323
16580
16532
16371
16612
16468
16596
16243
16612
15811
16548
16259
16452
16195
16708
16195
16628
16660
16323
16644
16916
16820
16388
16836
16452
16516
16852
16580
16307
16548
16404
16468
16371
16980
16355
16580
16371
16628
16355
16772
16179
16371
15859
16099
16243
15299
15667
15539
16083
16163
16644
17188
17988
18068
18276
18820
18916
19332
19348
19140
18964
19316
19076
19012
19028
18660
18852
18804
18404
18612
18116
18340
18100
18356
17956
18036
17620
18036
17316
17188
16804
17124
16644
16836
16644
16852
16452
16676
16211
16339
16163
16019
15683
15923
15491
15219
15107
15667
15299
15299
14995
14899
14851
14435
14627
13939
14163
13859
14403
14243
14979
15475
16163
16676
17492
18164
18452
18484
19188
19092
19156
19444
19588
19300
19380
19012
18628
18180
17780
17268
17028
16500
16452
15731
15827
15443
15267
15011
15283
14995
15171
14963
15139
14739
14963
15075
14931
15075
14595
15011
14675
15059
15507
14867
15827
14963
15315
15219
15379
15251
14963
15075
15555
15395
15587
15923
15763
16035
16035
15875
15939
15587
15891
15843
15891
16179
16307
15987
16211
16211
16420
16259
16179
16067
16628
16868
16404
17380
16532
17556
16660
16724
16996
17140
17092
16628
17012
16996
17156
17620
18164
17652
17092
17764
17668
17748
17828
17540
17972
17748
18244
17988
18212
18340
18740
18916
19204
19540
20517
20020
20036
20613
20533
20789
20965
20420
20549
20517
20132
19924
19812
19412
19604
19396
19428
19188
18676
18964
17892
18708
18036
18372
18612
18340
18196
17764
17956
17652
17636
17380
17652
17012
17140
16804
17140
16900
16964
16916
16420
16307
16644
16580
16035
16163
15987
15971
16051
15731
15539
15667
15427
15427
15763
15139
15395
15075
15219
15059
14931
15027
15043
14595
14835
14579
14787
14291
14451
14339
13971
13811
13939
13923
14019
14067
15011
14883
15555
15987
16900
17060
17892
18196
18932
18820
19540
20372
19860
19828
20372
19764
20292
19796
20052
19780
19572
19636
19540
20452
19412
19556
19252
19268
18836
18996
18484
18660
18452
18404
17844
18612
17748
17636
17780
18116
17316
17140
16980
17092
16820
17044
16804
16836
16468
16916
16291
16740
16404
16323
16115
16468
16131
16243
16019
15811
16131
16323
15971
16227
16243
16035
16003
16035
16067
16003
15939
15571
16195
16035
15763
15715
16323
15379
15651
15651
15123
15603
16067
15875
16035
15779
15763
15475
15843
15635
15555
15475
14947
15219
15123
15987
14819
15347
15331
15091
15059
14819
15059
14803
14579
14611
14163
14323
13715
13971
14035
13811
13603
13683
13235
13843
13683
13251
13507
13123
13155
13443
12787
12819
12563
12579
12435
12931
12146
12114
12467
12034
12579
12515
12339
12098
12050
11474
11922
12066
11570
11810
11762
11554
11794
11506
11730
11314
11634
11042
11458
12034
11618
11714
11538
11378
11202
11154
11490
11026
11746
11026
11330
10882
11010
11218
10898
11250
11330
12483
13315
14211
14867
15651
15443
15939
15875
15459
15091
14867
14275
14419
14291
14611
15651
15939
16980
16644
17844
16740
16500
16099
15539
15347
14835
14899
14515
14419
14387
14563
14515
14947
15251
15603
15475
16051
16035
16371
16371
16916
16948
16804
17524
17668
17572
18084
18084
18116
18660
18868
18772
19172
19028
19524
19412
19604
19540
20404
19940
20164
20324
20116
20436
20036
20597
20436
20789
20661
21013
20773
21157
20933
21381
21013
21429
21701
21509
21493
21493
21957
21861
21733
22245
22069
22245
22085
22325
22405
22197
22309
22037
22405
22085
22485
22501
22837
22581
22933
22629
22629
22981
22741
22869
22949
23109
23077
22885
23285
22869
23093
23253
23061
23845
23413
23461
23461
23365
23525
23525
23749
23477
23797
23781
23541
23253
23621
23365
23637
23477
23285
23637
23669
23509
23765
23349
24133
23573
23525
23925
23509
23333
23413
23221
23381
23589
23589
23605
23877
23765
23605
23957
23845
23861
23573
23781
23765
23701
23477
23717
23685
23813
23781
23701
23893
24117
23813
24117
23701
24133
24053
24117
24101
23957
23797
23909
24165
23845
23893
24005
23973
24501
24197
24501
24437
24245
24453
24485
24245
24517
24389
24341
24501
24405
24662
24181
24373
24694
24517
24774
24726
24373
24678
24742
24886
24694
24918
24822
24517
25014
24806
24614
24870
24742
25014
24101
24774
24934
25078
25046
24309
24662
24790
24662
24838
24870
24646
24614
24630
24886
24934
24902
24726
24854
24886
24774
24934
24758
24646
25030
24726
24630
24774
24854
24854
24662
25014
24838
24037
24838
24742
24966
25158
24662
24678
24822
24662
24902
24694
24950
24517
24742
24918
24742
24854
24806
25030
24726
24918
24678
25046
24886
24790
24758
24966
24726
24950
24838
24774
24982
24902
24678
25014
24854
25030
25014
24758
24646
24822
24854
24950
24758
24838
24854
25014
24870
24950
24886
24517
24549
24950
24710
24854
24678
24886
24694
25030
24758
24918
24886
24678
24517
24758
24533
24822
24726
24934
24549
24678
24758
24774
24646
24982
24854
25494
24357
24726
25014
24726
24950
24902
24630
24934
24774
24998
24790
25126
24934
24806
25094
24790
24822
25142
24870
25110
24758
24694
25110
24886
25254
25078
25510
24774
25110
24950
25046
24870
24742
25382
24934
25046
24998
24886
24517
25014
24934
25030
24774
24918
24870
24742
24662
24549
24870
25094
25462
25046
24742
24934
24758
24950
24726
24822
24854
24790
24998
24726
24934
24565
24854
24790
25062
24806
24614
24405
24902
24421
24726
24822
24694
24646
24902
24678
24485
24774
24469
25110
24485
24549
24934
24758
24453
24085
24437
24822
24710
24918
24982
24870
24870
24822
24485
24806
24373
24822
24565
24918
24630
24389
24614
24822
24694
24565
24453
24309
24533
24662
24726
24726
24565
24614
24870
24694
24854
24053
24854
24998
24405
24565
24726
24277
24758
24758
24822
24565
24437
24549
24421
24261
24549
24037
24758
24341
24405
24325
24726
24437
24630
24501
23925
24437
24325
24261
24069
24277
24053
24373
24181
24357
24021
24261
24245
24293
24133
24277
24005
24069
24117
23909
24005
23893
23733
23845
23669
23989
23637
23893
23909
23765
23877
23701
23461
23525
23365
23605
23621
23621
23477
23237
23509
23205
23413
23157
22917
23221
23045
23205
23045
22789
22933
22773
23013
22741
22789
22693
22517
22709
22501
23093
22469
22165
22053
22581
21781
22181
21877
22101
21701
22085
21445
21685
21493
21525
21093
21317
21237
20933
20965
20821
20997
20853
20629
20501
20308
20180
20244
20276
20276
19924
20020
19668
19892
19428
19668
19268
19412
19204
19252
18948
19108
18788
19092
18564
18372
18708
18420
18196
18164
18036
18212
17796
18004
17828
17700
17492
17428
18388
17220
17124
17428
17060
17108
16740
16804
16644
16388
16532
16452
16147
16115
15923
16163
15875
16067
15619
15779
15475
15555
15107
15443
15347
14579
14947
15219
14803
15187
14707
14579
14035
14371
14259
14051
13891
13731
13875
13651
13731
13379
13283
13331
12819
13331
12915
13011
13187
12419
12883
12579
12883
12274
12595
12483
12291
12114
12419
11970
12162
11762
11938
11922
11042
11474
11634
11826
11522
11090
11346
11762
11058
11714
10898
11314
10994
11362
10706
11154
11490
10546
11106
10722
11026
10658
11778
10690
11010
10562
10802
10578
10754
10978
10642
10914
10402
11186
10178
10674
10386
10642
10242
10690
10306
10562
10738
10722
10514
10386
10210
10594
10274
10770
10802
10514
10162
10530
10146
10258
10450
10354
10162
10386
10594
10194
10530
10290
10226
10130
10434
10258
10594
10514
11026
10354
10530
10210
10546
10290
10626
10338
10402
10642
10402
10530
10354
10466
10754
10498
10994
10546
10610
10738
10610
10290
10722
10466
10370
11074
10530
10866
10338
10802
10962
10610
10514
10802
11058
10514
10914
11218
10978
11138
11250
11266
10626
11314
10946
11042
10898
10994
11890
11250
11986
11394
11618
11202
11602
11234
11554
11410
11634
11650
11538
11794
11346
11650
11314
11778
11762
11970
11938
12114
11730
11922
12194
11394
12451
12178
12723
12419
12162
12803
12483
12899
12835
13123
12755
12995
13267
13203
13539
13395
13603
13635
14051
13795
13907
14083
14355
14147
14515
14899
14531
14771
14675
14915
14755
15107
15315
15235
15539
15603
15843
15667
16051
15027
15971
15683
15875
15891
16291
15891
16500
16003
16211
16003
16371
16596
16628
16243
16740
16323
16740
16404
16724
16740
16852
16484
16772
16628
16804
16852
16756
17204
16452
17716
17220
16900
17012
16964
17380
17060
17364
17092
17268
17172
17140
17316
17172
17380
17620
17428
17716
17524
17876
17716
17844
17668
18148
17876
18644
17892
18164
18132
18244
18292
18532
18372
18548
18532
18948
18532
18996
18628
18852
18676
18996
19236
19044
18836
19204
19012
18980
19012
19220
19268
18932
19476
19220
19540
19700
19524
19764
19892
19540
19732
20276
19876
19652
19636
19620
19636
19796
19620
20004
19652
19780
20581
20324
20308
20244
20148
20196
19620
20276
20004
20725
20372
20324
20212
20501
20292
20629
20901
20132
20597
20869
21045
20677
19700
19876
20629
20693
20308
21077
20853
20773
20725
20965
20228
20581
20581
20148
20581
20757
20917
20869
21317
20805
20789
21093
20404
20533
20709
20597
20853
21461
21493
21557
21605
21589
21669
21525
21269
20901
21253
21157
20981
21557
21621
21653
21845
21653
21701
21541
21381
21493
21109
21797
22325
22165
21813
21573
21877
21685
22021
21749
21541
21909
21717
21717
21925
21653
21925
21845
22117
21973
22181
21941
22133
21541
21813
22485
21973
22357
22085
22485
22389
22149
22549
22197
22085
22629
22389
22501
22293
22693
22373
22789
22661
22581
22933
22965
22789
22725
22821
22709
22341
22901
22709
22789
22901
22741
22997
23221
23205
23269
23141
23157
22949
23061
23013
23301
22981
23445
22981
23189
23621
23253
23157
23253
23461
23317
24325
23493
23477
23701
23909
23221
23397
23093
23589
23461
24037
23477
23429
23797
23637
23781
23589
23285
23621
23493
23413
23797
23381
23637
23653
23637
23397
23973
23877
23669
24261
24453
23509
23813
23701
23525
23749
23909
23797
23525
23765
23701
23893
23877
23733
24005
23797
24037
23973
24069
24005
23669
24037
23813
24021
23925
23781
23781
23717
24101
23781
24902
24069
24005
24149
23925
24918
24181
24469
24229
24037
24085
24069
24293
24053
24245
24389
24309
24389
24181
24421
24101
24037
24037
24005
24501
24678
24117
24213
24165
24565
24469
24229
24277
24309
24133
24373
24213
24614
24405
24373
24309
24501
24389
24325
24517
24309
24165
24357
24373
24229
24277
25206
24646
24293
24437
24389
24517
24101
24133
24341
24229
24421
24549
24245
24421
24165
24485
24245
24501
24549
24245
24517
24357
24646
24469
24357
24293
24277
24309
24149
24630
24405
24405
24389
24758
24533
24485
24437
24614
24405
24437
24646
24277
24614
24421
24565
24517
24886
24469
24726
24678
24742
24630
24277
24678
24549
24565
24517
24694
24662
24373
24694
24373
24485
24485
24373
24822
24662
24341
24790
24549
24501
24245
24389
24694
24838
24630
24501
24485
24565
24485
24565
24630
24309
24533
24325
24389
24565
24822
24309
24389
24325
24822
24277
24405
24646
24501
24565
24181
24485
24325
24325
24341
24133
24261
24309
24197
24389
24229
25126
24277
24453
24309
24437
24069
24133
24373
24213
24421
24277
24053
24389
24181
24085
24309
24309
24005
24181
24117
24533
24181
24229
24598
24277
24421
24245
24117
24277
24421
24453
24293
24149
24405
24181
24101
24117
24021
23925
24966
24149
23893
23925
23957
24165
23605
24117
24037
23717
23861
23861
23541
23781
24261
23925
23557
23397
23621
23653
23301
23461
23557
23397
23557
23605
23621
23525
23509
23333
23509
23189
23173
23093
23205
23349
23157
23349
23109
23013
23173
23013
23365
23141
23333
22949
23125
22517
23093
23285
22965
23637
22933
23237
22965
22885
23157
22965
23173
22949
23077
23061
23189
23029
22869
23029
22917
23013
23189
