22085
22165
22389
22421
22421
22229
22165
22085
22453
22181
22245
22277
22741
22645
22517
22325
22421
22469
22485
22469
22261
22565
22677
22389
22469
22773
22485
22485
22501
22325
22453
22501
22629
22581
22453
22373
22293
22293
22261
22245
22293
22805
22597
22565
22549
22517
22549
22373
22229
22469
22181
22149
19140
17092
15859
15523
15251
15443
15571
16003
15667
16051
16660
17236
17652
17572
18020
18260
18276
18644
19156
19028
19492
20725
21013
21557
21413
21541
21173
21061
20372
20228
19796
19060
18580
18148
17636
17076
16003
15443
14883
14419
13763
13267
13027
12947
13219
13315
13411
13539
13795
14051
14627
14899
15011
14979
14947
15091
15251
15347
15603
15923
16243
16500
16692
17076
17332
17780
17924
18868
19092
19844
20468
20517
21061
21061
21557
21845
21893
21813
22197
22021
21941
21925
21941
21781
21829
21685
21669
21749
21637
21525
21861
22021
21653
21317
21141
20869
20677
19860
19428
18916
17956
17412
16804
16404
16163
15731
15395
15155
15107
14915
14771
14547
14547
14467
14339
14003
14259
14147
13955
13795
13651
14019
13859
13731
13363
13283
13555
13395
13171
13395
13331
13091
12899
12579
12947
12835
12371
12034
12563
12403
12339
12851
12755
12803
12771
13283
13203
12995
13651
13555
13571
13395
13731
13475
13363
13779
13795
13715
13667
14163
14307
14323
14243
14211
14195
14707
14755
14899
15299
15651
16035
16564
17044
17348
17732
17988
18388
18244
18164
18388
18772
18452
18868
18644
18948
19092
18932
19252
19476
19476
19380
19412
19348
19988
19876
19700
19828
20212
20645
20757
20741
21141
20981
21413
21333
21525
21877
21541
21749
21525
21589
21461
21669
21525
21797
21557
21781
22005
21925
22261
21973
22341
22117
22277
22005
22213
22069
21925
22213
22245
22117
22325
22293
22069
22213
22101
21877
22021
21797
21461
21413
21157
20677
20741
20388
20132
20404
20292
19988
20100
19732
19924
19540
19652
19652
19780
19540
19748
19684
19348
19444
19540
19188
19364
19412
19028
19540
19188
18836
19124
19060
18692
18804
18836
18340
18244
18244
18196
17620
17492
17252
16884
16596
16275
15907
15571
15267
14915
14547
14131
13779
13411
13299
12995
13299
13075
12835
12515
12915
12595
12627
12643
12034
12258
11602
11954
11906
11890
12034
12050
11986
12018
11874
12226
12419
12499
12851
13107
13731
13651
13843
13859
13923
14147
14275
14291
14387
14707
15011
15107
15219
15315
15011
15379
15667
16003
16051
16275
16532
17044
17300
17460
18084
18148
18644
18740
18772
19348
19380
19812
19812
20356
20420
20436
20757
20629
21045
20917
21237
21109
21445
21173
21717
21701
21749
21653
21541
21845
21637
21637
21989
21845
21717
22053
21957
21797
22085
21957
22197
21973
21781
22181
21941
22053
21813
21909
21621
21765
21589
21285
21109
21173
21269
20965
21189
21109
20869
21157
20917
21141
21205
20773
20885
20549
20773
20629
20757
21093
20581
20613
20244
20372
20084
19332
18500
18404
17204
16436
16035
15715
14947
14787
14579
14115
13811
13427
13155
12963
12787
12899
12947
12867
12819
12707
12675
12691
13027
13667
13139
13027
12803
12563
12467
13011
12995
13139
13331
13539
13843
13923
14211
14675
15203
15171
14755
14963
15219
15411
15571
15539
15299
15235
15539
15571
16243
17172
17572
18772
18996
19844
19908
20613
20549
20581
20597
20949
21029
21157
20853
21205
21109
21093
20885
21189
21045
20933
21397
21205
21013
20709
20805
20485
20020
19524
19380
19268
18788
19156
18884
18596
18948
18596
18852
18500
18708
18708
18420
18820
18612
18740
18500
18724
18724
18436
18676
18452
18836
18756
18740
18452
18708
18836
18628
18548
18564
18580
18820
18660
18676
18708
18772
18740
18772
18660
18948
18644
18724
18660
18260
18484
18708
18420
18500
18372
18292
18404
18116
18292
17956
18276
18244
18180
18068
17780
18052
17796
17988
17924
17828
17572
17940
17540
17700
17588
17396
17540
17268
17444
17684
17364
17620
17220
17524
17652
17396
17524
17236
17540
17716
17556
17732
17556
17700
17460
17652
17844
17284
17700
17156
17316
17316
16948
16964
17092
17412
17412
18356
18484
19284
19604
20485
20485
21157
20853
21125
20565
20452
19796
19636
18772
18852
18036
17732
17636
17140
16996
16884
16147
15939
15683
15315
14931
14035
13779
13587
13443
13027
12851
12755
12595
12387
12403
12467
12387
12242
12274
12387
11922
11970
12226
11730
12291
12210
12146
12034
12194
12162
12355
12387
12579
12755
12963
13091
13587
14131
14019
14163
14291
14419
14563
15075
15027
15283
15347
15619
15731
15955
16163
16516
16227
16404
16596
16756
17012
17220
16932
17140
17428
17780
17668
17956
18196
17716
18468
18244
18196
18372
18548
18244
18468
18548
18804
18468
18692
18900
18932
18964
19188
19028
19284
19684
19444
19764
20068
20020
20436
20180
20533
20404
20693
20629
21061
20933
20805
21237
21189
21477
21317
21461
21349
21301
21653
21493
21749
21605
21829
22149
22117
22005
21989
22293
22149
22053
22341
22277
22485
22389
22101
22309
22005
22165
22021
21989
22005
21637
21669
21445
21333
21237
21189
21157
21237
21029
21237
21029
21349
21109
21333
20869
21125
20853
21093
20885
21173
20853
20949
20581
20645
20869
20597
20933
20693
20917
20613
20597
20485
20004
20196
20292
20100
20132
20180
19620
19700
19684
19652
19732
19796
19524
19316
19124
18756
18212
17764
17604
17268
17028
16836
16612
16307
16019
15651
15395
15027
14611
14467
14531
14371
13971
14003
13859
13811
13475
13763
13571
13267
13363
13347
13091
12851
13091
12771
13011
12755
12499
12739
12467
12611
12323
12515
12274
12515
12178
12291
12130
12435
12403
12210
12435
12451
12258
12627
12659
12595
12355
12723
12611
12435
12803
12579
12547
12931
12899
13059
13091
13267
13715
12915
13107
13315
13043
13331
13459
13459
13427
13347
13107
13651
13347
13347
13187
13203
13539
13475
13155
12979
13299
13267
13283
13219
13059
13587
13555
13443
13363
13379
13331
13619
13635
13907
14595
14963
15619
16211
16932
17492
17764
18228
18660
18980
19268
19684
19556
19780
19956
20196
20132
19892
20036
20260
19988
20340
19972
20276
20661
20132
20372
20565
20837
20613
20917
20901
20901
21205
21013
21269
20997
21493
21269
21525
22213
21765
21861
21685
21781
21925
21637
21973
22037
21701
21861
21957
21829
21973
21493
21605
21909
21669
21845
21861
21461
21493
21253
21413
21461
20853
20805
20773
20901
20597
20597
20485
19988
19812
19908
19780
19444
20468
19668
19636
19364
19892
19588
19204
19252
19380
19492
19508
19060
19108
19268
18932
18788
18500
18468
18404
18164
17908
17716
17588
17204
16740
16420
16227
15859
15491
15059
14803
14883
14691
14307
14051
14195
13971
13587
13555
13843
13619
13507
13107
13667
13459
13235
13507
13379
13155
13075
13187
12979
12787
12995
12899
12659
12707
12947
12755
12371
12771
12307
12563
12162
12387
12178
12018
12339
12146
12114
12467
12274
12803
12611
12419
13075
12931
12915
13331
13251
13043
13443
13219
13635
13459
13427
13811
13843
13891
13795
14115
14195
14195
14067
14563
14627
14787
14739
14963
15219
15859
16339
16564
16932
16980
17652
17396
17636
18148
18388
18932
18676
19252
18948
19428
19524
19700
20068
20116
19908
20212
20052
20517
20388
20805
20725
20917
20517
20965
20741
20549
20468
21077
20805
20741
21125
20853
20965
21285
21317
21301
21381
21621
21493
21941
21845
21989
21973
22245
22069
22437
22149
22245
22485
22229
22597
22453
22341
22389
22501
22245
22533
22405
22213
22469
22325
22149
22517
22517
22293
22597
22581
22245
22437
22229
22421
22181
22165
22133
22181
21877
21957
21813
21733
21429
21189
20773
20581
20340
20180
19508
19380
19140
18788
18916
18788
18628
18244
18212
18180
18180
18308
17924
18100
18196
18292
18196
18324
17972
18132
18276
18340
18500
17908
17972
17860
18148
17748
17492
17748
17892
17764
18004
17828
17716
17956
17972
17940
17652
17812
18020
17876
17588
17732
17668
17668
17652
17348
17428
17556
17588
17716
17476
17204
17476
17572
17892
17572
17572
17428
16724
16259
16532
15923
16115
15987
15843
15603
15331
15395
15267
15187
15123
15187
15155
15155
15411
15123
15011
14899
15155
15091
15379
15283
15043
14963
15059
14819
15475
15139
15187
15123
15075
14803
14883
14467
14787
14691
14899
15011
15171
15203
15219
15395
15475
16259
16612
16355
16724
16996
17156
17060
17044
16820
17220
17236
17508
17492
17780
17332
17188
17044
17236
17252
17476
17572
17828
17988
17716
17812
17844
17860
17396
17636
17812
17956
18100
18084
18068
17956
18292
18340
18148
17812
17764
17924
17988
18004
17764
17876
18276
18020
18228
18340
18084
18100
18436
18436
18084
18132
18516
17988
18228
18404
18628
18500
18260
18372
18548
18580
18564
17860
18148
18324
18388
18676
18148
18260
18420
18644
18260
18388
18484
18788
18260
18164
18276
17844
18084
18404
18196
18308
18516
18564
18276
18564
18052
18244
18452
18100
