4433
4817
3984
4385
4273
4433
4257
4673
4545
4657
4449
4257
4673
4497
4289
4593
4625
4593
4497
4289
4641
4401
4785
4513
4609
4689
4561
4897
4849
4849
5329
5345
5377
5825
5969
6113
6449
6865
7361
8177
8145
8466
8866
9234
9506
9810
10978
10306
10050
10370
10642
11266
11858
12451
13667
14483
15123
16291
16884
17460
17940
18292
18468
18532
18708
18724
18660
18884
18388
16852
14883
14659
12515
11938
10402
10994
10930
11250
11538
11746
12723
11746
12194
12707
12819
13283
14195
14515
15331
15315
16259
16307
17332
17860
17588
18036
17988
18100
18548
18292
18196
18756
18948
18964
19204
19204
19892
20196
19524
20100
20324
19876
20613
20420
20645
20629
20677
20645
20805
19988
20581
20420
20276
20180
20020
19636
19972
19700
20100
18660
17812
16628
15923
14915
14035
13731
12851
12675
12435
11986
11298
11010
10898
10706
10354
10066
9314
8882
8690
8370
8177
7537
7585
7217
6769
6369
6625
6305
6081
5617
5585
5905
5681
5521
5297
5585
5377
5153
5297
5297
5169
4433
4625
5137
5409
4609
5073
4817
5057
4929
4721
4641
5009
4961
4705
5361
5169
5217
5185
5233
5281
6145
6369
6625
7201
7713
8306
9058
10018
11154
12194
12659
13827
14931
15555
16115
16468
17540
17764
18116
18468
19156
19444
19652
19764
19748
19668
20244
19428
19604
19444
18836
17492
16436
16243
15347
14387
14707
13443
13251
12483
12435
12291
12066
11426
11234
10482
10050
10482
9186
8594
8226
8498
7697
7153
6641
6705
6193
6401
6033
5649
5905
5729
5537
5377
5121
5473
4961
5313
4993
5409
5249
5057
4689
5281
5137
4961
5377
5249
5041
5105
5697
5585
5553
6289
6625
6993
7505
8226
9058
9970
10978
11906
12403
13363
14051
15011
15475
16516
17092
17572
18292
18356
19124
19444
19444
19636
19812
19844
20308
20356
20292
20260
19732
19796
19268
18884
17908
17044
15955
14771
14323
13571
13299
12499
12210
11826
11330
10802
9954
9474
9010
8450
7969
7537
6993
7201
6481
6561
6513
6353
5969
5953
5873
5809
5441
5185
5329
5169
4961
5265
5089
5409
5121
4929
4721
5281
4977
4817
5201
5041
4929
4737
5121
4881
5297
5297
5201
5073
5009
5617
5441
5441
5441
5649
5761
6337
6241
6465
6721
7489
8081
8674
9394
10226
11042
12114
12371
13443
14163
14643
15139
16179
16676
17172
17620
18116
18564
18996
19316
19604
19908
19940
20052
19956
19748
19220
18804
18244
17460
16772
15843
15507
14483
13747
13363
13043
12242
11874
10658
9938
9170
8514
7889
7329
6945
6577
6529
6353
6081
5809
5713
5521
5457
5281
5281
5665
5729
5713
5569
5505
5473
5777
6225
6545
7153
8338
9762
11346
12563
14323
15571
16836
18004
18356
18900
18900
18452
17940
16884
16115
14851
13699
13443
12451
11890
10642
9874
9138
8370
7761
7217
6897
6609
6049
6177
6209
6081
6513
5729
5569
5681
5809
6065
6001
6065
6241
6577
7329
8290
9506
10946
12242
13155
14835
15891
16724
17636
18324
18740
19012
18932
18692
18356
18148
17364
16291
15587
14659
13555
13347
12707
12419
11810
11362
11058
10514
9410
9042
8498
8081
7665
7185
6689
6913
6513
5857
5873
5521
5473
5457
5393
5777
5601
5425
5233
5457
5457
5313
5121
5617
5569
5537
5665
6097
6641
7441
8594
9890
11378
12883
14147
15379
16820
17588
18164
18548
18468
18484
18148
16980
15843
14787
14099
13299
12803
11938
10850
9314
8562
7953
7425
8242
7009
6529
6833
6113
6641
6673
7393
7873
8626
9570
10802
11986
13299
14563
15795
16644
17396
18100
19012
19396
19668
19732
20084
19988
19572
19380
18724
17700
17060
15827
15155
14323
13475
12979
12611
11538
11778
11362
10706
10050
9538
8866
8290
7729
7153
7233
6673
6337
6337
6737
5681
5857
5425
5841
5569
5745
5521
5361
5841
5697
6369
6737
7457
8978
11410
13203
14691
16355
17204
18148
18260
18452
17876
16900
16131
14675
13987
13331
12643
11378
10450
9906
9154
8434
7713
7153
7217
6769
6161
6321
5905
5905
6033
5841
5617
5857
5489
5329
5585
5729
5921
6417
5313
5489
6017
6417
7041
7585
9010
9970
10914
12066
13363
14131
15523
16339
17508
18180
19156
19156
19412
19444
19140
18756
17860
16932
15811
14851
13843
13187
12098
11570
10194
10034
9154
8370
7713
7249
7153
6913
6545
6273
5985
6177
5969
5745
6177
6033
6065
7009
7857
9634
11874
14163
15779
17236
17700
16932
15331
13555
12531
11362
9970
9138
8498
7921
6913
7121
6897
6609
6353
6225
5937
6289
6225
7041
6145
5713
6257
6897
7937
8754
9426
10898
12483
13331
14771
15715
17044
17764
18484
19012
19140
19204
20228
18948
18724
18164
17316
16371
15427
14915
14003
13603
12867
12611
12114
12258
10706
9906
9842
9058
8001
7921
7185
6977
6817
6705
6401
6113
5841
5393
5441
5713
5553
5361
5361
5521
5201
4785
4977
5569
5537
5473
5377
5345
6049
6353
7057
8017
9618
10930
12691
14627
15731
17124
17268
18484
18708
18676
18612
18068
17652
17012
16868
16900
16371
16323
16115
15683
15219
15347
14739
14611
13859
13715
12883
13075
13043
12611
12755
12435
12835
12515
13107
13699
13683
14323
14355
14659
14435
14339
14563
14259
13859
13763
13123
12963
12659
12050
11730
11058
10114
9410
8386
7585
6881
7105
7009
7073
7793
9794
11346
13683
15315
16596
17716
18244
18532
17412
15891
14467
13635
12130
10930
9810
8626
8466
7553
7585
7089
7393
7457
6321
7137
7345
8081
10178
12018
14467
16083
17652
18196
18020
16868
15187
14099
12899
11714
10034
9442
8898
8081
7505
7137
6785
6737
6609
7121
8129
8994
12018
13939
16067
17188
18180
17956
17060
15747
14691
13139
12258
11330
10162
9138
8226
8129
7441
6897
7009
6673
6273
6017
6257
6001
5665
6081
5809
6561
5777
6161
6161
6417
7361
8081
9074
10194
11554
12995
14627
16131
17140
17828
18644
18868
18724
18580
18180
17076
16131
15539
14931
13843
13331
12883
11954
11378
10498
9826
9346
8690
8097
7521
6833
7153
6625
6129
6225
5857
5569
5905
5425
5953
4833
5825
5457
5921
6161
6785
7601
9714
11682
13907
15667
16291
17316
16291
15203
13731
12915
12194
10690
9618
8754
7937
7905
7345
6833
6801
6193
6305
5841
5921
5473
5713
6033
5505
5297
5905
5633
5393
5825
5489
6257
6129
6097
6497
7137
7409
7713
7809
9266
9986
10914
12323
12723
13683
14243
15283
15843
16468
17524
17924
18324
19108
19268
19044
19812
19988
20084
20340
20292
20084
19780
19428
18868
18164
17332
16916
15827
15251
14179
13843
13395
12707
12291
12098
11890
11042
10674
10258
9810
8738
8802
8177
7713
7793
7393
6913
6225
6625
6065
5937
5841
5505
5921
5425
5345
5489
5057
5825
5329
5249
5697
5809
5905
7633
7009
8242
8242
10130
11634
13123
14547
15891
17252
17988
17892
18052
17396
16051
15331
14147
13635
12579
12258
11250
10578
10002
9362
8738
8177
7617
7441
7137
6769
6241
6385
6177
5681
5985
5825
5489
5633
5601
5361
5137
5473
5297
5105
5617
5441
5329
5889
5873
6161
6369
6721
8129
7809
8690
9618
10482
11602
12130
13299
14323
15443
16307
16964
17748
18644
19044
19412
19812
20052
20212
20276
20372
20276
20228
20020
19780
19396
18884
18324
17444
16996
16355
15635
15443
14611
13987
13907
13107
13107
12547
12467
12274
11522
11378
11154
10866
10610
10178
9634
9346
8882
8210
7681
7297
7425
7025
6625
6641
6321
6049
6129
5937
6897
5345
6401
5297
5313
5873
4897
4849
4737
5329
5185
4929
5281
4977
4625
5009
4801
4849
5137
5057
4833
5329
4945
5297
5073
4913
5233
5233
4881
4977
5473
5233
5185
5649
5601
5361
5377
5377
6065
5985
6001
6017
6561
6545
6737
6785
7121
7505
7441
7713
7873
9074
8706
9122
9538
10050
9922
10418
11282
12307
12611
13939
14419
15699
16500
17092
17684
18452
18980
19364
19540
19908
20036
20132
20100
19956
19796
19364
19156
18804
18372
18516
17764
17028
16035
15491
14483
14115
13315
13091
12467
12162
12162
11538
11474
11186
10962
9794
9490
8914
8370
7969
7553
7121
6817
6385
6257
6001
5761
6049
5617
5313
5249
5057
5521
5809
5361
5409
5297
4881
5153
4881
5217
4993
4753
5073
4865
5089
4929
4753
5057
4689
4593
4977
4721
5057
4849
4577
4913
4641
4977
4785
4833
4977
4673
5121
4993
4977
5233
5169
5665
5537
5457
6193
6097
6385
6785
7121
7521
8658
8898
10210
10530
11442
12659
13939
14547
15779
16452
17396
18100
18548
18740
19380
19268
19732
19556
19252
18500
17988
17060
16035
15155
14019
13555
12915
12627
11810
11234
10722
10162
9522
9362
8882
8274
7681
7681
7233
6833
6353
6497
6257
5857
5905
5601
5841
5889
5585
5265
5425
5441
5329
5105
5041
5441
5121
4833
5009
5873
4945
5169
5009
4225
4817
3520
4961
4945
5153
5105
4657
4705
4849
4657
4353
4833
4545
4881
4577
4769
4625
4433
4849
4593
4433
4897
4561
5057
4657
4753
4689
4897
4657
4945
4689
4897
4321
5153
4849
5409
4897
5313
5089
5537
5361
5905
6001
6001
6737
6881
7601
8258
8930
9762
11298
11602
12563
12851
13779
14675
15107
16019
16868
17284
17652
18324
18724
18948
19044
19700
19812
20661
19876
19620
20228
20132
20004
20356
20212
19908
19556
19188
19028
18692
18740
17524
17508
16948
16788
16147
15731
15235
14755
14547
13891
13731
13539
12851
12723
12595
12034
11826
11714
10930
10722
10306
10098
9746
9442
9170
8722
8514
8177
7409
7009
6881
6321
6529
5265
5809
5841
5697
5777
5553
5185
5521
5217
5393
5217
5249
5089
4849
5217
4865
5361
5185
4977
5329
5025
5601
5473
5985
5985
6177
6865
7137
7569
7985
8690
9410
10178
10850
11602
12419
12643
13795
14435
15251
15923
16564
17124
18148
18548
18948
19092
18660
19956
20036
20132
20196
19668
19892
19636
19140
18916
18324
17636
16644
16051
14899
14291
13827
12547
12258
11730
12098
10498
10066
9138
8354
7297
7201
7137
6865
6353
6385
5841
6177
5761
5921
5649
5425
5585
5393
5601
5105
5457
5233
5073
5377
5345
5153
5585
5425
5297
5233
5761
5249
5905
6065
6049
6545
6785
7137
7729
7793
8546
9362
9682
11714
10514
12307
13123
14211
15299
15811
16692
17060
17716
18196
18452
18708
19380
19540
19652
19876
19748
19396
18804
18196
17348
16500
15795
15027
13907
13427
13555
12531
12130
11666
10546
10802
10306
9730
9058
9058
7617
7217
7361
6801
6833
6257
6449
5905
5969
5601
5825
5425
5665
5265
5473
5073
5265
5441
5185
5409
5105
5377
4993
5345
5025
5409
5729
5601
5921
5809
6513
6689
7217
7937
8177
8578
9074
9682
10850
11730
12723
13539
14691
15283
16195
17124
18404
18404
18724
19044
19300
19524
20084
20148
20020
19668
18996
18228
17684
16484
15283
14515
13907
13651
13139
12339
12114
11842
11122
11090
10018
9714
9234
8786
7473
7457
6833
7617
6945
6401
6609
6081
6081
5777
6081
5585
5889
5425
5601
5361
5537
5329
4913
5249
4929
5233
4913
5217
5665
5105
5137
5105
4881
5153
4753
5041
4737
5041
4753
5073
4769
5105
4753
4945
4881
5489
5009
5313
4977
5377
5169
5473
5329
5377
5905
5873
5841
6737
6945
7105
7985
8754
9154
9762
10386
11170
12050
13027
14019
14579
15715
16628
17332
17732
18484
18932
19028
19252
19908
19860
19956
20068
19972
20100
20116
19524
18868
18708
17732
17316
16131
15555
14563
14227
13379
12691
12146
11618
11234
10802
10210
9698
9042
8354
7793
7697
7201
6977
6721
6465
6337
6257
6017
6049
5921
5905
5345
5633
5393
5617
5201
5297
5233
5617
5377
5857
5697
6209
6113
6929
7361
8049
10098
10706
11842
13091
14355
15043
16099
17204
17556
18468
18852
19172
19796
19988
19956
19892
20148
19988
19316
18836
18228
17620
17172
16612
15619
15315
14867
14099
13747
13459
12899
12483
11874
11122
10706
10098
9378
8690
8498
7713
7681
7377
6833
6865
6433
6017
6081
5681
5841
5473
5617
5313
5585
5329
4993
5201
5457
5057
5313
4913
5169
4785
5201
4929
5201
4849
5185
5377
5121
5393
5153
5361
4945
5489
5057
5377
5649
5217
5569
5905
5585
6017
5777
6065
6001
6081
6353
6609
7185
6577
6257
7137
7121
7553
7745
8482
9170
10018
10914
11810
12595
13059
13587
14435
15091
15779
16291
16676
16900
17332
17940
18340
18676
18772
18868
19332
19524
19748
19876
20276
20501
20661
20565
20789
20901
21029
21077
21093
21077
21141
20837
20661
20709
20789
20757
20757
20661
20549
20292
20212
19956
19748
19812
19940
19172
18788
18532
18212
18116
17476
16932
16980
16355
15859
15699
14867
14851
14371
13507
13283
12883
12739
11986
11810
11410
11138
10834
10354
9874
9298
8930
8482
8033
7569
7249
7233
6849
6321
6545
6065
6209
5985
5665
5905
5617
5265
5649
5377
5105
5377
5009
5313
5169
4977
5249
4961
4945
5249
4977
6513
6737
5105
5121
5137
5297
5297
5345
5025
5457
5233
5393
6097
5409
5809
5601
6177
6001
5857
6449
6353
6897
7025
7057
7889
9202
8786
9314
9986
10578
11410
12050
12547
12835
13571
14275
14515
15139
15699
16067
16804
17044
17908
18100
18164
19092
19268
19524
19556
19892
20228
20420
20468
20533
20517
20821
21045
21013
21077
21173
19748
18372
18276
17652
18244
18260
18452
18468
18612
19300
19508
19508
19540
19972
20244
20036
20228
20420
20613
20709
21205
21269
20997
21509
21573
21557
21605
21429
21301
21141
20901
20485
19988
19556
19028
18420
18324
17588
16692
16500
15731
15395
14979
14179
13923
13603
13251
12563
12387
12883
11618
10722
10722
10338
9682
9506
8514
8354
7537
7697
7073
7073
6593
6529
5937
5745
5761
5985
5617
5329
5569
5297
5521
5089
5361
5233
4977
5313
4961
5201
4913
4785
4801
5153
4929
5121
5057
4721
5153
4801
5249
5345
5217
5489
5393
6001
5793
5761
6289
6193
6865
6881
7697
7969
8129
8930
9570
10338
10866
11522
12114
12307
12114
13427
13795
14387
14723
15603
15795
16484
16884
17172
18004
18228
18532
18756
19284
19652
19892
20100
20212
20388
20533
20661
20661
20773
20757
16548
14803
14323
13539
14259
14979
15603
16131
17028
17556
18772
18740
19700
19940
20276
20036
20549
20420
20228
20388
19940
19156
19028
18772
18308
17764
16884
16243
15459
14723
15331
13699
13251
12787
11986
11778
11426
11186
10354
8994
9234
8754
8306
7681
7889
7425
6961
6545
6161
6417
6033
5633
5745
5505
5713
5361
5665
5393
5505
5233
4769
5393
4721
4817
5281
5105
4817
5233
4945
4865
4977
5121
4993
5249
5153
4833
5153
5521
5425
5121
5585
5585
6049
5953
6049
6097
6881
6977
7137
7329
8001
8129
8578
9042
9410
10146
10786
11346
12018
12595
13427
13843
14659
15635
16035
16355
17476
18324
18276
18900
19556
19204
19476
20084
20292
20340
20260
20244
20485
20388
19860
19668
19204
19412
18964
18436
18196
17476
16756
16275
15699
14627
14291
13715
13395
12931
12643
12210
11138
11730
15123
16884
18148
17844
17716
17268
16147
15459
14355
13843
13427
13091
12947
12387
11970
10898
10450
9810
9042
8418
7761
7601
7041
6561
6561
6049
6273
5873
6001
5601
5745
5361
5585
5537
5361
5713
5761
5809
6817
7393
8338
9378
10914
11986
12787
14131
15571
17028
17588
18740
18756
19332
19188
18964
19044
18580
17796
17268
15907
15043
14307
13539
12803
11922
11762
11170
10562
9890
9618
13971
16275
16900
16339
15459
14515
13203
12595
11954
11186
10258
9202
8466
7745
7169
7265
6817
6417
6001
6177
5745
6049
5873
5569
5681
5713
5425
5889
5697
5745
5569
5489
5953
6065
5921
6417
6737
6705
7089
8097
7985
8161
8914
9778
10466
11170
12098
12611
13443
14435
16163
15779
16740
17172
18164
18692
18996
19876
19540
20084
20148
19908
19524
18996
18116
16996
16115
15123
14211
13587
13123
12787
11938
11458
10978
10482
9330
9090
9026
8338
7697
7169
7169
6593
6785
6305
6257
6081
6113
5761
5777
5633
5873
5409
6097
5233
5009
5265
4801
5153
5345
5089
4833
5121
5361
4993
4865
5233
5025
5825
5681
5089
5441
5793
5521
5937
5793
6225
6241
6849
7025
7393
8642
9298
10194
11010
12226
13443
14179
15411
16660
17236
18116
18852
19156
19364
19508
20020
19972
19908
19620
19380
19252
18852
17876
16628
15731
15043
14195
11746
13203
12483
11826
11602
11106
10354
9778
8770
8113
8129
7569
7121
6577
6193
6449
6017
6289
5953
5617
5841
5585
5217
5601
5409
5281
4977
5393
5313
5121
4833
5105
5393
5217
4897
5153
5025
5393
5281
5857
5905
6209
7185
7745
8786
9858
11058
12098
13027
14099
14643
15779
16371
17444
17844
18276
19156
19396
19588
19668
19652
19764
19684
19252
18596
17716
17092
15987
15395
14483
13811
12915
12755
12403
12066
11794
11442
11010
10514
9810
9298
8674
8129
7713
7153
6673
6801
6161
5937
6129
5713
5825
5793
5601
5585
4753
5057
5201
5377
5153
5345
5089
5185
5921
3856
5009
5217
4929
4993
4961
4161
4753
4817
4833
4497
4753
5025
4721
4545
4993
4641
5185
4913
5265
5009
5489
5297
5841
5889
6241
6401
6945
7265
7985
8786
10146
10866
12002
13139
14115
14659
15651
16516
17076
17492
17924
18260
18596
19236
19604
19860
19988
19972
19924
19732
20020
19876
19572
19364
18916
18996
18212
17364
16275
15619
14899
13987
13571
13235
12371
12194
11954
11618
11074
10978
9730
9138
8514
7921
7809
7393
6737
6753
6497
6401
7889
7617
7185
7057
6593
6001
6145
5809
5361
5633
5265
5649
5281
5409
5217
4929
5249
4929
5313
5105
5553
5521
5953
6209
6561
7489
7985
8818
9394
10258
11298
12403
13107
13811
14819
15651
16580
17284
18068
18564
19124
19348
19652
20452
20324
20452
20468
20196
20084
19764
19412
18836
18180
17748
16980
16211
15971
15043
14835
14515
14035
13347
13107
12771
12483
12274
11314
10962
10626
10290
9874
9458
9458
8866
8450
7873
8001
7505
6833
6993
6449
6593
6129
5713
6097
5697
5793
5697
5329
5649
5345
5537
5153
5297
4977
5121
4833
5025
5361
4817
5025
4769
4721
4945
5201
4721
4977
4641
4817
4465
5089
4609
4561
4849
4433
4673
4785
4625
4401
4849
3952
4369
4641
4705
4561
4769
5345
4433
4593
4289
4513
4497
4561
4305
4561
4369
4641
4241
4337
4833
4561
4305
4577
5137
5217
5201
5601
6177
7633
8466
10002
11698
12851
14595
15603
16804
17620
18292
18196
18116
18420
17860
17108
16516
15603
14915
13939
13571
12787
12579
12274
11922
11458
10434
9682
8882
8578
7953
7425
6881
6369
6561
6113
5809
6081
5857
5457
5649
5569
5313
5665
5329
5697
5489
5361
5857
5745
6305
6433
6657
7777
8498
9618
10850
12627
13603
14963
15683
17012
17588
18436
18820
19140
19540
19668
19540
19188
18868
18836
18276
17476
17172
16484
16083
15267
15043
14803
14435
14435
13779
13491
13523
13267
12579
12242
11922
11586
11250
10818
10626
10818
10034
9666
9890
9426
9154
8642
8033
7249
7265
6897
6865
7489
5985
5745
5825
5537
5329
5409
5601
5633
5297
5457
5073
5569
5297
5025
5153
4881
5713
4769
4977
4657
4977
4641
5073
4833
5057
4785
5025
4945
5169
4833
5201
4945
4833
5297
5233
5857
5937
5953
6673
7009
7569
8210
9570
10722
11938
13123
13907
15219
15891
16980
17796
18212
18484
19172
19332
19412
19796
19812
19604
19508
18996
18500
17924
17604
16884
15971
15635
14883
14387
13699
13507
13203
12531
12307
12034
11618
11314
10066
9506
8994
8370
8274
7873
7441
6993
7185
6449
6641
6289
5937
6033
5745
5409
5681
5313
5569
5233
5681
5569
5265
5393
5041
5217
4929
5185
4753
5073
4865
4801
4753
4785
4593
5009
5185
5361
5441
5697
5777
5953
6001
6641
6897
7281
7793
8562
9778
10754
11586
12531
13235
13571
14499
15203
15587
16291
16484
17236
17540
18324
18628
18868
19044
19636
19828
19684
19700
20597
20148
20340
20549
20789
20901
20997
20709
20260
19508
18340
17252
16339
15043
13859
13555
12451
12210
12114
11458
11010
10210
9330
8738
8210
7697
7265
6849
6337
6545
6081
5633
6129
6017
5729
5665
5937
5761
5617
6305
6465
7873
8834
10098
11506
12947
13907
15315
16660
17476
17972
18916
19268
19556
19620
19908
19540
19012
18884
17876
17236
16035
14867
14547
13731
13379
13155
12451
12307
12034
11346
11186
10994
10338
10082
9266
9250
8354
8258
7521
7409
7153
7041
6625
6481
6049
5777
5953
5537
5857
5489
5073
5489
5233
5409
5345
5073
5313
5185
4993
5345
5313
5249
5393
5521
5697
6609
7345
8610
10178
11554
13267
14643
15507
16692
17348
18260
18740
18980
18980
18820
18484
17924
17428
16772
16436
15475
14403
14035
12947
12611
12146
11122
10418
9858
9394
8722
8081
7505
7473
7105
6705
6577
6369
5937
6145
5793
5825
5649
5697
5441
5569
5329
5537
5201
4897
5233
5441
5105
5441
5169
5489
5201
5553
5457
5857
5729
6305
6193
7057
7217
8033
8626
9202
9762
10658
11618
12643
13731
14755
15267
16468
16916
17972
18292
18820
19652
19444
19796
20052
19636
19492
18740
18324
17476
16532
16291
15379
15059
14595
13683
13203
12723
12339
11922
11618
11154
10178
10194
9378
9010
8594
8177
7665
7265
7345
7025
6737
6449
5921
5665
6369
5857
5505
5745
5521
5409
5105
5505
5185
5233
5297
5137
4769
5137
5153
4769
4833
5185
4769
4737
5297
5233
4961
5345
5073
4913
5249
5137
5041
5585
4993
5121
5889
5841
6305
6945
7841
8466
9714
11362
12355
13843
14723
16115
16868
17716
18132
18404
18804
18468
18468
17508
16692
15539
15059
14003
13651
13251
12675
12403
12178
11554
11330
10898
10834
10034
9138
8498
8274
7713
7281
7489
7073
6961
6289
6385
6065
5793
5745
6001
5809
5361
5313
5441
5361
5233
4961
5217
5121
4721
4769
5185
5089
4881
4721
5297
5025
5041
5489
4865
4753
4577
5009
4993
4689
5169
5073
5025
5009
4817
5265
5281
5265
5265
5009
5041
5841
6033
6321
6609
7121
7777
8097
7553
6609
6545
6321
6049
6257
6593
7345
8690
10226
11842
12883
14355
15379
16243
17332
17940
18436
18804
19252
19396
19268
19092
18884
18532
17892
16948
16099
15635
14515
14323
13539
13603
12627
12435
11730
11506
11074
10130
9666
9154
8722
8161
7809
6977
6753
6369
6193
5985
5793
5601
5905
5809
5729
5601
5537
5313
5297
5057
4833
4977
4849
5153
4673
4721
5041
5265
4641
5057
5233
5057
4945
5393
5233
5233
5361
5393
6497
6897
7473
8242
9186
9410
10130
11202
11650
12755
13395
14531
15123
15667
16564
17172
17652
18148
18644
19108
19364
19316
19652
19956
20228
20661
19988
20052
20004
19828
19876
19316
18932
18452
17940
17236
16580
15827
15219
15155
14435
13715
13555
12915
12803
12018
11970
11858
11250
11426
11362
10802
10546
10306
9986
9186
8706
8386
7873
7601
7345
7089
6817
6513
6209
5825
6113
6033
5697
5313
5137
5633
5441
5185
4961
5281
5089
5137
5025
4753
5089
5345
4561
4881
4721
5009
4833
4641
4497
5601
4897
4801
4449
4913
5073
5089
5089
5057
5025
5201
4993
4849
4945
4977
4609
5201
5217
5121
5937
6001
6481
6849
7473
8017
8754
9458
10466
10706
11426
12355
13443
13971
14963
15171
15923
16115
16548
16868
17556
18100
18436
18708
19060
19476
19700
19924
20100
20132
20292
20356
20485
20436
19988
20052
19844
19716
19380
19108
18756
17892
17140
16628
16532
15795
15299
15123
14803
14371
14067
13491
13347
12835
12339
11986
11922
11394
11202
11314
11026
11026
10946
10978
10514
10530
10098
10146
9970
9682
9346
9042
8722
8370
8818
8242
7905
7745
7489
7409
7025
6705
6961
6577
6161
6289
6065
5569
5745
5537
5233
5473
5025
5265
5009
5313
5089
5169
5105
5137
4673
4785
4865
5137
5153
4865
5313
4993
5857
5969
5889
5937
6001
6753
6785
6961
7089
7393
8145
8962
9602
9874
10306
10226
10914
11394
11970
11778
12531
13155
13923
14099
14931
15427
15747
16612
16932
17188
18020
18276
18388
18676
18788
19364
19188
19508
19636
19828
20212
20180
20308
20436
20533
20597
20789
20869
20805
20308
20388
20324
20228
20036
19908
19908
19412
18916
18324
18084
17492
16644
16243
15683
15267
15299
14707
14115
14115
13523
13619
13011
12979
12435
12451
12323
11682
11666
11682
11682
12082
11714
10802
10754
10754
10722
10530
10482
9810
9970
9522
9698
9346
8930
8514
8418
7969
7713
7409
6769
6945
6737
6001
6001
5825
5697
6193
5601
5489
5153
6161
5169
4833
5185
4881
4673
4929
4689
4977
4817
4449
4977
4753
4321
4737
4625
4321
4897
4609
4609
4753
4609
4961
4689
4417
4785
4433
5089
4801
5009
5057
5009
4769
5169
5249
5201
5089
5633
5665
5681
5713
5761
5745
6225
6433
6305
6161
5937
6113
6817
6961
6897
6833
6913
7073
7761
8418
9250
10210
10962
12082
13219
13683
14563
14835
15763
16179
16852
17812
18324
18772
19156
19044
19252
19252
19092
18772
18260
18004
17380
16772
16516
15699
14915
14547
13683
13491
12851
12627
12435
11794
11618
11458
10738
10578
10402
10050
9330
9122
8610
8594
7841
7873
7393
7585
7137
6337
6385
6433
6225
6049
5713
5745
5825
5649
5617
5393
5233
5121
4897
4977
4753
5185
5009
4801
5089
4817
5025
4465
4897
4961
4785
4593
4913
4769
4449
4769
4641
4465
4641
4801
4657
4241
4641
4417
4785
4497
4225
4657
4433
5009
4721
4385
4977
4753
4449
5025
4833
4721
5921
5169
4961
5489
5473
5489
5457
5569
6097
6241
6465
6513
6865
7089
7601
8081
8690
9090
9570
10146
10706
11330
11874
12002
12867
13155
14131
14579
15395
15827
16083
16388
16836
17492
16980
17572
17636
17652
17620
18020
18836
19060
19332
19492
19668
19332
20004
20036
19908
19700
19540
20004
19876
20244
20661
20452
17940
17060
17668
18724
19892
19924
19700
19028
18596
17252
15795
14995
13891
13331
12771
11842
11250
10802
10194
9490
9010
8418
7857
7537
6881
6689
6833
6577
6289
5937
5681
6193
5809
5665
5313
5745
5393
5169
4881
5265
4977
5121
5073
4833
5073
4945
4817
4497
5041
4881
4737
4625
5169
5089
5041
5041
5569
5809
5985
6225
7089
7681
8434
9234
10066
10802
11474
12595
13059
14547
14787
15811
16692
17188
17620
18452
18836
19204
19684
19444
19636
19316
19940
19956
19876
19764
19636
19396
19236
18724
17828
16932
15763
14803
14259
13363
12963
12098
11634
11058
10194
9666
9218
8722
8274
7889
7649
7105
7169
7041
6977
6257
6369
6209
6001
6241
5777
5441
5281
5729
5601
5473
5137
4929
5281
4993
5137
5121
4817
4913
4961
4657
4977
4673
4929
4705
4625
4465
4977
4753
4577
4369
4737
4513
4401
4897
4625
4545
4977
4753
5233
5105
5601
5697
5809
6353
6673
7041
7505
7937
9074
9906
10674
11090
12018
13091
13475
14611
15283
15571
16147
16836
17236
17492
17812
18436
19076
19204
19060
19300
19444
19844
20068
20324
20549
20324
20501
20501
20468
20404
20084
20004
20036
20228
20308
20997
19924
19572
19220
18724
18036
17332
16820
16804
16532
16580
16548
16804
17412
16980
16355
15571
15443
14787
14371
14387
14387
14355
14691
14739
14739
14707
14739
14643
14243
13923
13763
13299
12883
13043
12707
12547
12691
12307
12531
12178
12323
12210
11746
11826
11746
11170
10434
10994
11122
11058
10850
10818
11522
11762
11186
11106
10898
10562
10194
9634
9618
9762
9922
9874
9154
8978
8738
8658
8242
7665
7233
7057
6929
6833
7201
7873
7921
8642
9122
9362
9026
8642
8049
7569
7121
6625
6049
6433
6065
5617
5889
5553
5185
5537
5329
5025
5345
5121
4897
5121
5169
4865
5281
5169
5025
4737
4801
5201
4945
4897
5169
4801
4609
4849
4705
4337
4929
4641
4385
4721
4513
4289
4609
4257
4689
4417
4657
4417
4689
4625
5121
4753
5153
5153
4929
5201
5777
6545
7681
8338
9554
10898
12242
13075
14339
15235
15971
16532
17476
17988
18452
18868
19156
19236
19620
19796
20020
20148
20244
20228
20180
20148
20324
19828
19764
19876
19860
19732
19620
