4625
4385
4321
4513
4241
4801
4401
4577
4529
4753
4753
4689
4657
4577
4513
4465
4465
4193
4369
4513
4529
4497
4513
4609
4673
4689
4657
4593
4097
4161
4225
4193
4193
4161
5233
4449
4513
4561
4577
4577
4449
4113
4273
4369
4417
4417
4193
4305
4353
4353
4481
4497
4513
4401
4241
4529
4513
4481
4529
3984
4145
4209
4289
4433
4513
3872
4241
4289
4000
4417
4705
4401
5169
4833
4801
4913
5361
5409
5601
5969
6129
6785
7825
7969
8690
8738
9058
9250
8882
9074
9298
8994
9154
9138
8850
8898
8722
8033
7889
7777
6945
6721
6609
6321
6225
6081
5793
5137
5169
4849
4977
5009
4897
4945
4817
4865
4849
4801
4769
4849
4625
4865
4833
4577
4497
4625
4913
5265
5649
6161
6353
7201
8017
8242
9874
10994
12258
14035
15267
15955
16804
17476
18068
18516
18132
18308
18532
18516
17828
17524
17140
16980
16548
16307
15587
15283
14899
14451
14035
14067
13443
13059
12691
12355
12499
12146
11778
11458
11122
10946
10658
10322
10194
9298
8770
7921
7201
6881
6465
6129
5649
5745
5969
6001
5857
6433
7537
9634
11298
12819
14179
15331
16452
17316
18244
18660
19108
19412
19524
19828
19540
19476
19620
19300
19380
18948
18932
18596
17956
16884
15971
15587
14819
14051
13427
12851
12627
12210
11698
11122
10850
10002
9730
8738
8290
8017
7281
6977
6929
6737
6561
5857
5809
5553
5713
5585
5409
5441
5329
5233
5169
4929
4993
4753
4833
4705
5249
5185
5105
5265
5201
5153
5041
5121
5233
5233
5105
4785
5057
4849
5185
5057
5313
5105
5361
5281
5489
5633
6081
6401
6913
7521
7393
7905
8546
9090
9586
9842
10578
10802
11522
12210
13219
14755
16003
16916
17588
18212
18420
19204
19188
19012
19476
19284
18900
18916
18612
18548
17812
17860
17508
17076
16452
15827
15107
14899
14563
13971
13491
13283
12691
12739
12194
12210
11682
11666
11058
10706
9970
9522
8370
7921
7681
6929
6705
6545
6481
6321
6289
5601
5489
5425
5377
5233
5265
5073
5121
5441
5313
5217
5169
5105
5073
5105
5057
5025
5009
4865
5057
5041
5009
5041
4929
5553
5537
5505
5489
5505
6081
6177
6225
6497
6657
6913
7265
7201
7761
8402
9186
9986
10338
11170
11634
12579
13267
13907
14291
15331
15827
16339
16852
17428
17892
17812
18100
18500
18900
19204
19156
19556
19796
19908
19940
20340
20517
20244
20324
20260
19508
20180
19764
19508
19540
19460
18948
18212
17860
16964
16339
15347
14803
14099
14019
13587
12851
12595
12659
12194
12130
12002
11330
11314
10562
10402
9570
9378
9074
8754
7937
7665
7457
7025
6337
6209
5953
6017
5953
5825
6305
5665
5553
5457
5425
5297
5249
5105
4865
4977
4689
4849
4721
5329
5329
5169
5153
7345
11858
14755
16035
16660
16740
16404
15603
14723
13747
12915
12675
12098
11458
10258
9826
8690
8129
7729
7473
7089
6465
6241
6049
5985
5857
5745
5681
5601
5457
5521
5441
5409
5473
5585
5649
5825
6161
6529
6657
7825
9554
10834
12098
14019
15363
16852
17476
18164
18420
18836
18788
18548
17748
17188
16211
14659
14275
13395
12931
12451
11890
11218
10434
10226
9810
8770
8450
8097
7233
7057
6753
6545
6305
6145
5889
5697
5553
5921
5649
5233
5505
5425
5265
5153
5057
5041
4977
4849
5057
5361
5313
5281
5329
5393
5377
5585
5761
6081
6641
7489
8514
9266
10818
11810
13171
13907
15059
16051
16900
17140
18324
18836
19012
19124
18420
18020
17476
16468
15395
14323
13347
13123
12307
12050
11250
10738
10290
9362
9026
8578
8145
7649
7377
7009
6721
6417
6177
5921
5713
5521
6353
5585
5489
5313
5089
5473
5489
5617
5665
5697
5857
6161
7041
8578
10386
11458
12467
13907
14851
15683
16884
17348
18260
18452
19060
19252
19780
19940
20148
20324
20404
20324
20164
19748
19492
19044
17860
14131
11810
10578
9586
8754
8482
8722
9778
10050
12114
13667
15155
16884
17876
18340
19092
19732
20196
20260
20677
20485
20837
20885
20324
20356
20196
20004
19284
18692
18116
17140
16115
15347
14611
13699
13603
13027
12387
12242
11378
11138
10178
9730
9330
8850
8498
8097
7313
7201
7057
6961
6785
6737
6561
6353
6193
5953
5425
5681
5473
5249
5185
5537
5745
5201
5201
5089
5153
5217
5249
5249
5233
5265
5361
5409
5393
5393
5377
5441
5425
5809
6161
6497
6929
7521
8081
8754
9122
10066
10818
11058
11538
12291
12467
13395
14243
14307
15379
16371
16836
17828
18052
18964
19188
19828
19860
20228
20052
20116
20132
20084
19556
18804
18756
17684
16916
16211
15443
14819
14019
14067
13587
13107
12659
12771
12291
12194
11682
11586
10946
10850
9938
9826
9426
8466
8017
7841
7073
7409
7041
6817
6593
6449
6049
6001
5937
5857
5729
5585
5345
5105
4865
4945
5457
5313
5201
5089
4977
4945
5185
5345
5329
5297
5361
5345
5313
5201
5649
5297
5985
6417
6833
7745
9010
10434
10962
12915
14163
15763
16371
17364
18004
18292
18676
18740
18676
18148
17492
16756
15923
15091
14307
13795
13027
12803
12082
11698
10546
10146
8946
8514
8017
7585
7633
6961
6337
6369
5921
6017
5969
5601
5729
5345
5521
5489
5281
5361
5377
5393
5521
5617
5761
5921
6241
6513
7169
7889
8866
9810
10386
11202
12435
13347
14259
15507
16323
17252
17940
18516
19044
19412
19476
19748
19988
20196
20260
20244
20020
20324
19300
19028
18708
18084
17524
17028
16083
15267
15203
14371
13651
13475
12467
12178
11986
10994
10754
9458
8914
8434
7473
7121
6881
6737
6545
6305
6145
6129
5937
5841
5729
5649
5617
5569
5537
5473
5297
5745
5937
6033
6369
6945
8129
9506
10866
12803
14147
15491
16676
17620
18244
18884
19172
19412
19124
18548
17748
16420
15427
14131
12835
12082
11202
9650
8914
8370
7857
7249
7137
6897
6321
6369
5841
5777
6033
6081
5697
5761
5665
5649
5569
5489
5457
5489
5953
6097
6305
6321
6529
6833
7329
7937
8690
10002
10770
11474
12803
13715
14627
16067
16916
17668
18276
18852
19316
19556
19748
19684
19396
18820
17924
16420
15651
15091
14051
13827
13155
12883
12579
11586
11330
10146
9634
9106
8546
8065
7665
7377
6881
6513
6161
6049
6625
7009
7713
9250
10690
13235
15059
16628
17572
18084
17684
16532
15619
14259
13059
12499
11138
10290
9522
8786
8258
7729
7329
6945
6673
6257
6033
5745
6049
6033
5777
5745
6001
5937
6337
7313
8802
10562
11602
13219
14291
15811
16596
17364
18388
18676
19508
19588
19844
19492
19636
19140
18724
18132
17572
16692
15587
15091
14163
13795
12915
12803
12435
11650
11378
10946
9714
9154
8530
7905
7473
6993
6705
6417
5953
6193
6129
5361
5633
6001
5793
5617
5553
6497
7137
8290
10082
12210
14003
16131
17236
18260
17796
17076
16195
15123
13971
12739
12307
11890
10674
9842
9058
8402
7825
7361
6897
6561
6241
6081
5969
5713
6321
5841
5617
6033
6081
6241
6705
8161
9298
11170
13235
14675
16227
17316
18132
18260
18100
17636
16371
16019
14771
14035
13219
12339
11858
10754
10018
9346
8770
8177
7665
7249
6881
6433
6321
6097
5777
6065
5873
5649
6001
5985
6001
6193
6945
7857
9970
11650
13459
15235
16644
17732
18244
18932
19236
18484
18420
17636
16548
15811
14643
14659
13683
12771
12387
11874
11538
10866
10066
9442
8850
8226
7537
7185
7361
6977
6625
6257
6305
6081
5841
6033
5745
5313
5665
5473
5153
5537
5249
5137
5585
5553
5537
5601
5633
6625
7377
8466
10034
11538
12947
14243
15939
17012
17828
18580
19316
19412
19972
20116
19988
19940
19764
19188
18420
17316
16355
15059
14691
13747
13395
12579
12210
11698
11058
10194
8882
8754
8113
7585
7233
6881
6705
6353
6001
5761
5697
6113
6129
6225
6769
7713
9058
11042
12114
14067
15203
16740
17748
18468
19108
19476
19524
19316
18884
18484
18020
17828
16131
15107
14227
13363
12659
11714
11074
10242
9442
8818
8306
7777
7361
7153
6737
6497
6273
6065
5889
5761
5457
5777
5905
5841
5841
5793
5841
5937
6001
6305
6945
8161
9330
10674
12611
13651
14755
16772
17796
18612
19124
19268
19236
18692
18020
16644
15683
14563
13523
12979
11730
11074
10258
8802
8065
7969
7617
7361
6881
6513
6129
6097
6353
6497
6609
7105
7777
8850
10130
11474
12707
13539
14787
15667
16948
17780
18404
18868
19604
19940
19940
19716
19028
18532
18228
17220
15939
15235
14803
13587
13427
13043
12194
11810
11426
10834
10226
9618
9106
8658
7617
7777
7409
6977
6641
6337
6049
6113
6129
5665
5505
5377
5329
5281
5297
5409
5393
5137
6081
5345
5281
5729
6001
6241
6609
8354
9170
10962
12883
14227
15827
17060
17876
18244
19444
18452
18052
16355
15251
13571
12867
12210
10962
9970
9106
8370
7777
7249
6913
7153
6753
6433
6081
5825
6161
5873
5697
5521
5921
5633
5313
5889
6001
5969
6209
5921
6609
6897
8033
8770
9522
10866
11426
12723
14019
14819
15651
16836
17524
18036
18500
18836
19348
19700
20084
20661
20404
19988
20228
20084
19972
19668
18916
18836
17956
16996
15875
14803
14307
14019
13235
12851
12098
11682
11202
10706
10034
8738
8594
7937
7697
7089
6753
6225
6529
6113
5985
6081
5505
5281
5393
5457
5441
5649
4865
5265
4689
5329
5921
5969
5969
6193
6593
7425
8594
10354
12130
13539
15347
16243
17716
18356
18884
18836
18404
17636
16147
15299
13955
13219
12226
11650
10354
9746
8882
8242
7697
7185
6721
6433
6657
6401
6177
5649
5745
6097
6817
6433
6769
7601
8786
10498
12419
14371
15683
16788
18100
18836
19348
19524
19428
19284
18932
18132
17316
16788
16484
15475
14211
14003
12883
12451
11410
10818
10178
9666
8914
8370
7777
7409
7025
6705
6545
6529
6401
6049
5777
6097
5793
5537
5745
5617
5521
5425
5313
5729
5729
5713
5537
5457
5969
5681
6369
6225
6689
7153
7761
7729
8642
9378
9698
10674
11202
12050
12851
13043
13891
14595
14867
15683
16067
16468
17428
17844
18356
19108
19172
19444
19892
20180
20420
20661
21013
20549
20757
20789
20709
20517
20372
20004
19636
19172
18724
18228
17636
16788
16195
15283
14371
13987
13171
12851
12611
11842
11474
11026
10658
9746
8866
8177
7697
7409
6993
7249
6913
6673
6305
6481
6177
5873
6193
5841
5985
5953
5681
5537
5841
5585
5249
5745
5681
5617
5473
5857
5633
5457
5153
5681
5441
5185
5281
5073
5681
5713
5649
5777
5777
5889
6193
7329
8338
9714
11426
12835
14675
16003
17092
18004
18660
19172
19428
19428
19188
18772
17828
16740
15523
14899
13763
13139
13331
12258
11538
10530
10162
9202
8674
8466
7969
7649
7329
7057
6753
6561
6321
6513
6353
6369
6321
6289
6209
6033
6465
6177
6849
7201
7905
8866
10130
11618
12627
14371
15571
16996
17924
18740
19348
19860
20052
20084
19732
19412
18692
17556
16884
15603
14627
13651
13059
12611
11554
10866
10098
9314
8690
8226
7857
7441
7697
8626
8850
8482
8514
7793
7377
6929
7057
6689
6337
6113
6449
6065
6001
6577
6449
6369
6977
7521
8113
9714
10498
12098
13619
14867
16452
17684
18532
19188
19684
19988
19812
19284
18452
17444
16179
15203
14691
13731
13443
12595
12066
11394
10626
9458
9266
8722
8177
7729
7697
7009
7025
6993
6113
6529
6593
6161
6081
6241
6353
6145
5937
6353
6689
5921
5729
6241
5745
6225
6801
7137
7713
7153
6641
6369
7121
6721
6897
7969
10178
12787
15123
16868
17748
17460
16468
18212
18468
16916
15011
13363
11938
10658
9746
8770
8226
8017
7857
8017
8818
10306
13219
15555
17300
18228
18244
16996
15171
14323
12675
11378
10354
9106
8562
8145
7841
7681
7617
7681
8338
10114
12659
14979
16884
18100
18516
18132
16788
15699
14323
12883
11618
10562
9778
9058
8498
8065
7601
7217
7089
6961
7489
7777
8658
11218
13011
15027
16692
18052
18708
18980
18580
17396
16420
14931
16932
18756
18628
17060
15811
14275
13651
12307
11026
9762
9234
8802
7985
7793
7617
6913
7329
7265
7233
7377
7841
8994
10754
12819
14755
16404
17828
18580
18980
18756
18388
17140
17172
19316
20228
20581
20036
18836
17236
15539
14227
12451
11298
10178
8834
8177
8226
7841
7585
7521
7921
9202
11522
13811
16388
17892
18244
17652
15987
14707
13331
11746
10546
9554
8786
8049
7601
7153
6721
6657
7025
7393
8434
10594
13091
15075
16772
17860
18180
17972
17732
16227
14659
13843
12627
11666
10834
9682
8866
8177
7633
7281
6881
6513
6177
6465
6225
6001
6081
6497
7665
9170
11282
13155
15459
16948
17844
18260
18052
17172
15955
14531
13795
12563
11794
10770
9810
8482
8738
7537
6465
7921
6737
6033
5873
6177
6113
6049
5889
5793
5617
6001
5921
5825
5649
5585
6129
6241
6161
6065
6305
6417
6497
6465
6721
6865
7729
7601
8306
8674
9602
11170
11842
12963
14307
14915
16179
16900
17796
18372
16211
12467
10914
10530
10578
12307
14739
17252
17668
18372
18100
17284
15619
14419
12883
11810
9986
8962
7761
7489
7681
6801
6737
6977
6641
6721
7777
9842
12451
14595
16788
17860
18084
17284
15843
14243
13443
11858
10738
9154
8322
8017
7505
7137
6769
6305
6177
5857
5873
6369
6401
6529
7249
8386
9570
11410
13363
14531
15939
17380
18180
18852
19348
19604
19476
19076
17924
17140
16179
15107
14515
13555
12755
12595
12435
11474
10898
10402
9442
9026
8674
8161
7649
6881
6705
6305
6641
6353
6097
5793
5505
5873
5489
5329
5697
5441
5185
5025
5393
5313
5425
5297
5281
5889
6209
6401
7393
9042
10658
12066
14067
15299
16484
17796
18580
18852
18916
18276
17364
16131
15299
14051
13027
12547
11426
10866
10402
9442
8786
8274
7873
7713
7409
7105
6769
6497
6209
5825
5681
5649
5457
5377
5857
5777
5889
5777
6129
7073
8338
9570
11490
13315
14691
15923
17380
18164
18388
18868
19108
18916
18612
17732
16820
15555
14467
14083
13411
12771
12915
12242
12595
12210
12355
11970
12098
11762
11794
11682
11394
11074
11202
10738
10258
9986
8818
8770
8210
7297
6449
7089
6881
6593
6369
6161
5857
5537
5409
5233
5633
5473
5393
5185
4929
5393
4881
5153
5105
5025
5057
4961
4913
5089
5409
5409
5617
6001
6673
7377
7281
7633
7489
9314
11970
14067
15779
16660
15971
15283
14227
12963
11666
10786
9298
8594
8033
6993
7105
6865
6801
6465
6289
5697
5569
5857
5841
6193
6721
7457
8738
10226
11554
13571
15139
16484
17620
18356
19012
19348
20100
19108
19124
19076
19156
19060
18964
18820
18740
18276
17892
17332
16596
16452
15507
14867
14419
14067
14195
13587
13475
12595
12819
12419
12659
12194
12274
12531
12563
12178
11250
11602
12082
11826
11794
11762
11618
11154
11154
11122
11090
10530
10338
10290
10258
9570
9554
9330
8994
8818
8258
7713
7217
6977
8930
9730
9394
8642
7937
7185
6625
6305
6257
6049
5857
5665
5233
5441
5329
4945
5313
5281
5137
5617
5393
5361
5201
5713
5665
6065
6129
6033
6625
6737
7185
7649
8049
8690
9490
9986
10802
10994
11570
12403
12547
13523
13779
14771
15139
15731
16740
17252
17748
18212
18676
19092
19444
19684
19860
20068
20084
19924
19604
18884
17908
16676
15331
14131
13379
12387
11682
10290
9474
8578
8882
7553
7073
6657
6705
6449
5985
6273
5969
5729
5553
5873
5601
5857
5681
5409
5217
5233
5297
5377
6049
5473
5713
5841
6193
6049
6097
6593
6849
6481
6977
7025
6977
7073
7233
7953
8338
8466
8834
9042
8610
8546
8370
8113
7793
7585
7201
7153
7025
7457
7217
7473
7777
8161
8546
8930
9138
8930
9666
10114
10722
10978
11602
12178
12755
13123
13939
14179
15011
15091
15491
15315
15475
15331
15427
15763
16227
16740
17124
17716
18068
18276
18420
18580
18692
19156
18660
19188
19348
19684
20148
20372
20485
20629
19796
19236
17748
16612
15059
14259
17220
18084
17284
15155
13635
11842
10610
9570
8578
7985
7185
6977
6849
6769
7185
8210
10882
13283
15955
17572
17508
16339
14403
13235
11346
9810
9154
7969
7857
7617
7009
8049
10162
13139
15811
16868
17524
16836
14323
13187
11410
10082
9170
8514
7937
7537
7169
7185
6801
6769
6849
7521
9234
11314
14355
16291
17284
17492
17684
15459
14275
13091
12050
10354
9442
8482
7921
7489
6977
6481
6001
6001
6417
6225
6097
6289
7345
8978
10546
12995
15395
16852
17700
18004
17668
16692
15347
14579
13363
12611
11986
10498
9394
8930
8081
7713
7537
7105
6737
6609
6401
5681
6113
6017
6209
6129
6353
6801
8738
9442
11346
12755
14755
16195
17396
18228
18836
19028
18596
18004
17044
16259
14883
13827
13875
12242
11618
10898
9474
8962
8306
7841
7425
6785
6049
6161
6689
5665
6033
6001
6065
5489
5681
6065
5505
5809
5633
6289
6369
6657
7489
8226
9170
10354
11650
12803
13715
15251
16163
17412
18100
18708
19124
19492
19716
19700
19732
19812
19828
19332
18628
17220
15843
14467
13667
12995
12467
11634
10706
10066
9474
9106
8354
7665
7313
7009
6657
6337
5921
6145
6033
5889
5761
5569
5441
5457
5361
5393
5905
5969
6049
6449
7953
9234
10850
12307
14547
16371
17540
18036
18388
18356
17844
16836
16243
15043
14371
13459
13075
12563
11874
11106
10690
10114
9762
9138
8658
8081
7377
7409
7201
6849
6497
6145
5857
5601
6065
5873
5601
5297
5409
5393
5185
4977
4929
5329
5009
5009
5105
5185
4769
4913
5057
5409
5217
4673
4961
4977
5057
5009
5777
5697
5777
6081
6385
7057
7777
8626
9714
10978
12355
13171
14643
15603
15955
16420
17108
17588
18340
18868
19300
19572
19860
20212
20244
20228
20501
20549
20148
20068
19748
19364
18772
17860
16996
16083
15203
14883
14307
13523
13587
12931
12739
11986
12258
10898
10514
10066
9682
8706
8065
7713
7073
6929
6033
6321
5985
5953
5681
5441
5825
5633
5665
5489
5329
5089
4929
5313
5281
5217
5009
4737
5201
4977
4737
4641
4865
5105
5041
4737
4977
4561
4785
4689
4449
4801
4625
4401
4833
4529
4369
4529
4865
4705
4417
4849
4689
4481
4529
4529
4577
4593
4545
4561
4545
4529
4609
4337
4737
4465
4289
4609
4385
4609
4481
4785
4545
4833
4801
4529
4705
4593
4417
4689
4609
4385
4785
4545
4353
4737
4369
4401
5569
4609
4385
