3824
3920
3920
3680
3280
4129
3872
3792
4064
3664
3760
4129
4000
3888
4225
4129
4000
4321
4032
4016
3984
3920
3744
3664
4145
4177
4048
3904
3728
4161
4209
4161
4177
3712
3680
3728
4145
3936
4321
4385
4097
3920
3712
3856
3888
3872
3968
3824
3680
4097
4129
4161
4064
3984
3808
3728
4080
4113
3856
3584
3584
4193
4080
4097
3920
3824
4048
4145
4129
4016
4161
3808
4193
3648
3792
3632
4080
4097
3936
4016
3824
3648
3744
4129
4209
4064
4032
4000
3936
3952
3856
3696
3776
4080
3984
3808
3664
4305
4000
4080
4113
4129
4097
4161
4048
4032
4097
4000
4145
4289
4209
5105
4113
4417
4209
4609
4385
4721
4705
4849
5041
5217
5377
5553
5745
6065
6209
6225
6561
6433
7873
8001
8017
9314
9858
10386
11298
11522
12098
12691
13907
14627
15171
15795
16371
16916
17332
17684
17684
17908
18308
18596
18404
18772
18884
18628
18740
18868
18372
18356
18292
17588
17444
17124
16676
16035
15299
14643
13891
13379
12691
12643
12274
11794
11858
11362
10802
10706
10226
10066
9346
9122
8113
7953
7841
6865
6705
6593
6481
5745
5793
5793
5713
5793
5521
5473
5361
5249
4785
4753
4785
4705
4769
4801
4817
4945
4929
4433
4417
4577
4753
4897
5057
5089
4689
4929
5137
5473
5857
6065
6833
7569
8690
9794
10770
11826
13379
14051
14995
15635
16964
17476
17908
18228
18244
18564
18996
19300
18996
19172
19268
18900
18772
18532
18340
17732
17060
15795
14691
13619
12611
12146
11186
10594
9794
8530
7953
7665
6641
6865
6513
6129
6113
5777
5441
5681
5281
5169
5617
5361
5201
4961
5345
5169
5009
5025
5185
5105
4945
4833
5409
5601
5409
5409
5425
5329
5473
5633
5857
6577
6849
7441
8033
8914
8946
9794
10594
11426
11746
12483
13043
14051
14403
15395
15731
16179
16708
17108
17476
17876
18212
18516
18788
19012
19284
19492
19652
19812
19956
20052
19732
20148
19700
19700
19636
19492
19252
19044
18916
18100
18020
17764
16452
15747
15187
14115
13811
13059
12627
12194
11458
11010
10498
9890
9266
8642
7985
7457
6993
6513
6209
5857
6081
5809
5473
5217
5585
5377
5185
5089
5057
5073
5105
5697
5697
5857
6193
6721
7601
8834
10354
11858
13059
14483
15667
16468
17268
17876
18356
18724
18980
19028
18868
18612
18244
17716
16948
15763
15203
14067
13491
12595
12194
11762
10866
10418
9954
9410
8914
7921
7505
7249
6849
6817
6305
6353
5777
5953
5393
5921
5265
5169
4913
5393
5217
5009
5329
5425
5377
5601
5889
6577
7665
9218
10354
11970
13971
15203
16484
17636
17924
17924
18116
17524
16564
15267
14451
13219
12739
12146
11282
10354
9074
8370
7953
7617
7281
6545
6545
6241
5889
6193
5857
5713
5537
5377
5313
5969
6465
7329
8242
9954
11826
13347
14915
16420
16836
18004
18356
18244
17940
17396
16420
15523
14275
13507
12499
11778
11282
10466
9442
8562
7953
7489
7041
6689
6401
6113
5937
5793
5537
5409
5793
5537
5297
5201
5089
5489
5553
5521
5457
5553
6017
6209
6561
7505
8210
8994
10210
11186
12307
13443
14243
15315
16500
17156
17972
18404
18628
19188
19348
19268
18868
18612
18276
18052
17140
15843
14627
14179
13043
12307
11826
10578
10018
9010
8113
7457
6913
7265
6673
6433
5953
6161
5761
5505
5617
5313
5681
5809
5745
5825
5969
6369
6881
8338
10290
12130
13683
15203
16628
17236
18052
18084
17684
16548
15651
14307
13619
12675
11970
10914
10018
9266
8418
7617
7025
6993
6433
6129
5969
5905
6001
5953
6049
6049
6033
6705
7089
7393
9010
9938
11410
13027
13987
14947
16436
17316
18052
18388
19124
19044
18804
18980
18740
17668
17012
15683
14451
13507
12883
11778
11282
10466
9650
8642
8049
7569
7425
6833
6177
6129
6145
5729
5905
5697
5441
5681
5313
5569
5217
5601
5393
5649
5777
5985
6257
6721
7345
8594
9298
10914
11938
13411
15027
16163
16243
12403
10386
9026
8338
7585
6897
6401
6449
5969
5889
6049
5745
5921
5521
6033
5969
6385
7345
8482
10258
11714
12995
14467
15491
16708
17444
18180
18660
18756
18708
18404
17876
16948
15955
14643
14195
13699
12931
12323
11314
10610
9794
8946
8258
7297
7409
6673
6369
6481
6289
5937
5969
5681
5297
5217
5313
5153
5281
5489
5409
5153
5249
5153
5585
5393
5809
5761
5985
6017
6833
7441
8386
9586
10594
12242
13235
14595
15891
16820
17620
18116
18660
18660
18324
17652
16548
15491
14099
13379
12787
11522
10258
9298
8770
7633
7201
7233
6545
6113
6145
5681
5857
5585
5889
5857
5745
5601
6209
6433
6961
7313
7665
8418
9618
10962
10930
12146
13123
13795
15139
15683
16900
17540
17796
18644
18964
19172
19476
19892
19940
19972
19412
18916
18788
18004
17124
16115
15411
14467
14371
13091
12691
12419
11666
11426
10930
10578
9906
8962
8370
7713
7617
7201
6577
6337
5969
6257
5873
5553
5793
5537
5489
5617
5377
5121
5809
5873
6401
7649
8722
10786
12547
14243
15587
16964
17700
18308
18596
18772
18532
18212
17444
16484
15683
14483
13587
12547
11938
11218
10226
9282
8113
7569
7345
7105
6705
6513
6113
6129
5921
5745
5601
5761
5681
5601
5713
5137
5553
5585
6289
6785
7585
8658
10546
12082
13523
15523
16612
17396
17700
17284
16243
15395
13587
12851
11650
10642
9554
8706
8017
7025
6785
7633
9234
12018
14483
16355
17636
17236
16500
14723
13507
12210
10658
9442
8546
7921
7537
7089
6769
6849
6769
6913
7473
9458
11778
13907
15891
16964
17492
17364
16099
14611
13699
12291
11106
10018
8498
8177
7665
7345
6961
6993
6673
7633
9698
11970
14387
15827
17444
18164
18388
18564
18100
17588
15955
15011
13539
12323
11346
10114
8690
7937
7313
7473
6833
7217
7617
9266
11202
13747
15331
17092
18132
18196
18356
17652
16211
14707
13859
13347
12242
11618
11026
10066
9554
8210
7537
7521
6993
6817
6625
6369
5681
5521
5889
5809
5809
6609
7569
9426
11730
14611
15875
13475
12098
10274
9058
8402
7921
7025
7073
7249
8514
11426
14419
15875
15571
14499
13171
11474
10162
9186
8546
7681
7393
6849
6273
6673
6545
6417
6353
6737
7249
8258
10386
11506
12803
14195
15571
16596
17652
18452
19012
19284
19556
19556
19460
19716
18980
18676
18004
17284
16420
15507
14835
14531
13779
13171
12339
11890
12114
11826
11234
11010
11090
10578
10306
9426
9090
8642
8242
7729
7377
6977
6801
6401
6513
6257
5873
6049
5809
5329
5489
5473
5425
5057
4977
4897
4833
5137
5521
4801
4721
4833
5105
5025
5505
5649
5953
6241
7457
8177
9186
10418
11490
12803
13731
14595
15267
15939
17364
17572
18132
18244
19236
19428
19028
18900
18756
18020
16804
15859
14627
14099
13347
12563
11650
11218
10162
9186
8274
7793
7217
6657
6737
6353
6113
5857
6241
6129
6065
6305
7009
8434
9906
11346
13203
14851
16227
17140
17940
18580
18740
18628
18292
17812
16964
16019
14691
13683
12755
11922
10514
9330
8450
7697
7217
6833
6513
6561
7617
8434
10354
12995
15939
17124
17684
17796
17044
15939
14675
14227
12979
12691
11634
11122
9650
9330
8434
7841
7169
6881
6593
6545
6321
6129
5809
5825
6049
6129
6017
6289
6561
7409
8738
10226
11986
13139
14771
15987
17124
17908
18180
18372
18596
17460
15779
14099
12723
11842
10770
9666
8738
7889
7297
7185
7009
6593
6161
6369
5793
5649
5601
5793
5841
5409
5697
5713
6385
6881
8113
9586
11314
13059
14435
16035
17156
17572
17988
17780
17044
16083
14803
13411
12675
11826
10434
9138
8546
7697
7329
7009
6449
6385
6081
6273
6129
6113
6705
6577
6481
6513
6945
7185
7281
7121
7889
8049
8033
8113
8290
8978
9362
9634
10274
10706
10658
11202
11202
10786
10898
10802
10450
10434
10674
10850
11410
12210
12627
13187
13603
14403
14867
15139
15331
15523
16307
16852
17188
18004
18244
17908
17204
16211
15923
15459
15299
15939
15859
16355
17156
17844
18212
18644
19396
19572
19572
19444
18612
17828
17044
15763
14563
13795
12707
12274
11666
11202
10450
9714
8978
8274
7665
7057
7089
6385
6529
5905
6145
5985
5377
5265
5537
5569
5265
5601
6049
5569
6353
7361
8562
10450
12691
14803
16211
17284
17556
17924
17588
17732
18212
17652
16131
14403
13283
12435
11106
9938
8946
8129
8033
7409
7297
6625
6529
6417
6225
5889
5937
5857
6513
7201
8145
9602
11506
12835
14755
15955
17268
17764
18500
18308
17524
16436
15315
13987
13363
12355
11570
10514
9442
8754
7985
7457
7025
6801
6225
6177
6273
6129
6161
5953
5841
6481
7073
8386
9970
11874
13635
14931
16612
17444
17892
18596
18660
17716
15923
14787
13379
12851
12226
11362
10434
9570
11874
12723
12210
12547
12002
10354
9186
8161
7329
7361
8065
11362
14403
15827
14355
12755
11202
9298
8850
7713
7425
8001
9442
12082
14691
16211
16388
15123
13283
12387
10722
9554
8690
8129
7617
7057
6641
6801
6657
6993
9298
11842
14531
16115
16323
15715
14387
12499
11474
9986
8930
8194
7601
7201
6673
6753
6913
7265
8161
10178
12467
14355
16163
16660
16916
16147
14979
13315
12691
11778
10530
9474
8322
7585
7585
7169
6433
6497
5985
6129
6017
5713
6081
5841
5937
6481
6769
6849
7329
7873
8145
8690
9906
11218
12082
13507
14403
15779
16868
17236
18292
18340
19028
19300
19860
19956
19716
20100
20084
19860
19828
19188
18580
18036
17364
16179
15587
14723
13939
13459
13123
12627
11970
12034
11346
11282
10370
10114
9266
9010
8562
7681
7537
7025
6721
6561
6385
6193
5953
5745
5761
5425
5233
5569
5233
5089
5121
5617
5409
5601
5953
6081
7169
7521
8994
10642
11794
13299
14643
15843
16580
17620
18292
18612
17540
16371
16099
16884
17652
18548
18916
19236
18788
18260
16788
15683
14627
13411
12803
11714
10578
9426
8546
7729
7249
6705
6785
6737
6129
5985
6257
6081
6369
6209
6897
8866
10418
11954
13987
15779
17092
17540
17924
18116
17444
15907
15043
13795
13347
11554
10546
9746
8546
7921
7633
7169
6593
6641
6177
5937
5745
5985
5521
5441
5681
5457
5745
5601
6129
8081
11218
13523
15443
15731
14739
13219
12162
10482
9426
8161
8097
6897
6705
6577
6657
7217
8482
10610
13619
15571
16404
16436
14835
13811
12467
10834
9666
8802
7985
7377
7009
7009
6481
6129
6401
6417
6657
7409
8978
11170
12611
14931
16484
17444
17604
17108
15939
14579
13779
12563
11346
10306
9250
8482
7729
7601
7169
6849
6465
6017
5873
6097
5921
5489
5809
5489
5489
6049
6369
6865
8001
9186
11042
12723
14131
15523
16484
17636
18084
18324
18148
17764
17764
16852
16580
16243
15235
14755
13811
13139
12178
12082
11202
10578
10002
9906
9650
9426
8242
7521
7281
7249
6801
6593
6337
6193
5937
5649
5809
5329
5505
4945
4897
4833
5313
5265
4977
4961
4785
4881
4737
4833
4849
5329
5505
6641
9042
11314
13827
15267
16339
15827
14835
13219
12258
11026
9778
8626
7681
7249
7153
6753
6209
6369
7153
9122
12483
14579
15859
16179
14995
13395
12467
11346
10066
8770
8242
7505
6865
6897
6385
6481
6161
6065
5953
5969
6865
7905
9154
11522
14131
15603
17012
16820
15923
14467
12723
11218
9826
8578
7921
7633
7393
6801
6817
7217
8770
11010
13283
15475
16804
17364
17668
17092
16195
15315
14323
13635
12883
12595
11986
11730
11794
11330
10098
9426
8658
8354
7777
7249
6833
6481
6129
6241
5921
5601
5345
5729
5505
5201
5185
5425
5249
5057
5249
5185
4897
4897
4753
4945
5585
5025
4689
4897
5217
5185
5681
6465
7457
10450
11010
12467
13795
15315
16083
17140
17956
17988
18420
18244
17812
16980
16019
15155
14035
13619
12755
12851
12643
12851
12595
12178
11602
11234
10610
9842
9282
8402
7713
7329
6849
6401
6161
6241
5873
5985
5633
5121
5601
5185
5393
5329
5281
5169
5633
5905
6497
8290
10818
13395
15011
16436
16211
15155
14147
12979
11698
10546
9618
8690
7905
7249
6913
6737
6385
6289
7249
8610
11410
14275
15859
16452
15811
14067
13075
11234
9906
8850
8322
7585
6977
6657
6545
6625
7649
9714
12291
14931
16275
17348
17044
16179
14483
13267
11986
10930
9906
9074
7969
7713
7153
6737
6561
6529
6273
5985
6289
6481
7137
10338
12146
14611
16516
16628
16580
14995
13683
12611
11426
10034
8978
8274
7873
7265
6609
6737
6161
6257
5985
5905
6305
6849
8722
11394
14323
15683
17156
17444
16932
15907
14323
13219
11714
10290
9394
8466
7585
7313
6865
6529
6721
6625
6721
7889
9634
11554
13507
15699
16692
16740
16307
14579
13363
12563
11122
9858
8882
7953
7377
7281
6577
6449
6257
6433
6161
5937
6593
6897
8546
10706
12899
14611
15987
17428
17652
17844
17732
17524
16115
14563
13027
11922
10642
9618
8674
7601
7697
6769
6961
6321
6593
6657
7473
9250
11634
14259
16099
17236
16804
16019
14483
13411
12323
10594
9618
8514
7601
7569
7329
6561
6673
6353
6241
6881
7537
9970
11970
14211
16227
17012
17988
18196
17636
17364
16051
14867
13795
12851
12210
10738
10306
9506
8658
8001
7249
6929
6449
6497
5809
6321
5793
5553
5793
6033
5681
5665
6577
6945
7841
9570
11442
13315
15219
16548
17268
18052
18196
17588
16660
15475
14307
13523
12274
12018
11186
10306
9362
8674
7585
7505
7089
6593
6129
6417
5697
5985
5793
5889
5585
6049
6193
6705
7537
8354
9506
10834
12659
14083
15443
16628
17428
18340
18436
18292
18292
17652
16644
15715
14883
13747
13187
12467
10994
9762
9122
7905
7729
7281
6689
6737
6417
6353
5761
5841
5953
6049
6209
6721
6977
7841
9234
10258
11538
12979
13859
15043
16612
17396
18164
18532
18884
19044
18772
18164
17284
16404
15427
14547
13683
12755
12114
11634
11186
10562
9794
8994
8145
7473
7025
6769
6417
6209
5793
6065
5889
5601
5841
5697
5793
5617
5681
6433
6817
7969
9202
11170
12531
13523
15187
16532
17236
18068
18676
19124
19220
19124
19428
19268
18852
18340
17444
16227
15395
14659
13939
13027
12835
11970
11794
11042
10818
10306
9778
9138
8722
8290
7777
7089
6673
6881
6481
5969
6129
5553
5873
5553
5569
5457
5105
5137
5009
4881
5057
4961
5089
4897
5137
4609
4817
4961
4865
4593
4609
4657
4945
4625
4897
4753
4961
5393
4849
4785
5057
4753
5233
5297
5137
5025
5585
5569
5377
5729
5665
6129
6209
6289
6689
7361
7761
8306
9394
10498
11074
11506
12178
12547
12947
13203
13155
13507
14019
14227
14067
14739
14627
14995
15139
15475
15507
15987
15891
16211
16035
16452
16099
16404
16804
16628
16355
16628
16676
16612
16708
16932
16484
16564
16003
16083
15699
15507
16259
15411
15491
15059
15299
15395
15059
15363
15379
15731
15907
15667
15587
15619
15811
15827
15635
15475
15491
15347
15491
15427
14755
15363
15699
15827
16035
15859
16179
16323
16404
15859
15987
15907
15555
15411
15347
