20805
20741
21077
21029
20869
21205
21269
21141
21109
21109
21253
21445
21125
21333
21573
21605
21429
21733
21909
21797
21861
21861
21797
21765
21989
22021
21989
21957
21861
21861
22037
21973
21925
21829
21925
21941
21797
21701
21477
21621
21285
20677
20420
19620
18308
17124
14883
13155
11378
10322
9346
8946
8017
7905
7153
6689
6833
6193
6161
6321
5681
5985
5633
5889
5441
5505
5697
5393
5489
5057
5457
4961
5073
5329
4849
4929
5185
4769
4897
5265
4753
5009
4593
4545
4881
4497
4673
5169
4529
4753
5025
4433
4689
4865
4513
4721
4881
4433
4593
4881
4433
4865
4449
4689
4913
4609
4689
4945
4881
4881
5185
4897
5233
5569
5361
5857
5841
6625
7569
7921
8818
10098
11026
12226
12931
13699
14979
15731
16644
17204
17556
18276
18532
19092
19220
19204
19604
19540
19924
19716
19492
19620
19604
19316
19332
18964
18596
17828
17204
16532
15331
14707
14195
13235
12803
12339
12098
11778
11842
11458
11026
10450
10274
9906
10018
9490
8898
8690
8033
8161
7265
7009
6913
6881
6449
6049
6097
6465
5825
5985
5489
5665
5441
5473
5585
5169
5441
4897
5089
5281
4833
5009
5217
4561
4865
5057
4593
4689
4977
4545
4769
4897
4465
4577
4817
4961
5105
4593
4945
5089
4929
5105
5377
5697
5537
5921
6529
6673
7569
8033
9234
9922
11234
12002
12739
13555
14403
15235
16019
16275
16820
17348
18020
18484
19604
19076
19396
19732
19844
19220
19572
19940
19748
19332
19396
18852
18916
18324
17700
17412
16580
15955
15523
14563
14147
13539
13123
12771
12274
12467
12066
11698
11314
10994
10930
10594
10178
9714
9202
8994
8770
7937
7777
7233
6721
6769
6641
6481
5937
5825
5713
5841
5953
5297
5361
5537
5025
5153
5265
5233
4897
5137
4721
4833
5073
5105
4961
4929
4945
4913
4817
4881
4945
4785
4769
4785
4945
5073
5425
5665
5409
5905
6401
6913
6865
7473
8129
8850
9090
9954
10066
10674
11106
11250
12082
12162
12435
13491
13523
13987
14131
14723
15139
15507
15859
16275
16676
17220
17172
17700
18308
18532
18740
18948
19028
19556
19284
20388
20853
19988
19860
20148
20388
20324
20549
20436
20597
20372
20501
20436
20084
19812
19988
19460
19652
19300
18772
18724
18052
17668
16980
16676
16371
15635
15251
14707
14227
13731
13107
12579
12002
11442
10930
10210
9490
9490
8834
8274
7857
7665
7393
6977
6913
6545
6609
5937
6161
6257
5729
5857
5841
5489
5633
5233
5249
5377
5441
4945
4897
5153
5233
4849
4737
4769
4993
5089
4481
4721
4801
4897
4929
4481
4625
4737
4817
4801
5025
4385
4561
4721
4961
5169
4641
4881
5121
5329
5521
5185
5233
5777
6097
6513
6129
6641
7233
7953
8177
9250
9970
11202
12082
12755
13891
14483
15507
15907
16868
17188
17588
18644
18100
18676
19300
19492
19540
19860
19620
19956
20308
19828
19924
19988
19572
19700
19380
19428
19284
18788
18660
18516
17620
17476
17220
16436
16179
16003
15683
15411
15235
15091
14819
14515
14307
14131
13827
13603
13347
12947
12883
12803
12515
12274
12050
11938
11762
11506
11314
11090
11314
10962
10594
10690
10210
10130
9730
9698
9362
8818
8738
8818
8177
8242
7985
7553
7649
6961
6977
6929
6369
6257
6273
6225
5665
5617
5713
5265
5217
5425
5377
5377
4897
5025
5233
4609
4897
5057
5089
4593
4609
4817
4945
5297
5633
5745
6641
7377
8722
9522
11330
12307
13459
14467
15235
16532
17812
17508
17860
18388
18660
19012
19348
19524
19396
19620
19124
18644
18276
17796
16884
16420
15171
14467
13859
13331
12739
12355
11890
11410
10738
9842
9474
8434
8258
7953
7153
6993
6913
6129
6177
6129
6081
5905
5489
5521
5665
5089
5297
5505
5441
4945
4961
5265
5409
5537
5105
5377
5697
5841
5585
6033
6801
7889
8738
10386
11186
12419
13827
14707
15683
16644
17460
18100
18244
18932
19172
19364
19460
19652
19284
19428
18788
18660
18244
17412
16788
16099
15603
14867
14307
13699
13235
12771
12355
12018
11714
11458
10946
10626
10546
10402
9890
9330
9186
8017
7873
7409
7089
6497
6449
5921
6081
6337
6369
7617
7745
9266
11106
12771
14819
15891
16900
18004
18244
18740
18548
18356
17444
16916
15795
15139
14531
13859
13219
12755
12242
11698
11058
10082
9570
8722
7985
7905
7185
7153
6673
6385
6321
5921
6129
5697
5745
5201
5521
5585
5089
5361
4945
5169
5441
4945
5233
5361
5137
5409
5137
5601
5329
5777
5665
6257
6273
7313
8210
9186
11010
12050
13347
14515
15155
16163
17060
17572
18292
18708
18884
19380
19412
19124
19332
18788
18116
17812
16612
15859
14579
13811
13203
12627
12034
11106
10546
9522
8562
8097
7441
7185
6705
6689
6177
6305
5729
5841
6033
5569
6225
5873
6321
6401
7441
7825
9378
10466
11746
13283
14419
15827
16820
17748
18468
18708
19076
19220
19476
18980
18756
17812
17092
15971
15075
14355
13203
13139
12499
11986
11314
10642
9906
8882
8786
8001
7137
7329
6833
6801
6241
6273
5857
5905
5521
5809
5441
5489
5601
5681
5073
5153
5169
5457
5473
5297
5457
5073
5313
5585
5361
5697
5553
5857
6289
6305
7345
8097
9410
10898
12467
14211
15699
16836
17972
17812
18308
17620
17060
15763
14835
14003
13267
12595
11714
10914
10050
9074
8562
7873
7137
6977
6881
6193
6705
7681
10146
12210
14163
15955
16820
17956
18596
18356
18004
16804
15875
14803
13283
12963
11650
10322
9010
8578
7745
7553
6929
6929
6737
6353
6049
6049
5825
5681
6081
6225
5681
6593
6961
7729
8690
9682
10498
11346
12755
13523
14259
15123
15923
16420
16916
17748
18036
18676
18884
18964
19540
19636
19604
20148
20036
20244
20052
19716
19860
19524
19012
18932
17924
16452
15427
14419
13587
12659
11026
10514
9250
8113
7969
7249
7201
6577
6545
6641
6081
6129
6337
6033
6705
7473
8242
9730
11666
13267
14755
15699
16996
18036
18388
19044
18932
19028
18772
18436
17988
16900
16339
15123
14531
13971
13459
13027
12755
12339
11970
11538
10994
11202
10914
10530
9922
9010
9010
8274
7249
7313
6593
6513
5889
6049
5905
5441
5441
5569
5105
5057
5233
5313
4881
4977
5393
5297
4993
5409
5553
5537
5521
6337
6769
7665
8338
9026
10482
11410
12403
13395
14403
15443
16468
16884
17572
18612
18516
18932
18788
18788
18036
17764
17076
15699
14643
13683
12723
11714
11058
9922
8818
7825
7697
6993
6945
6289
6401
5745
6017
6177
5825
6337
6833
7617
9234
10530
12323
14531
16019
17172
17620
18036
17812
16740
15667
14611
13619
12707
11554
10210
9330
8161
7889
6993
7025
6385
6497
6769
7329
8242
9986
12018
14371
16019
16868
17828
18356
17572
16916
15779
14867
13795
12851
11890
10946
10322
9330
8626
7873
7713
6833
6609
6433
6337
6225
6113
5585
5505
5553
5633
5729
6289
7121
8802
10770
13267
15219
16468
17172
17364
17524
18116
15939
15955
15283
14403
13779
13235
12627
12194
11522
11394
11074
10450
9906
9698
9074
8898
8242
8033
7601
7521
6849
6737
6129
6097
6161
5553
5601
5633
5121
5105
4945
5169
5313
4945
4913
5025
5313
5857
6433
7393
9378
11954
13987
15587
16163
17012
17252
16163
15523
14211
13091
12082
11026
9890
9426
8129
7777
6929
6849
6241
6321
6321
6001
6561
7713
9858
12547
14899
16227
16692
15795
14179
13011
12018
11234
9842
8690
7745
7489
6673
6673
6609
6305
6801
6641
7745
9026
10834
12899
14931
16035
17124
17972
18292
18100
17844
16676
15635
14627
13891
13155
12579
12002
11186
10850
10610
10322
9778
9458
9234
7841
7841
7249
7057
6449
6433
5841
5889
5841
5473
5585
5217
5409
5441
5185
5905
6817
9042
11698
14179
15779
16179
15923
14803
13667
12066
11378
10898
10018
8818
7889
7489
6897
6817
6305
6273
5745
5857
6097
5457
5729
5281
5473
5825
5681
6817
8210
10498
12435
14307
15827
16596
17380
18180
18068
17396
17156
16019
15251
14499
13843
13459
12803
12483
12146
11506
11490
11474
11890
12595
13171
14051
14675
14579
13811
13379
12963
12595
12355
12082
11906
11762
11650
11490
11234
10850
10914
10466
9602
8642
8258
7249
7313
6625
6593
6001
5905
5953
5377
5441
5585
4929
5025
5041
4881
5281
5489
5057
5281
6209
7953
11298
13491
14963
15779
15731
14931
13667
12947
12339
11602
10770
9762
8690
8145
7345
7201
6337
6513
5905
6033
5409
5569
5697
5345
5441
5169
5441
5825
5937
6993
8033
9682
12146
13811
15379
16371
16291
14851
13715
12883
12034
11090
10002
9458
8514
7473
7201
7009
6449
6417
5729
5809
5873
5377
5377
5649
5265
5457
5649
5217
5841
5553
6049
6145
6913
7777
8402
9618
10530
11394
12387
13395
14291
14611
15475
16131
16772
17236
17940
18132
18724
18916
18964
19268
19156
18420
18020
17556
16420
15747
14531
13747
12995
12339
12451
12066
11570
10050
8674
8177
7393
6705
6561
6353
7009
7281
6737
7729
9026
11698
14243
15795
16580
15299
13923
12611
11746
10162
8914
8274
7521
7425
6641
6865
7329
8033
10450
12803
14867
16275
17220
17396
17188
16500
15411
14323
13331
12499
12194
11266
10226
9714
8722
7665
7185
6897
6609
6513
5969
5841
5921
5809
5441
5377
5361
5377
5441
4961
5105
5217
4785
4721
4769
4785
4897
4977
4977
4561
4625
4721
4801
4977
4465
4545
4673
4817
4401
4529
4593
4705
4897
5201
5889
7329
8930
11090
13427
15139
15635
15619
14883
13555
12547
11442
10050
9298
8033
7697
6897
6785
6705
6129
6129
5633
5793
5201
5313
5633
5617
5569
6113
6641
8498
10658
12435
14771
15987
16355
16051
15219
13731
12274
11282
10002
8722
7745
7473
6737
6593
6577
5969
6081
6209
5761
6129
6641
6833
8242
9282
10626
12387
13379
14755
16067
16660
17524
18196
18372
18628
18036
17732
16996
15747
14835
13875
13027
12130
11330
10466
9458
8562
8306
7521
7217
6705
6609
6017
6001
6129
5537
5553
5585
5617
4977
5137
5233
5329
5505
5617
5441
5921
6401
7553
7841
9106
9986
11106
12675
13939
15187
16227
17124
17684
17988
18340
18276
17652
16676
15603
14067
13379
12355
11346
10546
9426
8306
7969
7601
6913
6753
6225
6193
6049
5857
5777
5745
5665
5665
5313
5521
5089
5393
5537
5249
5489
6049
6369
6913
7537
8097
9122
10146
11138
12355
13171
14083
15027
15955
16820
17556
18196
18372
19044
18788
18852
18932
18308
17956
17188
16131
14643
13587
13027
12451
11666
10642
9426
8930
7969
7585
7217
6593
6641
6097
7649
7969
8177
7825
6817
6593
6401
5697
5697
5617
5649
5521
4961
5041
5249
5329
5457
5153
5345
5489
5521
5457
5521
5793
5777
6881
8658
10514
12435
14051
15539
16628
17396
17268
17380
17204
16692
16195
15379
14339
13411
12579
12082
11634
10802
10642
9506
8962
8033
7729
6977
6593
6385
6161
6065
6001
5889
5361
5361
5345
5489
5777
5729
5537
6129
7233
8578
9778
11666
13731
14579
15379
16756
17364
18212
18324
18260
18052
16452
15603
14451
13507
12547
12146
11058
10050
9442
8370
7985
7169
7025
6401
6273
6177
6097
5633
5841
6033
6065
6929
8738
10306
12483
14179
15635
16852
17716
18324
17876
17732
17300
16612
15603
14819
13939
13571
12563
11794
11090
9762
9058
8530
7537
7377
7041
6769
6577
6353
5761
5505
5329
5393
5393
5393
5505
5441
5553
5489
5761
5697
5441
5425
5633
5969
6289
6561
6817
6769
7713
8866
9506
10674
11618
12034
12531
12883
13683
14019
14211
14483
14627
14611
14611
14147
13875
13475
13235
13283
13363
13395
13875
15107
16436
17220
17940
18164
18340
18036
17172
15987
14691
13907
12835
11922
11154
9922
8786
8306
7201
7489
6801
6705
6353
5985
6065
6337
6641
6561
7457
9026
10210
11586
13027
14371
15299
16548
17412
17988
18212
18500
18964
19220
19252
18964
18244
17236
15987
14611
13923
12739
12563
11506
10898
10258
9362
8594
7825
7217
7217
6753
6353
5777
5921
6033
5665
5889
5681
5345
5729
5473
6209
6305
6673
8113
9138
10322
11618
13171
14627
15459
16612
17172
17924
18340
18964
19124
19220
19204
19204
18932
18548
18020
17220
16019
15267
14067
13459
12979
12515
12194
11826
11362
10722
9890
8786
8402
7569
7361
6737
6641
5969
6257
5681
5825
5441
5601
5729
5409
5617
5345
6529
6225
7121
8322
10018
12226
14147
16083
16836
16980
16692
15187
14323
13459
12723
11906
10690
9842
8594
8097
7265
7073
6737
6337
6417
5857
5969
5969
5729
5745
5889
6113
5921
6321
7057
7729
9266
10434
11666
13283
14659
16003
16932
17492
18068
18516
18292
18004
17204
16083
15427
14515
13683
12835
12531
11762
11074
10082
9122
8722
7761
7585
7345
6801
6673
6545
5873
5841
5825
6033
5201
5441
5553
5265
5073
5073
5217
5361
5057
4993
4977
5281
5345
5073
5553
5569
6961
8546
10978
12771
14371
15763
16916
17364
18148
17876
18084
16964
15715
14323
13027
12162
10786
9970
8898
7873
7569
7377
6641
6529
6369
6017
5825
5729
6609
7953
10562
13011
15427
16500
16628
16339
14739
13571
12627
11602
10802
9682
8546
8113
7249
7073
6401
6577
6001
6209
5649
5937
5921
5825
6289
7009
7505
9090
10274
11698
13155
14531
15635
16307
17044
17508
18132
17700
16916
15859
14531
13379
12291
10914
10002
8866
8338
7633
7457
6689
6545
6529
6497
6065
6577
7425
9090
10690
12547
14435
15955
17188
17972
17748
17492
16275
15011
13475
12419
11938
10866
9666
9026
7889
7585
7409
6945
6417
6497
5825
5905
5921
5953
5361
5617
5761
5937
5681
5969
6481
6977
7825
8546
10546
12339
14803
16115
16788
16179
15411
14179
13123
12210
11778
10594
9938
8930
8177
7521
7073
6545
6033
6065
6193
6097
6241
6049
6673
6577
7153
8498
11074
13619
15571
16500
16307
15011
13747
12579
11794
11394
10226
9026
8049
7745
7025
6913
6225
6369
5857
6049
5841
6081
6593
6929
8129
9426
10594
12162
13907
15107
16371
17012
17348
17092
15619
14131
12819
12082
10690
9202
8546
7985
7185
6961
6769
6449
6001
5985
6273
7313
9378
11906
14227
15987
16996
16980
15763
14387
13651
12499
11282
10482
9218
8674
8049
7585
6705
6513
6353
6385
6401
6689
6833
8594
10466
12627
14739
16307
17252
17076
16500
15331
14099
13075
12146
11666
10594
9426
8802
7809
7473
6817
6529
6497
6401
6241
6081
6033
5969
6097
6257
6641
7985
10178
12835
14419
15907
16660
17268
16323
15651
14451
13587
12403
11330
9970
9058
7985
7409
7377
6753
6849
6385
6753
7713
8930
10402
11666
13091
14803
16211
16275
14579
13011
11474
9842
8642
8177
7617
7009
6913
6241
6369
5825
5857
6001
5425
5761
6417
7009
8674
9938
11026
12947
13939
15203
16452
17460
17588
18196
17860
16788
14931
13635
12066
11026
9778
8642
8226
7345
7137
6465
6673
6049
6177
6401
6417
7729
9634
11474
13795
15299
16820
17364
17876
18420
18548
18020
17332
16404
15107
13875
12867
12419
11474
10178
9474
8802
7713
7233
7041
6817
6609
5889
5969
5905
6625
7569
8738
10898
12483
13683
15203
16211
17764
18020
17956
18628
18132
17044
15859
14739
13859
12899
12627
11858
11682
10978
10642
9394
8610
8097
7217
6961
6689
6465
6209
6065
5809
5841
5809
5233
5153
5009
4961
4977
4849
4833
4865
5233
5073
4657
5137
5025
4897
4753
4625
4673
5041
5105
5089
4561
4769
4945
5057
4625
4769
4913
4945
4945
4641
4817
4913
5057
4513
4545
5057
4689
4881
5073
4625
4625
4593
4705
4865
5057
5137
5041
4721
4657
4977
5329
4785
5041
5121
5297
4641
4817
4817
4913
4753
4289
4433
4529
4529
4545
4625
4609
4657
4753
4865
4433
5041
6337
8594
10946
13107
14419
15811
16420
16532
16868
17316
16323
15955
15139
14323
13571
13411
12803
12579
12114
12146
11666
11106
10994
10978
10498
10450
10434
9826
9858
9810
9394
9442
9394
8994
8962
8370
8482
8354
7745
7681
7697
7537
7041
6961
6929
6977
6945
6865
6753
6241
6145
6177
6065
6065
6033
6001
6001
5937
