4257
4449
4321
4657
4817
4657
4817
4785
4289
4705
4769
4593
4417
4481
4593
4753
4785
4577
4737
4801
4753
4289
4369
4449
4577
4737
4305
4273
4321
4433
4577
4609
4753
4497
4561
4641
4625
4673
4577
4529
4449
4465
4337
4289
4289
4305
4113
4481
4801
4401
5393
4177
4705
4513
4769
4337
4625
4561
4513
4561
4577
4433
4449
4417
4481
4273
4353
4145
4209
4337
4048
4593
4545
4433
4481
4401
4401
4369
4353
4433
4433
4337
4321
4273
4193
4145
4000
4145
4161
4177
4097
4225
4129
4113
3888
4032
4080
3856
4401
4385
4257
4064
4080
4048
3952
3728
4080
4064
4080
3872
3824
4321
4161
4097
3936
3856
3760
3840
4177
4273
4129
4177
4209
4193
4145
4193
4097
4113
3984
3536
4465
4321
4225
4241
4161
4129
4209
4145
4097
4113
3968
3968
4401
4481
4353
4241
4032
4145
4641
4561
4449
4465
4369
4321
4337
4369
4865
4913
4449
4833
4673
5409
5537
6641
6865
8001
9090
10514
11282
12643
13779
14787
15619
16660
16708
17028
17092
17268
17124
16772
16371
15683
14883
14051
13635
13011
12274
12226
11634
10914
10946
10770
10242
9970
9666
9506
9074
8177
7905
7377
7025
6689
6353
5921
5857
5665
5489
5233
5185
5009
5281
5233
5041
4785
4545
4561
4545
4401
4449
4977
4865
4817
4689
4417
4929
4865
4737
4577
4513
4721
4769
4833
5313
5425
5553
5601
5729
6737
7473
8450
9330
9650
10818
11490
12963
14243
15843
16724
17332
17812
18004
17908
17652
17188
16612
15939
15539
14803
14515
13987
13459
13315
12739
12819
12307
12483
12146
12210
12435
12291
11826
11794
11506
11554
11666
11426
11682
10834
10994
10930
10402
10354
9746
9634
9602
9586
9570
9474
8994
8546
8418
8290
8161
8065
8322
8065
7825
7729
7505
7233
7073
6865
6513
6241
6001
5761
6033
5729
5473
5153
5441
5201
4929
4737
5073
4977
4673
4993
4865
4721
4561
4769
4769
4625
4545
5057
5025
5041
5009
5073
5745
6081
6481
7377
8498
9442
9986
11090
12371
13059
14307
14995
15443
16371
16868
17316
17652
18004
18324
18644
18932
19076
19108
18964
18628
18356
17812
17732
16980
16003
15075
14547
13619
13011
11890
11090
10114
8850
8081
7873
7425
7041
6593
6321
6129
5921
5745
5553
5265
5633
4673
5217
4881
5073
5873
4913
5153
5233
4785
5233
5105
5105
5009
5025
5009
5105
5169
5105
5393
5553
5777
5921
6065
6385
6817
6545
7121
7761
8770
8866
9522
9714
10322
10466
11442
11794
12867
13459
14051
14643
15091
15555
16163
16836
17572
18196
18564
16788
14579
12867
11442
10802
9938
8706
8338
7905
6977
6513
6225
6081
5921
5681
5665
5553
5377
5185
4897
5441
5441
5249
5137
5025
5057
4993
5361
5329
5169
5153
5057
5009
4929
5089
5249
5297
5441
5873
6417
7201
8226
9426
10194
11842
13075
14467
15891
16708
17476
18036
18532
18388
18548
18596
17876
16884
15843
14547
13939
12867
12226
11490
10738
9762
8882
8354
7969
8274
6577
6721
5873
8930
11874
14099
15811
17140
17988
18372
18100
17380
15987
14419
13683
12643
11298
10226
9154
8258
7601
7233
6961
6609
6449
6369
6225
6193
6209
6305
6465
6929
7761
8786
10034
11202
13091
14227
15363
16275
17108
17844
18516
19060
18980
19108
19364
19252
18948
18100
17748
17268
16708
15715
14739
14403
13475
12659
12659
12034
11378
11026
9890
9458
8338
7905
7489
7217
6705
6129
5969
5729
5665
5489
5345
5105
5585
5457
5361
5201
4977
4785
5281
5137
5009
4833
4993
4961
4929
5073
5137
5345
6097
6305
6593
6881
7265
7185
7681
8258
9058
10162
11282
12002
12947
14211
15011
16211
16852
17716
18484
18772
18932
18948
19124
18564
18292
17684
16756
15843
14899
14035
13235
13011
12403
11714
11554
10818
10482
9618
8946
7969
7473
7073
6769
6449
6257
6145
5985
5873
5793
5745
5713
5713
5841
6097
6609
7537
8962
10210
11986
13283
14611
16275
17156
17908
18484
18932
18900
18212
17652
16516
15715
14419
13747
12963
12563
11602
11298
10386
9650
8834
8562
8418
7697
7473
7361
7201
7009
6865
6721
6577
6305
6257
6097
6049
5889
5697
5521
5329
5169
5073
4945
4881
5297
5169
5025
4801
4897
5009
4817
4705
4417
4449
5009
5009
5041
5281
5985
7409
9570
12050
13955
15603
16500
17588
16147
15107
13763
12963
11826
11106
10146
9122
8818
8001
7105
6817
6465
6161
5969
5681
5521
5361
5745
5585
5377
5393
5409
5393
5505
5633
6337
6833
7601
8129
9410
10914
12435
13715
14867
16003
16948
17940
18100
17956
17220
16147
14611
13219
12691
11570
11026
10178
8770
7937
7537
6993
6561
6129
6465
6257
6177
6097
6161
6401
7393
9378
11906
14051
15779
16852
17220
16932
16323
15091
13907
12787
12323
11074
10530
9698
8722
7729
7505
7073
6833
6769
6305
5969
5729
5505
5249
5745
5793
6081
6369
7473
9218
10946
13251
14739
16035
17460
17748
17588
17156
15779
14675
13539
12963
12226
12002
10946
10210
9698
8674
7729
7521
6673
6593
6545
6049
6609
5777
5921
5249
5809
5185
5713
5713
5777
5921
6241
6129
6769
7729
9266
10866
12274
13651
15011
16371
17236
17956
18452
18500
18388
18276
17556
16420
14931
13667
12547
12034
10738
9362
8642
8097
7713
7265
6545
6401
6225
6097
6033
6001
5825
5297
5393
5441
5345
5233
5297
5361
5841
5969
6129
6385
6833
7249
7697
9058
10530
11554
13171
14483
15683
16644
17380
17988
18516
18772
18996
18404
17876
16868
16115
14867
13667
13187
12274
11858
10898
10466
9762
8722
8242
7809
7329
6929
6721
6465
6241
6001
5841
5633
5409
5217
5553
5553
5425
5345
5313
6065
6385
7345
8770
10658
12659
14499
15555
16692
17204
17156
16163
14563
13587
12018
10674
9474
8642
7969
7457
7121
6913
7073
8770
11970
15155
16211
15251
13875
11906
10370
9186
8450
7841
7393
7217
7505
9538
12595
15043
16452
16580
16019
14371
13251
11826
10642
9570
8594
7921
7313
6977
6673
6545
6497
6929
8818
10850
13699
15539
16724
17828
17700
16996
15539
13939
13219
12723
11362
10546
9154
8354
7905
7457
6929
6577
6177
6337
6161
5793
5649
5457
5809
5841
6033
6529
7841
9634
11938
14227
15603
16692
17508
17252
16115
14323
13427
11890
10594
9474
8578
8017
7233
7201
7089
7265
8594
11154
13539
15955
17188
17236
17444
16067
14995
14403
12963
11922
10354
9922
8642
8161
7697
7201
6849
6449
6017
6177
6001
5857
5585
5393
6033
5777
5713
6305
6657
7393
8962
11074
12835
14435
16291
17236
17668
17508
16692
15107
13603
12755
11202
10050
8706
8113
7681
7281
6561
6369
6225
6129
6193
6241
6561
6993
8049
9138
11122
12835
14835
16275
17220
17940
18292
18132
17380
16019
14499
13683
12355
11570
10722
9170
8946
8033
7617
7089
6705
6241
6465
6193
5937
5617
5473
5329
5697
5473
5265
5633
5489
5553
5649
6897
8546
10658
12691
14899
16131
16724
16580
15875
14115
13347
12146
10626
9570
8866
8145
7121
6849
6497
6241
6145
5985
6241
5857
6097
7009
8097
10050
12307
14003
14931
16788
17412
17348
16548
15027
13603
12419
11474
9858
9202
8017
7585
7281
7089
6257
6097
6049
6289
6721
7201
9458
12034
14179
15923
17044
17860
18180
18196
17588
16948
15907
14803
13891
13027
12611
11746
10898
10418
9266
8450
8113
7265
6945
6737
6561
6257
6049
5921
5617
5457
5489
5537
6161
7985
10962
13587
15267
15619
14803
13075
11762
9746
8738
8113
7601
7281
6481
6705
7553
10050
13075
15299
16548
16676
15507
13843
13043
11634
10578
9570
8706
8033
7089
6657
6465
6033
5953
5793
5617
5713
5921
6449
7457
9474
11602
14243
15747
16404
15731
14515
13267
11250
10130
9618
8754
7409
7089
6705
6705
7313
6257
7217
8418
10658
12899
14627
16003
17076
17460
17972
17380
16323
15027
14339
13267
12787
11538
10770
9698
8770
8129
7569
7233
6817
6769
6625
7297
9714
13091
15171
16660
16484
15171
13587
12867
11938
10450
9458
8626
7889
7425
6913
6369
6545
6337
6097
5777
5649
5281
5361
5329
5281
5665
5729
5905
5777
5921
6273
6721
7345
7937
8642
9634
10514
10850
11970
12387
13219
13635
14515
14963
15459
16275
16852
17236
17668
17924
18036
17604
17316
17460
17924
18340
18660
18932
19412
19300
19620
19652
19124
18644
18228
17572
16740
15651
14707
13603
12883
12611
11714
11234
9826
9394
8386
8322
7777
7505
6129
6737
6385
5585
6033
6129
6545
7841
9954
12963
15187
16548
16980
16436
14979
13859
12787
11730
10898
9794
8562
7889
7553
7265
6449
6257
6001
5729
5633
5601
5441
5841
5809
5889
6065
6433
7217
8081
10098
12355
14115
15539
14419
13331
14035
15491
16964
17492
17108
16003
14419
13411
11970
11090
9378
8770
8338
7313
6929
6545
6497
6273
6129
6129
6417
7329
9074
11442
13699
15363
16708
16788
16115
14547
13411
12691
11202
10130
9186
7969
7345
7089
6753
6433
6321
6305
6289
6609
7569
9186
11346
12995
15347
16612
17396
17492
16868
15411
13875
13123
12323
10818
10018
9058
7809
7745
7153
7393
6993
6977
6561
5969
6129
5553
5681
5697
5745
5617
5697
5921
6337
7217
8626
9650
11666
13235
15331
16452
17364
17764
17428
16404
14915
13411
12018
11106
9570
8754
8177
7217
7057
6769
6641
6513
6449
6769
7105
8450
10258
11842
13763
15139
16275
17236
17972
18468
18852
18868
18644
17684
17140
15907
14755
13699
12819
12547
11842
10850
10386
9426
9026
8017
7649
7217
6833
6529
6369
6241
5985
5953
5985
5697
5265
5233
5169
5153
4961
4977
4881
4897
4977
4929
4929
4993
4929
4913
4897
4849
4657
4577
4561
4529
4657
4641
4577
4513
4465
4449
4465
4353
4417
4337
4353
4321
4369
5105
5489
7009
7185
9570
9650
12034
14019
14803
15955
16852
17380
17940
18052
18596
19060
19492
19300
19188
19428
19732
19172
17828
16035
14323
12851
11666
10178
9282
8113
7617
7393
7233
6897
6577
6305
6033
5985
5873
5937
6193
6721
7457
8242
8161
9314
10786
12098
14387
15955
16420
15443
13379
12050
10066
8898
8226
7761
7633
8850
11906
15059
14499
12659
11074
9282
8450
8001
8274
10418
14163
15603
14515
12819
11202
9650
8834
7585
7265
7217
7825
9906
13043
15299
16436
15843
14339
12739
10674
9250
8658
8113
7649
7313
7297
7569
8770
10914
13251
15187
16852
17396
16916
15683
14243
13491
12355
11682
10002
9138
8001
7825
6897
7025
6369
6385
6001
6209
6001
7425
10706
14131
14867
13411
12258
10066
9074
8338
7697
7297
7057
7153
9026
12371
14819
15923
16323
14787
13107
12034
10594
9330
8129
7489
6929
7089
6801
6705
6817
7393
8402
9682
11858
14051
15603
16804
17620
18020
18340
18036
17156
15667
14403
13507
12403
12146
11250
10850
10290
9266
8818
8386
7889
7329
7057
6705
6417
6113
6337
6129
5729
5857
5825
5681
5585
5281
5185
5025
4849
5105
5089
5041
4897
4833
4689
4657
4497
4465
5089
5137
5249
5537
6001
6833
8129
9954
11170
13507
14947
15987
16692
16836
16147
14899
14035
12787
11618
10530
9154
8482
7921
6609
6657
6593
6353
6129
6561
7201
9090
10946
13347
15395
16628
17172
16628
15555
14003
12595
11954
10338
9346
8161
7665
7217
6945
6705
6513
6241
6065
5985
6001
6321
6769
7953
9714
11682
13523
15075
16195
17156
17876
18244
18228
17764
16884
15699
14467
13299
12771
11634
10994
9378
8690
8210
7793
7249
6993
6081
5921
5777
5585
5985
6017
5985
6033
6321
6657
7089
8722
10482
12210
14323
15987
16868
17508
17924
17684
17444
16275
14947
13779
13283
12146
11218
10194
9458
8754
7681
7329
7057
6657
6417
6305
6257
5889
5793
5777
5873
5729
5729
5713
5953
6033
6001
6017
6497
7393
8738
10498
12274
13747
15395
15587
17140
18548
19092
17812
17668
16804
16388
15187
14323
13299
12355
11666
10386
9570
8434
8097
7153
6849
6561
6417
6241
6065
5905
5841
5697
5521
5505
5425
5793
6225
7761
8786
10722
12739
14179
15587
16612
17300
18180
18356
18068
17316
16532
15075
13811
12787
12226
11026
10418
9106
8498
8177
7457
7137
6385
6177
5969
5633
5713
5569
5489
5377
5361
5249
5121
4945
4977
4929
5505
5537
5649
5121
5777
5889
5713
6241
6769
7617
8546
9282
10626
11442
12963
13843
14611
15939
16676
17268
17860
18340
18804
19172
19044
19364
19268
19172
18804
18020
17412
16596
16371
15699
15027
14403
13731
13651
13075
12419
12579
11570
11778
11682
11266
11026
10482
9858
9362
8594
7377
7473
7153
6977
6433
6225
6225
6049
5921
5777
5553
5409
5185
4897
4945
4801
4817
5233
5057
5121
5233
5089
5201
5473
5409
5521
5841
5809
6577
7649
8722
10274
10946
12435
13267
14067
15299
16211
16916
17572
18148
18740
18612
18900
19188
19204
19268
19140
18836
18420
18164
17844
17460
16932
16115
15299
14387
13459
13155
12483
12339
11634
11458
10866
10690
9810
9650
9394
8946
8177
7873
7665
7361
6977
6433
6353
6177
6097
5921
5793
5617
5489
5409
5377
5329
5233
5153
5009
4961
4945
4993
4961
4881
4785
4673
4545
4465
4753
4897
4321
4833
4048
4689
4273
4465
4449
4849
4977
3184
4497
4545
4801
4817
4881
4977
4737
4881
5121
5313
5713
6337
6993
7825
8770
9490
10770
11538
12899
13923
14867
15763
16580
17204
17844
18372
18852
18660
18836
18964
18484
18404
18068
17236
16724
16019
15347
14563
13779
12995
12547
11906
12114
11554
10978
10802
10162
9890
9106
8866
8610
7793
7617
7329
7089
6897
6401
6017
5793
5697
5489
5313
5233
5073
5217
5153
5137
5025
5089
5073
5105
4993
5025
4961
5025
4881
4977
5041
5041
5025
5041
5169
5441
6001
7409
9026
10354
12050
12947
13635
14163
14675
15299
15283
15683
15987
16099
16355
16532
16516
16660
16692
16660
16307
16852
16339
17412
18356
18116
18212
18548
18740
19508
18612
18932
18948
18788
18900
19156
18852
19060
18788
18756
18804
18644
18004
17908
17428
16884
16323
14963
14019
12291
10722
9506
9714
11538
14611
16580
16756
15155
13715
12723
12291
11234
10146
9666
8658
8546
7409
6993
6945
6769
6577
5969
6001
6017
5473
5601
5729
5185
5105
5265
5233
5201
4881
4913
4913
4865
4833
4769
4657
4513
4529
4897
4881
4817
4385
4753
4321
4801
4833
4753
4657
4689
4577
4561
4497
4641
4241
4145
4177
4705
4097
4657
4801
4577
4497
4305
4369
4337
4273
4129
4113
4016
4497
4545
4433
4385
4353
4177
4209
4064
4113
4289
4449
4465
4833
4385
4097
4273
3856
4257
4080
4097
3968
4401
4401
4305
4289
4273
4353
4305
4129
4064
4000
3952
3952
3824
3904
4000
3936
3872
4369
4273
4289
4161
4048
3952
3824
3872
4337
4209
4241
4161
4064
3968
3984
3904
3856
4353
4353
4257
4097
3984
3888
3856
4209
4337
4257
4209
4145
4209
4161
4145
4129
4145
4048
3952
4097
4113
4064
3888
3952
3856
3872
3712
4080
4353
4177
4241
4337
4305
4353
4305
4337
3856
3872
3792
4048
4016
4177
4113
4225
4129
4048
3872
4193
4321
4273
4145
4145
4064
4064
4048
4016
4145
4000
3936
3888
4353
4321
4321
4097
4289
3984
5025
3856
4000
4177
4129
4305
3888
3968
3952
3872
4385
