4689
4609
4721
4833
4705
4737
4657
4721
4673
4865
4961
4913
4833
4801
5313
5409
5377
5233
5249
5697
5313
5697
5681
5649
5921
5729
6529
5889
6321
6177
6081
6049
5953
6337
5585
6001
5873
5697
5569
5633
5569
5233
5041
4977
4849
4769
4817
4705
4609
4529
5057
4561
4449
4801
4849
4913
4785
4769
4881
4913
4785
4513
4481
4945
4801
4561
4465
4817
5009
4881
4833
4657
4481
4337
4705
4449
4369
4705
4545
4385
4817
4545
4305
4625
4497
4273
4625
4401
4145
4641
4273
4016
4337
4385
4305
4513
4177
4000
4433
4080
4353
4032
4321
3968
4257
4000
4225
3952
3904
4273
4080
4225
4097
4257
3904
4273
3936
4225
4016
3808
4257
4000
4305
3920
4273
4145
4209
3760
4257
3920
4305
4401
4369
3936
3952
4080
4032
4016
4129
4417
4209
4209
4657
4529
4401
4337
5025
4977
4929
5025
5537
5537
5633
6433
6625
6977
7409
7985
8562
9378
9842
10514
11282
12146
12291
13299
13635
14643
15091
15843
16404
16756
17044
17636
17940
17956
18196
18692
18804
18660
18612
18388
18564
18180
17780
17556
17364
16852
16275
16179
15619
15027
14867
14371
13811
13651
13011
12835
12627
12451
11858
11618
11554
11474
11426
11298
10610
10418
10210
10002
9810
9362
8834
8946
8466
7857
7345
7377
7025
6545
6129
6273
5809
5937
5489
5809
5425
5153
5265
5281
5105
5137
5057
4801
5073
4625
4945
4673
4945
4689
4769
4897
4737
4609
4577
4625
4705
4689
4673
4401
4785
4513
4753
4449
4689
4417
4849
4817
4609
4881
4545
4977
4721
5025
4881
5217
5569
5617
5425
6209
6369
6673
7793
8578
9234
10306
11186
12098
13171
14163
15107
15475
16259
16676
17348
17620
18228
18420
18628
18676
19140
19140
19060
18772
18868
18724
18292
18308
17924
17572
16916
16900
16211
15939
15219
14499
14115
13619
12883
12851
12515
11858
11698
11362
10962
10466
10050
9506
8946
8402
7761
7041
6705
6945
6577
6161
6225
5841
5537
5809
5409
5105
5473
4961
4977
5329
5041
4689
5009
4545
5025
4705
4369
4945
4785
4465
4417
4897
4721
4449
4753
4497
4641
5121
4753
4833
4913
4849
4481
4593
5089
4961
4689
4689
5345
5409
5537
5729
6753
7649
9042
10882
12627
14467
15411
16820
17364
17716
18036
18116
18500
18244
18020
17620
17380
16452
15731
15251
14275
13875
13555
12787
12723
12146
12066
11970
11330
11394
11234
11026
10738
9970
9874
9570
9250
8898
8642
8177
7793
7329
7217
6993
6705
6561
6673
6417
6097
5857
5665
5409
5793
5537
5233
4945
4945
5297
5041
4705
5057
4769
4593
4929
4881
4721
4529
4417
4865
4705
4401
4833
4689
4417
4721
4497
4833
4593
4449
4801
4593
4961
4801
4977
4961
4753
4833
5409
6945
9490
11874
13635
14643
15619
16580
17620
18036
18100
18964
18884
19108
19300
19108
19284
19156
19012
18964
18724
18356
17972
17428
16932
16756
16131
15363
15091
14211
14307
13779
13683
13123
12995
13027
12323
12242
12242
11986
11586
11490
11410
10834
10706
10562
10258
10002
9762
9490
9122
8738
8370
7985
7505
7249
6961
6721
6769
6449
6081
6257
5809
6097
5681
5745
5633
5297
5537
5265
4881
5297
5041
4801
5137
4833
5089
4721
5009
4609
4833
4641
4337
4801
4465
4833
4593
4273
4705
4433
4753
4545
4337
4689
4289
4433
4833
4593
4881
4561
4881
4673
5041
4865
4593
5041
5265
5265
5057
5393
5185
5617
5569
5473
6001
5889
6337
6897
6561
7185
7505
7889
7985
8610
9202
10114
10514
11346
12034
12611
13219
13843
14451
14579
15459
16307
16724
17460
17732
18356
18740
18932
18948
18916
19348
19236
18916
18676
18580
18164
17492
17076
16099
15635
14691
14259
13827
13443
13059
12403
12114
11794
11474
11106
10738
10306
9746
9506
9058
8498
7969
7409
7441
7009
6545
6657
6113
6209
5633
5761
6001
5313
5585
5121
5265
4929
5265
4673
4961
5121
4689
4881
5089
4737
5025
4593
4849
5009
4497
4833
5025
4769
5153
4801
5297
5121
5553
6225
6337
6689
7761
8402
9330
10162
11186
12194
13411
14787
15683
16740
15827
14019
13011
12371
11362
11074
10322
9906
9330
8962
8001
7665
7345
7041
6833
6081
6865
6129
5649
5857
5249
5521
5057
5393
4833
5073
5313
4929
5137
4801
4913
4609
4657
4993
4945
4561
4753
4897
4353
4513
4689
4849
4561
4497
4561
4801
4545
4865
4545
4817
5089
4769
5089
4913
5233
5537
5409
5953
5809
6369
6449
7329
7713
8274
8882
10050
10594
11250
11826
12451
13251
14067
14867
15203
16131
16436
17204
17460
18132
18356
18516
18964
19092
19236
19268
19636
19540
19588
19188
18916
18884
18340
17924
17572
16708
16227
15715
15219
14643
13699
13267
13715
13091
12675
12467
12130
11874
11522
11154
10722
10210
9794
9330
9282
8658
8466
7873
7265
6993
6737
6513
6257
5953
6177
6513
5761
5505
5345
5153
5185
5297
5377
4993
5041
5185
4801
4961
4641
4737
4929
5057
4849
4945
4689
4977
4673
4833
5105
5265
4881
5025
5265
5665
5281
5553
5569
5793
7825
10306
10658
10530
10674
10770
10466
10146
9874
9586
9154
8610
7937
7809
7073
6993
6353
6337
5841
5889
5873
5233
5329
5377
5441
5281
4961
5025
5153
4625
4657
4641
4641
4721
4865
4929
4481
4481
4545
4721
4897
4769
4673
4497
4545
4625
4769
4897
5073
4817
5153
4849
5089
5489
5857
5553
6033
6545
6545
7281
7521
8177
9026
9442
9842
10722
11010
11362
12226
12515
12819
13043
13955
14643
15139
15763
16804
17444
17876
18276
18548
18884
19220
19124
19108
18772
18500
18340
17156
16564
15731
15107
14515
14051
13667
13251
12995
12675
12355
12002
11714
11842
11442
10962
10514
10850
10194
9554
9410
8690
8578
7649
7425
7265
6545
6433
6289
6273
5729
5745
5761
5681
5217
5377
5441
4865
4993
5041
5201
5153
4753
4881
5089
4945
4641
4801
4961
5137
4673
4945
5105
5281
5441
5313
5809
6353
6721
7521
8290
9618
10770
11858
13075
14227
15347
16339
17172
17460
18148
18692
18740
19188
19428
19172
19220
18820
18196
17684
17012
15827
15075
14259
13587
13059
12499
11922
11810
11154
10434
9666
9506
8818
8466
7937
7505
7201
6769
6529
6705
6817
6033
5841
5921
5729
5729
5713
5185
5201
5233
5585
4961
5201
5137
5377
4769
5057
5121
4625
4721
4897
4945
5009
4465
4641
4833
5025
5185
4801
5089
5329
5105
5441
5921
5825
6417
7025
7425
8482
9058
9714
10930
11650
12451
13219
14035
14883
15731
15939
16756
17492
17668
18340
18564
19188
19284
19684
19540
19460
19140
17940
16211
14531
13315
12162
11026
10338
9282
8306
8001
7729
6993
6945
6385
6513
6513
5889
6049
5521
5665
5777
5233
5329
5697
4977
5025
5041
5121
5217
5297
5329
4993
5185
5329
5025
5345
5521
5585
5473
5953
6609
6641
7633
8530
9858
11282
12723
13763
15219
15971
16676
17732
18308
18964
19108
19492
19732
19572
19796
19364
19364
18500
17732
16436
15459
14467
13715
13043
12307
11554
10802
10466
9682
8786
8081
7857
7105
7057
6545
6513
6193
5985
6033
5921
5537
5713
5681
5249
5377
5441
5553
5041
5073
5233
5393
5041
5345
5569
5745
5729
6417
7585
8770
10338
12531
14163
15331
16628
17700
17844
17924
17332
15779
14259
12867
11906
10658
9282
8226
7969
7233
7121
6497
6353
6417
6113
6545
7281
7905
10018
11938
13923
15715
17156
17780
18708
18788
19012
18756
18180
17684
16468
15203
14259
13683
12627
12002
11506
10658
9714
9298
8498
7793
7057
6801
6641
6129
6273
6241
5873
5825
5729
5729
5649
5569
5777
5473
5841
6273
6657
6865
7633
8049
9282
9922
10642
11506
12755
13651
14451
15267
15651
16564
17332
17636
18324
18868
19252
19412
19556
20116
20084
19972
19860
20132
19860
19524
18996
18884
18020
17364
15971
15219
14115
13795
13091
12691
12130
11490
10786
9922
9074
8274
8033
7345
6737
6817
6401
5873
6097
5649
5905
5553
5809
5473
5729
5537
6129
6257
6353
7121
8898
10402
12066
13283
15139
16259
17620
18196
18596
19028
18900
18324
17860
16836
15507
14627
13891
13411
12274
11746
11090
10450
9634
8978
8338
7809
7457
7217
6593
6625
6193
6321
5873
5441
6081
5841
5425
5537
5697
6033
7393
8242
9650
12082
13459
15299
16788
17636
18516
18644
18292
18180
17428
15987
15107
14307
13523
12563
11890
10914
9842
8818
8482
7649
6833
7009
6401
6401
5905
6081
5681
5809
6097
5713
6129
5953
6417
6385
7425
8145
9106
10722
12258
13267
14803
16275
17396
18004
18356
19108
19076
19108
18468
18036
16964
15555
14563
13907
12739
12258
11586
10818
9794
8802
8450
7697
7441
6993
6337
6321
6337
5841
5937
5585
5713
5841
5409
5665
5953
5569
5921
6353
6577
6673
7713
8354
9698
10866
11986
13139
14323
15507
16564
17204
18164
18548
19204
19604
19764
19796
19572
19732
19252
18692
18164
17476
16980
15507
14723
13763
13427
12483
12226
11154
10530
9506
8370
8161
7505
6817
6833
6273
6433
5985
6209
5793
6193
5633
6065
5937
5809
6417
6529
6897
7457
8882
10210
11330
12691
14259
15619
16548
17716
18116
18564
18084
17796
16724
15715
14307
13411
12547
11634
10402
9090
8610
7713
7537
7025
6353
6465
6625
6161
6561
6769
7329
8514
9570
11362
12483
13027
14163
15171
16067
17044
17956
18356
18772
19412
19588
19780
19988
19700
19572
18724
17556
16468
15251
13971
13331
12563
11810
10866
9746
8786
8386
7745
7089
6961
6753
6353
6545
5937
6065
5425
5905
5777
5329
5889
5649
5985
5953
6337
6321
6401
6977
7537
8322
9202
9602
10626
11202
12162
13203
13971
14739
15843
16355
17204
15027
13667
13155
13475
13907
14099
14899
15923
17108
17844
18260
19268
19412
19556
20036
19940
19684
19716
19780
19348
18804
18244
17988
17156
16676
15763
15427
14611
14243
13971
13699
13363
13219
12098
11810
11378
10962
10322
10130
9378
8482
7617
7537
6801
6785
6193
6353
5921
6097
5617
5745
5233
5393
5537
5121
5297
5505
5009
5313
4897
4961
5425
5009
5297
5521
5313
5825
5809
6577
6945
8434
9202
10402
11554
12691
13939
15139
16243
16884
17844
18084
18756
18788
18804
18068
17300
15619
14243
13443
12627
11858
11010
10082
9202
8930
8274
7569
7201
6561
6577
6401
6209
5745
5761
5553
5665
5857
6353
6705
8802
10898
13187
15283
16516
17636
17508
17476
16051
15043
13763
12771
12034
11138
10674
9634
8962
8097
7361
7329
6769
6737
6177
6241
5745
5889
5409
5473
5617
5169
5409
5441
5265
5393
5105
5505
5233
5617
5505
6161
6753
7905
9138
10594
12435
14051
15635
16916
17492
18228
18740
18836
19444
19348
19492
19396
19028
19044
18564
17780
17444
17012
15843
15395
14723
14147
13587
12595
12178
11618
11202
10658
12771
15187
15939
15123
14195
13363
12547
11682
10514
9250
8754
7841
7585
6929
6865
6161
6193
6161
5729
6081
6609
7409
8882
10706
12979
14883
17284
17748
17844
17380
15987
14323
13395
12563
11074
9970
9554
8562
7761
7601
6977
6881
6497
6401
6081
6209
5569
5585
5793
5441
5569
5105
5201
5361
5489
5073
5537
5825
5697
6561
7249
9090
10706
12531
14579
15939
16788
17812
17988
18164
17428
16916
15523
14595
13843
13107
12339
11410
10578
9522
9026
8194
7329
7233
6625
6673
6129
6417
5649
6017
5633
6001
5953
6593
7329
8802
11442
13539
15091
16740
17812
18052
18164
17220
16307
15059
13651
12739
11842
10722
10034
9026
8242
7377
7281
6737
6673
6193
6337
5633
5809
5777
5729
5441
5777
5441
6033
5953
6161
7489
8962
10450
12499
14371
15651
16692
18020
18644
19124
19156
18852
18148
16708
15523
14755
13603
12915
12371
11570
10562
9666
9026
7985
7761
6881
6833
6801
6289
6385
5809
5969
5425
5585
5937
5313
5521
5793
5249
5745
5457
5857
5585
6209
6865
8626
10562
12755
14291
15955
17252
17732
18452
18244
18196
17396
16099
15299
14595
13507
13043
12659
12242
11810
11506
11010
10354
9810
9138
8914
8097
7441
6897
6881
6817
6417
6305
6321
6577
6049
6161
5681
5361
5521
4993
5345
4945
5281
4945
5393
5105
5505
5345
5745
5649
6353
7009
8113
9042
9762
10930
11890
13027
14435
15939
16804
17684
17380
16756
14787
13619
12563
11490
10130
8962
7905
7841
6897
6817
6513
6449
6465
6465
6945
8210
10242
13043
15139
16564
17236
16355
15283
13635
12803
11746
10450
9298
8226
8049
7521
6945
6545
6609
6241
5969
6401
6673
8194
9970
12291
14627
15987
17380
17588
17924
17252
15907
14995
13763
12835
11938
11362
10322
9522
8690
7825
7617
6961
6353
6433
6481
5953
6177
5841
6113
5745
5473
5873
5601
6545
7697
9810
12515
14819
16564
17188
18100
17764
16788
16051
14611
13667
13091
12387
11538
11106
10578
9746
9490
8754
7985
7329
6753
6769
6689
6161
5793
5825
5985
5457
5553
5585
5137
5233
5345
5377
4961
5153
4801
4977
5057
4833
4705
4897
4577
4705
4833
4625
4465
4417
4897
4689
4513
4433
4881
4913
4769
4753
4449
4577
4881
4529
4673
5009
4625
4897
5265
5041
5697
5857
6929
7761
8690
10082
11570
13219
14787
16147
16692
17348
17332
16420
15555
14643
13763
12963
12291
11602
10722
9666
8674
8274
7345
7297
6705
6705
6161
6177
5681
5953
5681
5889
5633
6193
6657
8177
9906
11634
13331
15059
16628
17268
18036
17572
17172
15731
14659
13747
12979
12307
11682
10850
9890
8882
8033
7665
7409
6657
6609
6657
6033
6161
5649
5761
5841
5473
5649
5825
5697
6193
5761
6321
7009
7617
9618
11730
13843
15555
16948
17716
17812
17924
17380
16836
15859
14947
13971
13299
12387
12210
11698
10562
9890
9202
8546
7825
7441
7041
6785
6177
6145
5681
5745
5937
5425
5569
5617
5281
5569
5841
5857
7025
8306
10082
12162
14291
16019
17300
17572
17124
16323
15059
13523
12563
11938
10866
9666
9074
8049
7409
7313
6801
6321
6353
5905
6097
5713
5921
5713
5377
5905
6945
10946
13667
12659
11154
9778
8594
7713
7441
6737
6737
6401
5905
6225
5809
6257
6049
6033
6513
6593
6881
8001
8946
9954
11202
12451
13491
14227
15475
16500
17044
17716
18580
18900
19060
19556
19508
19092
18580
18100
16964
15635
15011
13475
13043
12403
11170
10290
9314
8610
7857
7841
7345
6817
6289
6401
5953
6289
6065
5921
6225
5761
5649
5793
5857
5985
5809
6065
6273
7057
7601
8530
9762
11234
12355
14115
15859
16692
17828
18548
18852
18948
19012
18836
18436
17572
17092
15891
14579
13955
12899
12515
12210
11218
10882
10290
9618
8754
8129
7537
7153
6865
6545
6145
5969
5537
5457
5905
5745
5617
5457
6001
6001
6257
6657
8097
8978
10194
11346
12483
13619
14275
15315
15907
17012
17524
17876
18484
19236
19492
19716
19924
19924
19796
19348
18708
17588
16724
15411
14291
13619
12563
11858
11154
10290
9346
8258
8145
7489
6769
6849
6561
6081
6305
5985
5473
5809
5681
5505
5953
5793
6433
6865
7537
8930
10466
12371
14195
15683
16868
17860
18532
18612
18852
18740
17396
16836
15683
14707
13955
12883
12210
11474
10530
9570
8674
7825
7649
7009
7025
6657
5921
6289
6017
5553
6033
5777
5729
5985
5873
6465
6705
7073
8386
9474
10802
12146
13267
14947
16051
17380
17956
18404
18772
19364
19236
18772
18148
17140
16323
15235
14195
13187
12723
12323
11394
11154
13443
14323
13859
13443
12467
11890
11218
10338
9554
8562
8049
7537
6737
7041
6481
5825
6081
5617
5809
5521
5601
5249
5617
5905
5841
6529
6929
7761
9698
11330
12947
14243
16003
16884
18020
18420
18740
18404
17924
17604
16275
15395
14531
13875
12675
12098
11522
10850
10034
9250
8514
7825
7521
7377
6897
6817
6049
5937
5697
5681
5617
5761
5521
5585
5393
5057
5297
5025
5393
5137
5409
5105
5553
5489
5441
5873
5905
6433
6625
7409
7777
8274
9186
9634
9762
10434
11474
12659
13603
15203
16179
17396
17860
18596
18532
18180
17476
16836
15219
14307
13539
12819
12034
11170
10034
8898
8642
7985
7137
6673
6737
6033
6369
5825
6001
5697
5841
5617
5281
5665
5489
5793
5649
5633
6177
6977
7217
7809
9314
10562
11890
13123
14515
15731
16484
17508
17956
18692
18660
18788
18212
17748
16612
15891
14643
14131
13011
12659
12274
11906
11506
10994
9826
9570
8834
8097
7473
7281
6929
6481
6001
6209
5617
5825
5345
5409
5569
5585
5521
5505
5425
5617
5697
5569
6177
6305
6737
8097
9298
10738
12435
14243
15459
16868
17476
18388
18500
18180
18036
17092
15827
14931
13667
12947
12355
11698
10930
10162
9202
8514
8226
7553
7377
6769
6753
6337
5809
6081
5681
5873
5553
5217
5393
5617
5153
5377
5057
5345
5121
5409
5297
5681
5697
6065
6513
7041
8258
9682
11218
12643
14099
15059
16371
17348
17876
18276
18948
18996
18804
18372
18404
17540
16548
15923
15459
16339
15891
15075
14243
13427
12146
11282
10322
9378
8450
8049
7649
6977
6897
6577
6081
6193
6065
5745
5841
5761
5521
5937
5777
6497
6721
7281
8546
10178
11762
13235
14451
15971
16948
17780
18404
18996
19268
19060
18644
17940
17332
16339
15171
14643
13715
13347
12675
11938
11650
10834
10274
9538
9234
8450
8049
7473
7025
6657
6289
6001
6161
5921
5601
5329
5665
5329
5569
5489
5009
5409
5393
4977
5393
4977
5377
5473
5569
5665
5937
6593
7937
9362
11010
12178
14195
15523
16532
17780
18132
18164
17844
17332
16516
16420
14627
13891
13171
12563
11826
11154
10258
9746
8994
8322
7713
7249
6881
6625
6033
6289
5697
5969
5393
5825
5393
5505
5169
5441
5233
5089
5585
5825
5617
6673
6817
8866
7857
8097
9842
12130
14291
15651
16900
17412
17140
16852
16003
14835
13827
12707
12130
11442
10690
9954
9058
8402
7633
7473
6785
6721
5953
6353
6017
5569
5569
5393
5713
5633
5265
5409
5345
5265
5841
5761
5761
5809
6577
7009
7681
8978
10578
12098
13459
14963
16211
16916
17988
18420
18564
18580
18324
18708
17172
16083
14531
14019
13059
12323
11858
11202
10386
9618
8914
8338
7617
7569
7073
6625
6481
5985
5537
5937
5457
5441
5665
5569
5409
5313
4945
5329
4961
5073
5105
5057
5425
5489
4945
5089
5249
5681
5297
5761
5585
6129
6209
6961
7553
7633
8578
9490
9970
10850
11426
12387
12915
13795
13811
15603
16580
17620
17844
18500
18948
19300
19508
19300
19620
19268
18852
18676
17972
17188
16756
15619
14979
14819
14483
13971
12867
12274
11602
10482
9330
8850
8033
7217
7233
6401
6369
6321
6097
6033
5505
5697
5249
5569
5585
5153
5217
5473
5249
5553
5729
5329
6001
5601
6049
6705
6881
8161
9074
9842
11314
12387
13427
15043
16323
16964
18004
18324
19124
19236
18868
19012
18196
17588
16836
15747
14611
13827
13139
12419
11586
11122
10306
9330
8242
7969
7313
7489
6689
6401
5905
5905
5985
5921
5393
5441
5233
5041
5105
5153
5313
5473
5233
5409
5457
5585
5201
5473
5553
5905
6401
6545
7105
7729
8370
8626
9698
10050
10642
11330
12387
12979
13603
14339
14691
15155
15971
16131
17012
17476
17940
18420
18516
18884
20100
19652
19540
19988
19940
19972
20260
20533
20452
20821
20741
20965
20757
20629
20725
21141
21141
21173
21045
21349
21269
21141
21029
21493
21493
21621
21397
21333
21541
21333
21205
21365
21285
21141
21205
21285
21173
21461
21413
21381
21157
21285
21589
21397
21509
21461
21365
21397
20901
20933
20517
20164
19924
20164
19588
19732
19364
18964
18516
18196
17380
16852
15907
15139
14755
14179
13763
13283
12787
12579
12194
11986
11714
12018
11698
11234
11154
11058
10930
10770
10354
10482
10482
10050
9682
8802
8546
7697
7809
7057
6865
7089
6737
6625
6209
6369
6353
5921
5857
6097
6097
6193
5633
6113
6017
5841
6417
5777
5489
5697
5617
5361
5297
5457
5137
5409
5649
5217
5233
5409
4881
5329
5201
5185
5217
4929
5217
5281
5265
5009
5185
5313
