30919
30855
31015
30967
31495
30903
30951
30839
31079
31127
31191
31303
31367
31159
31319
31175
31447
31271
31463
31495
31415
31415
31447
31431
31271
31399
31143
31447
31207
31383
31351
31015
31303
31319
31159
31351
31335
31335
31463
31271
31415
31303
31479
31447
31495
31351
31383
31271
31175
31639
31367
31447
31335
31383
31367
31255
31191
31159
30967
30711
30983
31159
30615
30519
30679
30759
30407
30567
30631
30583
30407
30775
30535
30775
30519
30455
30663
30695
30711
30967
31015
31015
31015
31127
31047
31815
30391
30151
30183
30119
30183
30391
30183
30327
30615
30487
30535
30711
30743
30695
30967
30519
30759
30519
30583
30471
30679
30391
30391
30631
30263
30247
30311
29943
30231
30055
30263
30743
30631
30487
30519
30711
30871
30663
30887
30711
30903
30999
30871
30887
31159
31223
30919
30983
31079
31031
31383
31255
31047
30951
31191
30823
30839
31031
30935
30839
31031
30951
30839
30775
30919
30983
30887
30871
30711
30487
30423
30311
30375
30359
30247
30151
30183
29895
29735
29847
29751
29687
29607
29559
29479
29559
29591
29511
29415
29543
29079
29431
29319
28983
28390
28422
28230
27574
27766
27718
27398
27174
26790
26374
26070
25958
25766
25526
24918
24822
24277
24085
23541
23493
22981
22629
22549
22613
22661
22309
21845
21669
21381
20629
20132
20244
19588
19764
19492
19092
18212
18132
17876
17828
17828
17636
17444
17396
16932
16179
16099
15619
15283
15075
15139
14403
14291
14051
13235
12755
12595
12130
12371
11970
11506
11218
10706
10802
10322
10194
10066
9970
9954
10098
10178
10450
10418
10418
10274
9730
9858
10338
10418
10722
10642
10610
10290
10962
11042
12339
13107
13907
14467
14915
14883
14851
15155
15219
15459
15507
15411
15139
15747
15379
15603
14867
16019
15251
15459
15651
15907
15571
15651
15267
15027
15411
15075
15203
15395
14819
14819
14739
14099
14179
14579
15315
16964
18084
19092
19764
20324
21061
22021
23077
23749
24309
24437
24646
24758
24886
25254
25590
26326
27014
27382
27558
28070
27990
28310
28438
28582
28662
28983
29175
29303
29159
29191
29191
29239
29111
29271
29239
29415
29911
29223
29479
29207
29559
29223
29207
28967
29015
28967
29191
28695
29079
28711
29063
28903
29095
28967
28839
28454
28102
27862
27814
27670
27510
26854
26198
25702
24854
24421
24405
23861
23413
22965
21989
21173
20613
19972
19620
19844
19396
19364
19172
18996
18964
18612
18356
18308
18100
18020
17876
17876
17428
16612
15795
15443
15171
15283
14659
14067
13107
12979
12595
12739
12755
12419
11442
11170
10738
10610
10450
10082
10418
9986
10354
9922
9922
10194
9714
9826
9874
9634
9730
9810
9970
9506
9842
10210
9858
10594
11458
11474
12130
12130
12178
12595
12291
13491
14467
15859
16820
17732
18420
19252
19252
19764
20068
20372
20709
20709
20901
21285
21125
20693
21045
21109
22117
23989
25078
25958
26774
27542
27862
28086
28310
28518
28454
28358
28486
28214
28230
28358
28134
28182
27830
27846
27702
27942
27590
27910
27318
26790
25814
24437
23029
20869
19380
17060
15475
14291
13155
12723
11906
11570
11378
11570
11090
10738
10786
10674
10338
10178
9970
9794
10098
10418
9938
9986
9906
9618
9682
9602
9778
9954
9938
9858
9810
9714
9650
9650
9474
9714
9474
9474
9906
9122
9234
9682
9810
10034
10034
9938
10338
10514
10482
10738
10994
11458
12323
13539
14355
15763
16964
18372
19764
21077
22805
24261
25350
26422
26774
27318
27382
27494
27830
27238
27462
27638
27494
27782
27686
27558
26838
26310
26070
25414
23861
22741
22309
21653
21157
20244
19668
18916
18420
17860
17876
17300
17268
17220
16596
16980
16484
16371
16227
16115
15923
14883
13811
13011
11986
11346
11026
10690
10450
10962
11938
13171
14563
15251
16179
17012
17748
17940
18692
19028
19252
19220
19204
19108
19396
19636
19748
19860
20020
19876
19732
19316
19540
19988
20981
22357
23317
24950
25990
26902
27254
27542
27494
26678
27558
27606
27158
27366
27142
27302
27622
27542
27430
27734
27638
27830
27718
27654
27878
28006
27878
28038
27926
27718
28006
27830
27942
28310
27862
28054
27862
27798
27078
26278
25958
24726
22437
19092
16227
14707
13763
13251
13203
12643
12899
12355
12451
12194
12371
11858
12050
11762
11778
12050
11730
11634
11298
11378
11586
11490
11922
12547
13459
14147
14627
14787
14931
15331
15315
15827
16019
16003
15987
16115
16291
16019
16323
16227
16115
15971
16179
16484
16484
16339
16484
16484
16243
16420
16532
16500
16259
16660
18180
20452
22085
24678
25590
25382
24902
23653
22677
22645
22533
22229
22053
20693
18980
17956
17444
16868
16307
15683
15843
15507
15075
15107
14995
14787
14771
14259
14179
14211
14131
13811
13539
13091
13491
13187
12098
11282
10786
10770
10738
12723
15395
18244
19988
21525
22373
22693
23333
23301
23669
23813
23797
24165
24662
24742
24774
24950
25302
24790
24838
24309
24181
24517
24806
24934
25446
25686
25510
25478
25686
26278
27014
27782
27974
28054
28278
28454
27494
25958
23957
22085
20292
19124
18116
17764
17156
16404
15267
14643
13331
12307
11458
11474
10818
10770
10322
10194
10130
10226
9794
10178
10930
11218
11490
11506
11426
11474
11426
10914
10994
10706
10818
11314
12851
14147
16323
20052
22853
24870
25686
26150
26646
26566
26422
25398
23317
21157
17956
15715
13971
13075
12323
11458
11090
11090
10514
10738
10370
10210
10306
9954
10210
9890
9890
9650
9618
9122
9330
9298
9202
9314
9298
9426
8994
8978
9378
9106
9138
9122
8914
8898
8642
8642
8962
9266
9090
9490
9202
9442
10066
11554
13667
15699
18068
20597
23413
23477
21541
18260
15891
13731
13523
13363
13571
13987
14195
14323
14419
14659
14563
14835
15139
15155
15107
15219
14883
14419
14611
16179
18196
19668
20837
21429
21909
23029
24277
24630
24934
25046
25574
25478
25606
25862
26726
27574
27814
28134
28534
28406
28486
28566
28646
28823
28999
29063
28919
29031
28871
28582
28454
27798
26406
24245
20805
17924
15331
14515
14707
15971
17172
18148
18740
19108
18996
18852
18948
18724
19028
18948
19380
19060
19572
19636
19188
19220
19188
18932
19348
19252
19604
19412
19316
19236
18884
18644
18548
18724
18916
19060
18820
18852
20581
22149
22549
23509
23749
24197
24309
24421
24774
24710
24774
24934
25286
25398
25686
26358
27062
27222
27158
27430
27446
27798
27910
27942
27974
28358
28534
28438
28550
28566
28759
28775
28871
28662
28727
28791
29031
28919
28967
28983
28807
28855
28887
28727
28470
28454
28454
28422
28422
28646
28598
28566
28454
28502
28550
28422
28374
28630
28534
28646
28518
28454
28102
27590
27126
26822
26582
26550
26534
26326
26230
26102
26134
26198
26374
26838
26886
26918
26870
26710
26310
22693
18468
17364
19204
20901
22453
23253
24197
24533
24806
25014
25590
25718
25526
25638
25606
25526
25686
25670
25734
25718
25958
26054
27158
27798
28342
28470
28646
29063
28903
29191
29175
28999
29095
28823
28807
28791
28566
27446
25414
22901
20597
19428
18484
18036
17604
17556
16035
14867
13827
12787
12018
11986
11858
11842
11938
11714
11298
11410
10930
10946
10578
10562
10706
10482
10738
10210
10226
9970
10226
10322
9906
9954
9794
9682
9938
9842
9826
9746
9826
9698
9778
9842
9570
9714
9570
9858
10978
11858
13299
14307
15859
16804
18900
21973
24517
25526
25526
25974
26054
25958
26086
26102
26022
25830
26246
26182
26102
26246
26118
26406
26310
26054
26326
26358
26454
26438
26470
26486
26470
26294
25670
23861
21541
19380
18276
17444
16179
15475
14099
13539
12803
12098
12371
11634
11666
11522
11282
11570
11186
11346
11234
10706
10898
10946
11122
11202
11202
10834
10802
10386
10482
10146
10306
10674
11474
12691
16083
19764
22565
24229
25366
26390
26934
27270
27606
27734
28166
28262
28278
28422
28454
28246
28054
27126
25462
21525
18644
16243
14723
13555
12787
12467
12082
11442
11314
11346
10834
10930
10610
10178
9986
10306
10258
9794
10178
10162
10354
9938
9954
9842
9858
9570
9362
9330
9538
9410
9874
10834
13667
17476
21109
23077
24678
25590
26166
26678
26918
27270
27302
27622
27814
27622
27974
28006
28182
28230
28070
28262
28550
28759
28070
27206
24918
21605
18116
15715
14611
15043
15235
15827
15763
15907
16788
17284
17764
17988
18372
18532
18548
18388
17492
16884
16740
17124
17140
17460
17796
18612
18980
18980
19572
19236
18836
18276
17972
17924
17556
17252
17636
18068
18276
18724
19060
19348
18964
18916
18516
18196
17556
17572
17972
18292
18692
18916
18772
20709
22501
24614
26038
26614
27478
27798
27414
26550
25894
24982
24501
24469
23989
22933
21445
19828
18196
17844
17588
18484
19684
20677
21173
21429
21093
18500
16067
14179
13347
12499
11890
11906
11538
11426
11026
11634
12915
14019
15715
17284
17892
18212
18228
17668
17268
17348
17988
18548
19044
19124
19300
19588
19684
20180
19892
19876
19268
19060
19220
19108
19876
20404
20917
21253
21253
20821
20645
20565
20244
20468
20965
21077
21013
20965
20597
20404
20116
20501
20308
20869
20869
21157
20917
20324
20180
20052
21765
23269
23893
24726
25126
26134
26982
27382
27814
27638
27190
27286
27622
28054
27334
25750
24293
23413
23461
23477
23909
24085
23205
22293
20324
17396
15187
14435
15459
16900
17876
18164
17652
17188
17044
17204
17668
17860
18580
19460
19460
20789
22373
23141
23029
23173
23733
24229
24710
24710
25302
25254
25526
26166
27174
27238
25398
23189
20132
18036
16323
15043
14483
14499
13811
13251
12819
11778
11778
11506
11090
11746
11810
12835
15459
17476
19572
21269
22389
23493
24181
23893
23637
22901
22293
22245
22229
22677
23349
23893
24742
24982
24918
24646
23829
23333
22837
23285
22565
23157
23317
23893
24277
24646
24726
24533
24630
23957
23925
23221
23317
23093
23077
23061
23605
23925
24325
24886
26230
27206
27302
27638
27654
27846
27974
28134
28486
28598
28630
28759
28839
28919
29095
29223
29287
28903
29015
29191
29303
29111
28486
27878
27478
27222
27494
27366
27302
26934
26518
25926
23237
20308
17476
15347
13923
14179
14723
15859
17220
20068
22981
25286
26486
27318
27686
28086
28310
28614
28598
28823
28807
28759
28775
28967
28999
28839
28935
29127
29191
29399
29335
29287
29495
29479
29383
29351
29383
29367
29463
29239
29335
29287
29399
29351
29367
29479
29287
29303
29399
29479
29607
29511
29303
29591
29079
29271
29175
29431
29239
29447
29527
29623
29527
29655
29479
29527
29623
29447
28534
26646
23429
19348
18804
22469
25574
26966
27894
28518
28871
29015
29079
29303
29207
29175
29511
29367
29271
29351
29351
29303
29287
29367
29335
29143
28935
28679
28246
27734
27542
27574
27462
27494
27030
23829
20052
17668
15459
14563
16772
20020
22197
23093
24165
24517
25014
25542
25846
25862
25958
26118
26086
26086
26150
26342
26486
26198
26150
26214
26358
26150
26374
27206
28102
28214
28182
28054
27974
27942
27926
27702
27734
27606
27254
27206
27430
27414
27286
27334
24790
20821
17988
19428
21445
22629
23477
23941
23861
24325
24085
23973
23989
24245
24325
24405
24902
24774
24966
24565
25974
27046
27622
28182
28422
27446
25670
22949
20917
19652
18596
17796
17284
16884
16628
16436
16612
16548
16275
16259
16339
16323
15987
16067
15859
15923
15523
15715
15315
15571
15443
15427
15523
15363
13267
12563
11970
12066
11954
12595
12739
15203
18244
22725
23269
20757
17908
16067
14787
13811
13635
12931
12851
12291
12531
12066
12130
11474
11506
11218
11554
11122
10850
11090
10930
10754
10898
10674
10562
10546
10466
10530
10242
10226
10162
9954
9922
10258
9954
9970
9890
10274
9906
10146
9858
10130
9970
10082
10050
10258
9762
10162
9970
10386
12274
13603
15203
16019
18148
21365
23989
24261
24133
24277
24373
24854
24918
24774
25174
25110
25334
25334
25190
25318
25686
25782
25894
25718
26006
25910
25798
25910
25942
26262
26054
26038
26566
26486
26374
26390
26486
26246
26614
26422
26822
26534
26582
26774
26886
26902
26918
26998
27014
26998
27094
27206
27222
27350
27190
27494
27446
27622
27542
27526
27686
27814
27670
27894
27958
28150
28102
28150
28470
28310
28518
28518
28630
28598
28679
28775
28582
28679
28582
28807
28598
28727
29031
29047
29175
28887
29191
29111
29127
28903
29319
29335
29351
29127
29255
29159
29399
29479
29271
29607
29607
29623
29335
29415
29447
29399
29367
29479
29495
29607
29559
29607
29479
29751
29399
29511
29607
29495
29479
29447
29575
29687
29671
29399
29415
29735
29447
29511
29559
29447
29527
29783
29511
29783
29719
29815
29799
29831
29671
29847
29719
29703
29655
29463
29527
29543
29671
29671
29751
29847
29895
29591
29735
29975
29703
29735
29879
29671
29927
29911
29735
29559
29191
28214
