17284
17172
16724
16195
16227
15603
15795
15171
15219
14403
14307
13443
13059
15811
17860
18404
18276
18020
18020
18020
18196
18564
18980
19364
19268
19476
19348
18964
19188
19188
19508
19220
19492
19380
19380
18948
20613
21109
20917
21061
20965
20613
20693
20757
21077
21077
21141
20981
20645
20533
20645
20388
20116
20052
19492
19204
19156
18996
18900
18660
18612
18164
18324
18068
17716
17380
17076
17252
17076
16996
17444
17780
18084
18228
18052
18516
19012
19412
19972
20004
20340
19732
19300
18500
18116
18164
17892
17428
17524
16804
16339
15971
15363
14707
14691
14131
14195
13731
13395
13043
12563
12339
12098
11570
11682
11634
11090
11122
11106
10802
10834
10722
10642
10610
10258
10466
10146
10290
10098
10226
10514
10562
10706
11122
11666
11794
12467
12771
13091
13779
14131
14867
15763
16436
17556
18548
19444
20212
20917
20869
21365
22005
22981
23909
25110
25974
27158
27814
28326
28999
29191
28967
28406
28182
27270
26886
26566
26150
25414
24373
22709
21445
20276
18772
17652
16227
14771
13843
12659
12323
12274
12451
14323
17236
20789
23573
25222
26822
27558
28502
28967
28855
29367
29447
29399
29703
29399
29607
29783
29639
29559
29127
28406
27478
26438
24790
23189
21317
19876
18516
17332
16964
16115
15251
14035
12963
12307
12323
11842
11618
11714
11570
13091
15107
16724
18468
19076
19268
19924
19988
20132
20388
20084
20292
20308
20629
20549
22085
23253
24181
25014
25766
26118
26310
26518
26902
26822
26838
27046
27878
28406
28839
29095
29127
29271
29303
29671
29479
29703
29671
29767
29767
29927
29879
29991
30199
30135
30039
30247
30151
30151
29943
29911
29623
28999
28502
28118
27846
27958
27542
27318
27286
27254
27366
27190
26838
26470
24918
23077
20997
19076
17972
17044
16404
15603
14899
13187
12611
12851
12627
12835
13155
12643
12979
12691
13139
13027
12787
12755
12355
12771
12691
12771
12643
12403
12611
12242
12611
12371
12627
13123
14835
16436
18308
19460
20517
21317
22069
22133
22597
22661
23205
23765
23909
24533
24630
25238
25462
25638
25846
25958
26070
26518
26678
26582
26118
26854
27094
27046
27206
27030
26998
26758
27558
28486
29239
29255
29191
29191
29063
29063
29175
29047
29047
29383
29383
28679
27974
27782
27222
26918
26550
26486
25878
25382
25126
24630
23893
23445
22197
20164
17428
15539
14275
13283
12707
12146
11794
11634
11922
11458
11298
11138
11298
10898
10930
10658
10930
10818
10642
10898
11010
11026
10706
10802
10946
10626
10514
10482
10594
10834
11042
10786
10530
10738
10770
10418
10866
10850
10642
10386
10098
10146
10418
10098
9794
9970
10002
9842
10322
10242
10210
10050
10658
10258
10466
10482
10770
10482
10658
10226
11042
11026
10962
11282
11890
12995
14163
15107
15971
16227
16371
16532
16644
17908
19284
20116
20741
21301
21253
21589
21413
22933
25158
26774
27430
27798
28006
28214
27942
27382
25686
23765
22261
21541
20773
20757
20501
19684
18212
17412
16484
16195
14483
13315
13747
16884
20533
23781
25734
27302
28102
28422
28775
28951
29079
29431
29447
29687
29431
29383
29319
29383
29031
27654
26054
24902
24437
24245
23541
23381
21973
19524
17316
15347
14531
13811
13171
12531
12371
11714
11954
12563
13795
15907
17844
19940
21237
22373
22933
23717
23845
25510
26950
28006
28582
28727
28390
27350
25894
24485
22997
21509
19604
17796
16307
14883
14051
13059
12707
12018
11986
11522
12435
14707
18052
21013
23285
24421
25062
26198
27382
26966
24373
20356
17380
15507
14195
13683
13299
13475
13619
13475
13043
12979
12979
12851
12787
12515
12515
12979
13571
16436
20196
23013
25462
26486
26262
26006
25430
25574
25206
25286
23701
21797
19940
18724
18148
17604
17364
16932
15091
13427
13779
14435
16291
19972
23093
25302
27126
27766
28262
28630
28807
29079
28999
29063
29447
29111
29287
29287
29367
28166
25910
21893
18868
16484
14851
14035
12883
12547
12162
12194
14691
17556
19668
20597
21493
21797
21909
22037
23797
26150
26198
23381
19796
16708
14883
14019
13139
12242
12034
11762
11458
10882
11042
10498
10402
10402
10450
9954
10066
10146
10162
9874
10082
9762
9554
9522
9650
9618
9810
9458
10386
13475
16868
19652
20949
22357
23541
24197
24630
25078
25014
25302
25174
25510
25814
25606
25958
26342
26054
26342
26518
27766
27878
26614
24469
22197
21429
20468
20036
19140
16628
14579
14787
17124
18212
19028
19252
19876
20212
20212
20244
20276
20549
20933
20693
20917
21109
21077
21269
24533
26678
27078
26838
24293
20212
17156
15315
14275
13395
13299
13667
14099
17124
21845
24982
25110
22037
17924
16115
17684
20452
23733
26038
27398
28038
28534
28214
28118
28198
28038
28182
27974
28070
27686
25750
23269
22181
21765
20917
20773
20997
20677
20757
20869
21093
21205
21541
21493
21765
21893
22405
22677
22645
22645
22405
22373
22565
22341
22565
22469
21237
17300
17556
21541
24950
26822
28086
28534
28887
29159
29223
29303
29815
29655
29751
29415
29703
29783
29639
29687
29879
29655
29863
28550
24197
19540
18212
17316
16660
15843
15619
15091
16596
18452
19540
20677
21493
21845
21573
21653
21765
21957
22309
22901
22949
22789
22709
22981
23717
26486
27686
28486
28486
27670
25142
22709
21317
20581
19748
19476
18852
15667
14483
14995
16628
17508
18276
18740
22357
25382
25030
23589
22069
20501
17812
16131
19172
23605
25910
27382
28070
28502
28775
28454
26358
22885
19924
17876
16596
15027
14707
17732
21397
24293
26022
26662
27206
27350
27526
27878
27846
28246
28310
28438
28646
26102
22261
18660
16612
15107
14499
13571
15555
19028
21333
22149
22997
22885
23701
25750
27574
27766
26918
26566
24662
20212
17476
17876
21957
25302
27158
28342
28839
28582
26502
24742
23285
22213
21829
19860
16740
16468
17396
18020
18900
19252
19876
20020
20677
21973
24453
26374
26934
27446
27814
27798
27734
27654
27750
27798
27606
27590
27462
27654
27350
27366
27334
27430
27350
27414
27302
27574
27318
27494
27462
27494
27798
28006
27862
28310
28582
28999
27046
25942
25302
25174
24854
24549
24325
24341
23765
23893
23669
23173
23045
23077
22901
22805
22613
19796
17220
20148
22437
24373
25094
26038
26470
27030
28230
28711
29015
29463
29415
29607
29575
29607
29639
29623
29591
29687
29591
29847
29799
29847
29799
29815
29687
29799
26486
21173
17956
16163
14931
13731
13555
13107
12707
12819
12146
11922
12002
11682
11618
12034
11618
11682
11522
11586
11618
11074
11362
10802
10818
10754
10418
10338
10418
10226
9906
9810
10210
10210
9986
10162
10338
10018
10418
10050
10178
10386
10594
10546
10722
10546
10514
10754
10850
10546
10978
10322
10658
10578
10626
10738
11234
11026
11106
10962
10962
11234
11218
11410
11314
11170
11666
12178
12771
12931
13187
13043
13427
12947
13155
12691
12819
12883
12803
12659
12563
12114
12467
12146
12226
12002
12226
11762
11906
12098
12130
11666
11682
11666
11634
11922
11762
12146
12226
12803
12659
12771
13315
13955
14067
15107
15299
15635
15523
15315
14691
13971
13395
13203
12947
12867
12435
12515
12002
11810
11922
11202
11474
11346
12018
12082
11890
12114
12018
12451
12499
12339
12515
12339
12691
12483
12883
12899
13379
13683
13619
14403
14243
14419
14323
14675
15123
15635
15907
16436
16339
16724
14451
14323
16852
20837
23669
25526
26166
27110
27510
27830
27718
28214
28086
28406
28438
28358
28166
28534
28454
28518
28502
28470
28646
28342
28278
28598
28582
28486
28807
28662
28679
29031
28935
