30327
30279
30359
30151
30487
30279
30343
30215
30167
30375
30103
30151
30503
30439
30519
30215
30327
30535
30551
30519
30455
30279
30215
30215
30407
30327
30343
30343
30199
30295
30135
29991
29991
30167
29943
29863
29991
29831
29783
30023
29879
29863
29991
29911
29767
29943
29767
29703
29863
29831
29847
29895
29975
29879
30167
30167
29991
30071
29991
29799
30135
30023
29959
29943
30119
30231
30135
30391
30215
30071
30103
30151
30023
30087
30007
30279
30151
30199
30215
30071
30119
30311
30311
30295
30359
30279
30199
30199
29927
29991
30167
30087
30087
30151
29943
29959
29255
29063
28839
28646
28630
28310
28198
28230
28038
27974
27878
28006
27990
27734
28182
28246
28214
28070
27734
27878
27782
27734
27590
27750
28198
28278
28278
28086
28166
28262
28566
28406
28630
28839
28903
28775
29111
29015
29143
29079
29239
29591
29639
29719
29735
29783
29895
29687
29863
29783
29847
29847
29671
29799
29831
30023
30263
30279
30327
30167
30279
30087
30039
30007
30263
30103
30215
30135
30103
29991
30071
30135
29767
29863
29719
29991
29751
29639
29447
29559
29719
29607
29479
29319
29255
28775
28214
27990
27414
27542
27702
27670
27846
27926
28006
27878
28022
27606
27686
27622
27478
27350
27590
27126
27254
26694
26326
25926
25302
24646
23413
22373
21301
20581
19636
19668
19124
19108
19012
18916
18804
18740
18852
17508
16323
15299
14211
13027
12387
11682
11442
11378
10914
11010
10738
10610
10418
10770
10802
10610
11154
11314
11810
11746
11938
12371
12691
12435
12595
12691
12563
13107
13987
15043
15763
16740
17204
17636
17812
18372
18452
18132
18340
18676
18820
18868
19028
18932
19060
18804
19220
19012
18964
19204
19124
19028
18964
19028
18916
18740
18772
18804
18500
18404
18772
18836
18756
18580
18820
18340
18676
18260
18708
19732
21413
22741
24133
24918
25430
26006
26294
26694
26662
26790
26998
26934
26982
27654
28342
28695
28983
29079
29111
29175
29143
29159
29223
29335
29255
29543
29591
29511
29447
29415
29479
29303
29415
29655
29543
29431
29639
29399
28999
27958
27014
26278
25750
25398
25254
25126
25270
24998
25078
25206
24982
25078
23909
22261
19716
17828
15587
14467
13139
13027
12066
11618
11314
11474
11314
11138
10786
10770
10418
10370
10402
10370
10530
10578
10642
10546
10738
10322
10370
11346
13011
14755
17716
20020
22117
23285
24229
24934
25350
25670
25798
26150
26854
27670
28086
28326
28326
28775
28743
28999
28951
29031
28823
28743
28166
27574
27126
26758
26422
26550
26278
26022
26118
25942
26086
25382
23589
20741
18340
16067
14387
13779
12915
12787
11970
11714
11826
11314
11426
10930
11314
11730
14115
16147
19012
20549
22245
23045
23621
23845
24277
24437
24309
24694
25974
26854
27734
28262
28374
28422
28550
28759
28839
28711
28823
28855
29015
28839
28871
28807
27270
25254
23285
20485
19092
18228
17508
17380
17012
16436
16420
15859
15299
14035
13091
12579
13011
13715
13971
14067
13715
14131
14371
14547
16163
18868
21013
23445
24614
25446
25574
26214
26102
26854
26582
26550
27046
27094
28006
28406
28326
28278
28166
28486
28406
28534
28342
28438
28679
28390
28358
28518
28118
26838
24085
20468
17524
15587
16147
17044
17908
18628
18868
19300
19236
20629
22677
24758
26566
27638
28038
28727
28935
29047
28518
27734
25878
23381
20116
17444
15747
15603
15475
15427
15011
14707
14931
14307
14531
14131
14387
14291
14115
14259
13875
14115
14051
14195
14243
16099
18564
21109
23829
25014
25894
26262
26790
26934
26918
27110
27030
27142
27286
27654
27414
27814
27798
28118
27958
27974
27942
27814
27894
28662
28711
26838
23509
20501
17956
16564
15843
15539
14739
14691
14579
14179
13123
12307
12915
14883
16900
18228
18708
19316
19652
21797
24021
25910
27062
27494
27974
28278
28454
28390
28759
28807
28662
28775
28935
28727
28374
27126
24918
22085
19220
17172
15955
14915
14355
13827
13555
13171
12915
12851
12339
12547
12323
12226
11874
11522
11298
11346
11538
11138
11266
11234
11234
10706
10802
11026
10738
10434
10194
10418
10290
10418
10002
9922
10466
10882
12387
13123
13859
14467
14915
15363
15299
15219
15571
15651
15363
15635
15571
15715
16692
19060
22261
24646
25894
26630
27238
27366
27430
27862
27894
27926
28166
27558
26262
23893
22117
20260
17908
15667
14083
14147
14179
14307
14115
14419
14611
14563
14291
14547
14467
14995
14723
15203
15283
15411
15379
17428
21077
24277
25814
26774
27222
27702
27782
28358
28470
28775
28855
28839
28695
28999
28999
29079
29095
28935
28967
27542
25062
22069
19268
17492
16420
15363
14163
13347
12835
12355
11794
12675
14099
14963
15619
16147
16371
16436
17092
17124
17828
18212
18756
19252
19252
19700
19908
19572
19748
19796
20388
20340
20420
20773
20853
22517
24886
26630
27494
27846
28502
28614
28727
28727
29047
29127
28983
28951
28871
27174
23669
20468
17652
15843
14659
13619
12659
12274
12435
11810
11890
11634
11602
11138
11010
12867
15347
19220
22869
24565
26230
26662
27526
27558
27782
28038
28262
28198
28342
28662
28711
28630
28582
28582
28839
28823
28711
28823
28855
28983
28871
28839
28919
28807
28903
28903
28983
28999
28855
28967
28775
28775
29079
29031
28903
28839
28839
28839
28807
29095
28662
29175
28054
26070
23445
22053
21029
20292
20068
19428
19412
19236
19220
19220
19092
18932
18884
18596
18612
17908
15747
14131
13267
15139
18484
22085
24950
26630
27030
27462
27750
28006
28022
28246
28326
28246
28326
28086
28054
28358
28326
28262
28246
28454
28278
26118
21829
18244
18388
21845
25142
27126
28086
28518
28807
28935
29159
29351
29431
28550
25766
22037
18596
16115
14579
14067
13395
12787
12194
12098
12194
13843
15251
17060
17444
18116
19620
21557
24341
25702
26678
27366
27670
27878
28022
28118
28390
28614
28630
28454
28502
28598
28695
28358
28582
28550
28662
28679
28695
28614
28791
28598
28566
27478
24197
20100
17380
15523
14611
14035
14403
14147
14035
14115
13795
15827
21173
23253
20981
17908
15523
14323
13427
12515
12018
13171
18068
23093
25382
26390
26758
27494
27526
27974
28166
28166
28294
28262
28358
28374
28454
28470
28518
28823
28679
28646
28054
26870
25414
24614
23829
23157
23093
22069
19332
17236
15507
14131
13539
13107
13331
13347
12915
14771
16676
17924
19012
19028
19604
20116
20292
20917
20933
21157
21477
23701
25654
26790
27318
27270
27062
26806
26918
26742
26838
27126
27270
27254
27126
27222
26870
26694
26566
26310
23013
19588
16996
15635
16404
19732
22005
23285
24133
24533
24886
25238
25414
25686
25718
27462
27622
26422
23237
20677
18708
16868
15619
14611
14275
13683
13235
12787
12611
12339
12467
12130
12098
12435
12146
12130
12034
12210
11682
11826
11522
12467
15427
18868
21829
24389
25190
24886
23781
21941
19204
16484
14867
14675
16147
16852
17444
17684
17796
17540
17876
17748
17988
17972
18132
18228
18420
18388
18292
18212
18292
18116
17748
18116
18340
19956
22565
23781
24870
25302
25926
26054
26406
26918
27910
27606
26614
23701
20036
17300
15971
16772
17876
18132
18756
18548
18452
18724
21653
23461
24501
25430
25798
26582
27510
27670
26966
26582
26278
26278
25926
26022
25830
25718
25830
25478
25366
25254
25062
24870
24934
24774
24678
24774
24533
24662
24533
24309
24694
24646
24726
24742
24485
24149
24325
22597
19524
17764
15971
15027
13827
13443
12499
12387
11714
11714
11122
11474
11106
12114
13539
13811
14435
15059
14867
18004
21877
24806
26118
26486
26406
26646
26454
26086
25942
25926
23797
21813
21285
20485
19988
19316
19108
18884
18436
18052
18196
17764
17700
17668
17508
17524
18020
17444
17716
17332
17044
16836
17060
16692
16660
16916
16692
17044
16708
16532
16307
16259
16147
16371
16195
16163
16404
16420
16339
16099
15731
15667
15395
15651
15411
14947
15139
13555
12627
12563
12659
12611
12403
12851
12771
13171
13459
13427
13283
13155
13219
12851
12835
13267
13411
13379
13475
13379
13523
13411
13635
13555
13443
13635
13731
13811
14147
14195
13987
13955
17076
19604
21301
22485
23141
23333
23717
23797
23749
23973
24357
24742
26310
27270
27558
27574
27622
27446
27606
27686
27798
27590
27622
27574
27382
27334
27254
27334
27334
26934
26950
26710
26806
26662
26422
26598
26246
26342
26102
25782
25446
22453
19812
18004
16612
15555
15059
14307
13907
13747
13539
13347
13043
12867
12915
12979
12531
12339
12387
12627
12274
12323
12387
12531
12531
12515
12387
12515
12499
12515
12547
12499
12675
12274
12002
12002
12339
12371
12210
12002
11890
11970
11698
11794
11650
11890
11874
11538
11554
11602
11506
11746
11330
11634
11826
11778
11810
11602
11394
11474
11730
13635
19268
22501
24533
25798
26422
27190
27558
27942
28038
28374
28230
28502
28534
28887
28903
28919
28823
29111
29239
29223
29255
29207
29287
29191
29431
29447
29335
29479
29479
29463
29511
29511
29351
29543
29351
29559
29575
29511
29415
29447
29335
29431
29383
29303
29479
29431
29623
29367
29287
29511
29335
29271
29431
29191
29143
29495
29383
29415
29159
29335
29255
29127
28919
28839
29063
28887
28775
28566
28791
28807
28598
28823
28598
28983
29015
29063
29095
28919
29239
29207
29127
29383
29255
29255
29287
29367
29335
29351
29479
29415
29607
29543
29367
29287
29367
29511
29335
29191
29479
29383
29207
29175
29287
29367
29351
29111
29223
29351
29159
29335
29127
29223
29431
29303
29255
29639
29287
29447
29383
29271
29319
29431
29575
29639
29559
29303
29415
29271
29447
29415
29527
29559
29495
29351
29495
29431
29431
29447
29303
29431
29479
29223
29175
29415
29559
29287
29575
29191
29351
29383
29543
29431
