35720
35816
35768
35784
35928
35928
35864
36040
35832
35832
35960
36040
35832
35768
36024
35960
35896
35832
35960
35816
35896
35752
35944
35928
35848
35784
35784
36584
35784
35688
35768
35880
35832
35848
35560
35672
34888
34296
33368
31479
29783
29127
28342
26838
25366
24069
22997
22677
21813
21621
20837
20404
20340
20212
20100
20324
19604
19300
18708
17620
16692
15635
15203
14931
14867
15299
16019
16724
17188
17860
18340
18820
18948
19972
20581
22229
23861
25862
27414
28871
30119
30903
31847
32695
33112
33704
34200
34632
34936
35112
35128
35336
35048
34952
34328
34392
33704
33576
33320
33288
33128
32311
32519
32375
32279
32311
31815
31351
30487
29927
30023
29671
29463
28823
27398
26262
24950
24742
24389
24710
24533
24181
23541
22965
22693
22117
21349
20933
20757
20709
20677
20501
20148
19940
19652
19060
18724
18228
17876
17220
16948
16596
16051
15779
15459
15555
15155
14995
14835
14803
14787
14659
14675
14531
14435
14627
14931
15171
15555
15971
16067
17012
17524
16900
16804
16532
16275
16163
16500
16580
16644
17172
17540
18596
19220
20244
21861
23797
25750
26966
27926
28695
29431
29415
29623
30151
30295
30919
31687
32375
33128
33944
34040
34536
34728
35096
35496
35064
35112
34776
34696
34536
34072
33608
32375
31863
31175
30423
29367
28342
28422
26870
25446
23397
21077
19220
17668
16676
16211
15731
15283
15299
15075
15235
15923
16724
17332
19044
20949
22725
24549
26166
27270
28230
28534
28486
28855
29255
29495
29799
29735
30279
29687
29351
29303
30103
30631
31703
32231
32808
33256
33704
33608
34568
34968
35080
35336
35224
35304
34728
34168
32663
30775
28871
27462
25846
25270
24405
23733
22661
21861
21317
19748
18804
17572
16692
15795
15315
15123
14851
15059
15379
15683
16644
17860
17988
19188
21941
24694
26854
28727
30055
31175
32151
33176
33480
34152
34760
35032
35448
35416
35672
35544
35768
35640
35704
35672
35688
35576
35368
35528
35320
35128
35304
35160
35016
34840
34808
34328
34040
33448
32695
32071
31687
30999
29959
29383
28983
28630
28582
27974
27558
27430
26950
26486
26038
25462
25142
24565
24165
23877
23285
22933
22741
22005
20533
19556
18468
17588
16596
16355
16051
15699
15283
15027
14787
14803
15139
15779
16163
17300
18452
19652
20933
21877
23253
24245
24646
24934
25398
25526
26214
26582
26918
27190
27094
27174
27542
28150
27926
27750
27990
28326
28518
28695
29463
30583
31463
31991
32920
33400
33640
33624
33896
34056
34104
34072
34344
34584
34568
34296
34088
34040
33992
34296
34504
34616
34840
34632
34536
34184
34152
33848
33816
33336
32759
31911
31431
31191
30695
30231
30007
29591
29559
29431
29815
29959
30135
30631
30695
30391
30119
29063
28935
29351
29799
29847
29799
29447
29431
29223
29975
30407
30967
31415
31655
32039
32183
32471
32279
32455
32167
32023
31879
31991
31863
32167
32087
32119
31927
32295
32263
32615
33016
32968
33176
33272
33336
33576
33896
34184
34456
34552
34280
34008
33784
33912
33624
33528
33384
33048
32968
32535
32631
32551
32647
32391
31975
31751
32167
33000
32968
32920
33112
33496
33384
33912
33736
34280
34232
34296
34200
34248
34120
34152
34424
34216
34760
34424
34248
34392
34936
34504
34744
35016
34664
34696
34776
34632
34776
34232
34376
34392
34440
34440
34792
34408
34744
34888
34936
34856
34760
34744
34632
34424
34632
34344
34600
34104
34168
34184
34200
34376
33864
33992
33704
33816
33960
33896
34024
34184
34168
33976
33960
33960
33912
33944
33816
34008
33864
33672
33752
33736
33960
33896
34088
34392
34056
34104
33832
33816
33352
33384
33080
33272
32888
32968
32824
33000
33576
33336
