34312
34008
34200
34328
34152
34376
34488
34408
34568
34568
34696
34712
34408
34664
34568
34696
34680
34984
34888
34936
34920
34872
35016
34952
35048
35064
34888
34872
34808
34680
34872
34968
35400
35240
35544
35384
35640
35560
35576
35608
35784
35560
36200
35784
36024
35944
35912
35688
36088
36040
36008
35960
36040
36184
36168
36040
36136
36392
36248
36104
35960
35944
35928
35928
35848
35816
35544
35608
35480
35512
35272
34856
34648
34104
33576
32471
31847
31351
30503
30375
30455
30455
30391
30359
29559
29607
29015
28646
28775
28775
29095
29463
30327
30647
30967
30631
30759
29927
30007
30455
30775
30983
31671
32343
32599
33112
33640
33832
34024
34120
34088
33592
33896
34040
34136
34312
34808
34792
35016
35192
35256
35368
35416
35320
35224
34712
35128
35144
35496
35560
35576
35672
35816
35752
35784
35496
35544
35880
35688
35656
35816
35672
35768
35976
35960
35976
36168
36136
36168
36168
36344
36136
36344
36312
36424
36408
36280
36456
36312
35976
36552
36488
36360
36344
36440
36312
36008
36408
36873
36200
36248
36120
36312
36408
36248
35976
36168
36136
36264
35912
35928
35560
35544
35800
35304
35096
35144
34760
34776
34648
34616
34328
33432
33064
32087
31543
31031
30711
30343
29991
30071
29303
28470
27798
26998
26038
25334
24966
24325
24165
24293
23781
23749
23973
23461
23477
22773
22821
21973
21541
21365
21189
21029
20821
20837
20132
19956
19172
18884
18868
18420
17620
17604
17620
17316
17188
17108
16996
16452
16291
16035
15715
15779
14883
15267
15027
15091
15075
15155
15027
14851
14819
14915
14675
14851
14563
14611
14355
14531
14515
14419
14643
14387
14339
14515
14627
14691
14739
14563
14515
14675
14627
14963
14723
14611
14435
14787
15075
15203
15651
15683
15827
16099
15811
16484
16932
16884
17316
17428
17156
16692
16500
16772
16307
16500
16580
16804
16259
16388
15635
15475
15283
15555
15507
16147
16852
17588
18132
18740
19332
20228
20565
21557
22165
22805
23205
23573
23813
24373
24790
25926
27030
27526
28454
29271
30167
30679
31559
32247
33352
33800
34264
34696
35096
35288
35336
35576
35752
35800
35784
35736
35976
35704
35736
35656
35368
35224
35224
35112
34824
34680
35112
35016
35384
35256
35160
35128
35064
34920
34952
34872
35208
35096
35272
35528
35176
35208
35160
35272
35352
35000
35064
34968
34712
34776
34776
34728
34776
34984
34712
34920
35048
34968
34936
34824
34488
35080
35032
35272
35224
35224
35448
35176
35352
35160
35192
35256
35016
35240
35000
35176
35064
35064
34968
34840
34920
34696
34760
34680
34904
34760
34552
34520
34536
34648
34680
34648
34920
34840
34568
34744
34616
34744
34920
34680
34824
34760
34680
34264
34216
34136
33496
33064
32327
31911
31031
30759
30487
29399
28662
27126
26214
24149
22565
20965
19732
18468
17092
16660
17300
18004
19044
19716
20725
22245
23637
24870
26582
28598
30567
32343
33352
33864
34584
34808
35112
35480
35640
35784
35768
35912
35832
36056
35880
35752
35832
35576
35672
35016
35400
35368
35032
34808
34360
34072
33848
33256
32856
32599
31767
31543
31111
30583
29655
28662
27670
27062
26390
25766
25190
24870
24549
24485
24245
23717
23013
22037
21221
20805
19940
19844
19252
18820
18836
18788
18372
17940
17316
16660
16371
15987
17076
19092
21397
24501
27686
30647
32503
34024
34728
35016
35224
35800
35496
35688
35592
35512
35592
35608
35192
35288
35064
34728
34328
34072
34184
33784
33352
32535
31527
30423
28983
27670
26342
25878
25206
25254
24758
23925
22165
20645
18676
17732
17316
17524
19028
21125
23525
25638
27590
28839
29287
30167
31303
32423
33464
34408
34968
35368
35672
35656
35848
35688
35480
35624
35592
35608
35352
35448
35032
34520
33592
32295
31175
29975
28823
28086
27702
27622
27046
26182
24517
22469
20517
18964
17668
18324
20533
23765
26950
29847
30919
32343
33144
34120
35000
35080
35192
35032
34808
34600
34040
33272
32007
29975
27190
24742
23173
21765
20196
18964
17988
17428
17700
19428
20549
21493
21957
22901
23973
25014
27254
29831
32295
34312
34648
34840
34712
34600
34296
33576
32471
31063
29447
27366
25286
23893
22581
21909
20645
20372
18868
18324
17764
17044
16708
16371
16019
15939
16484
16660
17156
17588
18532
19348
18932
19268
19380
19252
19012
20052
20436
21173
21269
21861
22405
22533
23573
25030
26390
28246
29751
31383
32743
33448
34328
34808
35128
35144
34264
34408
33784
33080
32824
32535
31815
31335
30775
30199
29111
27558
26230
24710
22885
21381
20212
19188
18068
16948
16500
16436
16035
17092
17268
17604
17316
18244
19188
20164
21829
24085
26582
29479
32135
33464
33320
32551
32167
31719
31031
30839
30775
30535
30263
29943
29287
29159
27974
26438
24245
21749
20004
18292
17668
17444
17764
19220
21109
23125
24742
26534
27990
29639
31367
32824
34056
34648
34728
34584
33448
31047
27974
24501
22053
19524
18388
18516
19348
21397
24133
25606
26406
28630
29895
31095
32263
33016
33272
34056
34552
35064
35368
35320
35688
35560
35576
35192
34760
33816
32840
32103
30951
28246
29255
30423
28166
27158
25846
22533
21397
20260
18772
17828
18228
21013
19524
20853
23237
23749
26566
29143
29527
31095
32007
33240
33592
34232
34136
34248
34616
35048
34520
33112
31511
29255
28438
27350
26278
24421
22613
20693
19140
18036
17668
18020
20004
22901
25814
28358
29943
31687
32631
33928
34440
34712
35160
35032
35096
35000
34664
35096
34904
35288
35320
35544
35656
35560
35624
35800
35400
34856
33640
31767
29799
27622
25590
24405
22869
21109
19828
18548
17700
17124
16772
16243
16548
16996
18676
20308
22021
24261
27254
30183
32599
33672
33192
31463
29287
27366
25286
23813
22293
20645
19300
17940
17492
17364
17636
18260
19540
20436
21349
21733
21877
22533
23509
24149
25286
27222
29159
29607
30871
31735
32551
33224
34040
34536
34936
35240
35208
35304
34936
34312
33608
32215
30567
29767
28150
27222
26294
25670
25158
24774
24309
24133
23749
23749
23461
22421
21077
19492
17828
17044
16756
16964
16820
19604
23125
27254
30679
32279
33896
34504
34888
34888
35192
35272
35384
35304
34744
34328
33976
33736
34024
33256
33528
32039
31751
31223
31159
30759
30503
29911
29527
29495
29303
29191
28919
28566
28486
28006
27638
27638
27158
27254
26870
26662
26438
26694
26326
26438
26566
26550
26486
26182
25974
25702
25702
25430
25094
24245
22853
22677
22357
21909
21541
21861
21525
21253
21253
21477
21653
21301
21237
21477
21445
21989
22037
22773
23461
23829
24165
23877
23493
23317
22949
22645
22501
22613
23029
23573
23989
24021
23957
23573
23813
24213
23557
23749
24133
24678
25110
25430
26310
27094
27014
26646
26550
26326
25302
24806
24437
24309
24662
25398
26166
26918
27062
27174
26710
25878
25014
24341
23845
22709
22853
22837
23589
23605
23925
23877
23397
23189
22645
21797
21845
22037
22069
22565
22357
22981
22229
22693
22261
22197
21781
21445
21413
20613
20308
19780
19684
19524
18852
18980
18868
18628
18628
18116
18228
17860
18004
18484
18500
19140
19028
19524
19284
19300
18980
19188
18852
19364
19284
