35784
35800
35528
35352
35240
35080
35240
35112
35064
34904
34504
34600
34664
34712
34600
34792
34600
34680
34840
34760
34776
34568
34632
35320
34808
34680
34632
34840
34744
34648
34680
34712
34568
34584
34408
34792
35080
35576
35512
35656
35768
35976
35960
35944
35976
35976
36280
36104
36232
36136
36120
36168
36328
36216
36392
36392
36536
36360
36248
36296
36088
36072
35944
35800
35688
35656
35416
35432
35144
35432
35032
34456
34728
34568
34440
34408
34168
34376
34376
34248
34440
34296
34392
34488
34600
34712
34664
34584
34424
34456
34552
34280
34232
34024
33928
33720
33592
33336
33448
33080
32952
32311
31991
31351
31127
30903
30839
30695
30999
30951
31159
31511
31127
31095
30631
30391
30135
30295
30519
30263
30455
30535
30423
30247
29959
29559
29703
29495
29735
29367
29479
29623
30023
29815
29639
29959
29831
29815
29735
29543
29111
28791
28711
27990
27478
26966
26582
26086
25974
25510
25062
23781
22501
21461
20468
19620
18740
18372
17620
17220
17508
16996
16484
16307
16019
15971
15587
15715
15235
15299
15459
15091
15331
15267
15443
15411
15059
15507
15251
15219
15155
15171
14723
15043
15187
15379
15203
15299
15027
15283
14787
14899
15171
15027
15107
15043
14899
15267
14995
14835
14819
14947
15011
14963
15843
16163
16788
17844
18676
19380
20276
20693
21925
23269
24742
26166
27174
28454
29159
29815
30391
31127
31351
31191
31479
31239
31335
31367
31143
31223
30919
31031
30807
30903
31079
31271
31255
30919
30951
31431
31703
31863
32247
32199
32711
32679
32759
33016
32856
32984
33176
33272
33448
33832
33992
34424
34328
34360
34552
34584
34984
35240
35448
35592
35672
35848
35896
35720
35928
35784
35816
36056
35832
36152
36024
35992
36008
36104
36056
36008
35992
36104
35944
36024
36040
35832
35944
36088
35960
35912
36008
36168
35944
36136
36152
36088
35992
36072
35960
36104
36504
36072
35992
36168
35960
36072
36248
36072
36120
35944
36200
36040
36184
35960
36136
36216
36088
36088
35688
35640
35048
34760
34168
34232
33800
33656
33640
33480
33144
33096
33240
33416
33336
33416
32984
32647
32599
32519
32519
32872
32952
33000
33000
33144
33224
33352
33432
33464
33752
34024
33960
33912
34056
33992
34024
34328
34408
34568
34648
34472
34552
34312
34616
34344
34408
34584
34344
34504
34792
34664
34984
34904
34872
34728
34872
34840
35064
34776
34904
34840
34536
33880
33688
33240
33080
32904
32503
32439
31543
31175
30919
30839
30935
30791
30775
30839
30599
30487
30567
31111
30695
30423
30615
30247
30407
30471
30791
30855
30919
30759
30519
30663
30135
29223
28711
27622
26710
25942
25190
24389
23685
22853
22037
21269
19972
19668
19172
18708
18596
18292
18004
17380
16980
16756
16355
16147
16339
15795
15923
15939
16259
16420
17156
17508
17572
17892
18116
18468
18980
19828
21045
22469
23461
23957
24405
24726
25206
25510
25318
25766
25750
25606
25814
25702
26054
25574
25670
25718
25718
25798
25606
25782
25942
25990
26006
26374
26102
26086
25894
25798
25638
25526
25254
25350
25270
25302
25446
25510
25878
25718
25734
26358
26822
27606
28182
28614
28887
30087
31511
32920
34264
34744
35144
35320
35624
35944
36088
36056
36056
36008
36184
36440
36376
36456
36456
36280
36488
36360
36072
36344
36632
36600
36664
36600
36712
36264
36504
36712
36552
36536
36120
35912
36264
36216
36104
35960
36040
36120
35864
36136
35944
36136
35816
35800
35752
35672
35560
35640
35800
35576
35528
35032
34568
34024
33016
32151
30967
30583
29671
28759
27126
25462
24053
22309
21173
20308
19364
18772
18180
17476
17076
17060
16532
16596
16596
16644
16692
17316
17540
18164
19028
19636
20340
20837
21733
22709
23157
24101
24790
25238
25366
25526
26230
27558
28246
28711
28871
29031
29223
29511
29847
29991
30391
30791
31255
31495
32327
32663
32743
33304
33416
33416
33640
33976
34344
34520
34984
35320
35672
35400
35992
36120
36152
35528
35000
34616
34152
33400
33160
32984
32695
32263
31943
31895
31943
31543
31223
30679
30055
29671
29335
28919
28454
28534
27862
27302
26470
25542
24565
23637
22965
21877
20629
19236
18852
18340
17764
17332
16916
17076
17924
18996
20725
22341
24533
26326
27590
28695
29287
29687
30135
30791
31255
31895
32023
32808
32968
33528
33720
34136
34328
34088
34088
34312
34776
35144
35192
35704
35656
35672
35768
35880
35880
35816
35368
34552
34072
33960
33704
33816
33528
33448
33576
33240
32968
32407
32103
31063
30343
29559
29399
29031
28070
27174
25766
24165
23013
21653
20901
19556
18804
17892
17364
17092
16996
16724
16756
17636
18596
20597
22645
24630
26006
27558
28470
29623
30775
31767
32759
33832
34216
34888
35064
35416
35480
35592
35384
34984
34360
34088
33720
33432
32391
31223
29927
29207
28791
28342
27830
27654
27446
27350
27430
27558
27702
27814
28150
28358
28470
29063
29319
29623
29799
29751
29399
28390
26678
24902
23125
21077
19652
18596
17508
17188
17636
18468
20148
21797
23413
25462
27398
28823
29767
31031
31591
31927
32487
32824
32759
32888
32679
32840
32695
32936
33112
33320
33096
32711
33112
33096
33192
33176
33000
33176
33112
33464
33240
33320
33368
33464
33656
33208
33496
33592
34072
34648
35240
35480
35176
34584
33480
30855
27974
24213
21445
20308
19204
19188
18772
18868
18964
19188
19188
19700
20068
20501
20693
20821
20549
20549
20340
20468
20068
20116
19972
20052
20164
19492
19940
19988
19380
19300
19268
19060
19300
18964
18980
19124
19044
18628
18740
18628
17876
17732
17476
17156
17108
17252
17268
16756
16852
16756
16596
16612
16163
16468
16355
16211
16195
16500
16420
16692
16836
16980
16980
16868
17140
16676
16820
17060
17060
17108
17364
17076
17700
17460
17684
17732
17236
17428
17268
17332
17044
17172
17652
17492
17444
17684
16996
16964
16852
16852
16884
16884
16916
17204
17268
17908
18388
18292
18420
18724
19044
19796
20965
21813
22165
22629
23077
23573
24165
24437
24501
24678
24533
24293
24918
24982
25046
25286
25382
25974
27158
28342
28871
29415
29751
30231
30583
30967
31143
31815
32471
33160
33976
34296
34744
34760
35128
35208
35176
35320
35480
35752
35640
35656
35416
35544
35352
34904
34600
34456
34504
34344
34136
33896
33400
32503
31399
30279
29207
28118
26902
26150
24774
23157
20885
19348
20164
23077
26326
28759
29927
30887
31207
31559
31495
31255
31031
31127
31207
31559
31863
31959
32503
32663
32840
32888
32952
32904
33160
33576
33592
33560
33544
33576
33560
33720
33816
33576
33656
33368
33320
33144
33208
32824
32840
32375
32455
32423
32263
32215
32023
32071
31879
31911
31943
32023
32071
31895
31655
31751
32055
31911
31703
31543
31639
31655
31927
33224
34360
35048
35432
35816
35848
35928
36104
36184
36088
35880
35496
35416
35400
35288
35336
35112
34744
34600
34424
34264
34664
34600
34712
34440
34872
34472
34632
34584
34376
34664
34536
34296
34456
34376
34248
34296
34072
34232
34344
34424
35048
34488
34408
34536
34504
34744
34936
35016
34872
35256
34984
34376
33784
32968
32471
32391
32199
31847
31447
31351
31207
31191
31479
30791
30839
31079
31287
31399
31607
31351
31031
31271
31303
31255
30999
31271
31415
31399
31479
31559
31495
31463
31431
31015
31303
31207
31479
31367
31191
30743
29783
29367
28518
27638
27718
27206
27110
26854
26342
25622
24437
23013
22053
20949
20501
20260
20789
20933
20324
19652
18500
18020
17828
17588
17604
17268
17236
16964
16628
16323
16291
16564
16404
16644
16195
16644
16307
16436
16211
16596
16532
16115
16355
16243
15907
15875
16307
15619
16051
15907
15811
15987
15779
15699
15923
16067
16083
16163
16307
15843
15827
15779
16323
16484
16692
16692
16852
16532
16500
16644
16628
16179
16355
16452
16516
15811
16051
15987
16211
16436
16307
16355
15859
15923
15587
15635
15811
15939
15859
15923
16067
15907
16115
15795
15907
15859
16516
16420
16708
16884
16948
16932
17076
17204
17252
17700
17844
18324
18852
18740
18708
18900
18628
19028
19876
19844
19780
20036
20084
19684
19940
19684
19684
19492
19476
19028
19252
19044
19364
19508
19524
19956
20036
20917
21669
21781
21669
21525
21605
21109
21253
21061
21077
20901
20324
19364
