34264
34088
33992
33848
33976
33816
33688
33800
33576
33976
33816
34120
34424
34584
34904
35144
35288
35288
35352
35448
35704
35960
35688
36104
36104
35880
35992
35944
35960
35768
35608
35544
35624
35224
34936
34792
34792
35304
34408
34520
34424
34280
34344
34104
34472
34424
34376
34312
34056
34424
34488
35112
35288
35176
35288
35240
35192
35000
35048
35368
34840
34776
34472
35000
34840
34520
34600
34840
34744
34616
34552
34552
34456
34520
34424
34760
35112
35496
34888
34648
34344
34312
34184
34264
33960
34120
33880
33656
33752
33416
33160
33720
32968
33016
32519
32375
32359
32215
32087
32087
31719
31607
31655
31495
31431
31047
30871
30295
29559
29031
28278
28022
27430
27318
26598
26038
25638
24549
23093
22341
21317
20084
19652
18132
17892
17508
16660
16291
15699
15459
15283
16291
16852
17476
18324
18772
19892
20228
21109
21125
21925
22389
22613
23445
23829
24309
25510
26070
26678
27158
27430
27766
28182
28438
28791
28919
29431
29559
30055
30711
30775
31399
31895
32119
32759
33272
33720
33864
34056
34408
34632
35000
35288
35400
35624
35704
35512
35704
35400
35432
35240
34920
34840
34856
34664
34312
33896
33048
32904
32055
31831
31607
31783
31143
30487
29655
29031
28406
27766
27606
26790
26182
24694
23989
22309
21557
20485
19364
18276
17124
16788
16996
16948
17460
18004
19284
21349
22069
23669
24678
25494
25318
25318
26022
26070
26390
26182
26470
26422
26518
27014
27030
27942
28582
29831
31319
32359
33320
33768
34280
34744
34984
35368
35320
35240
35144
35016
34968
34888
34856
34536
33800
33240
31975
30711
28887
27206
24950
22517
20757
19396
18324
17604
16932
16323
16307
16980
17796
18548
19860
22085
24277
26694
28342
29799
31191
32487
33096
34136
34920
34520
34632
34808
35144
35192
35352
35624
35736
35608
35576
35704
35688
35816
35736
35272
34808
34520
34280
33752
32327
30487
30055
28278
26486
24421
22309
20901
19284
18276
17300
16788
16307
16003
15779
15763
15843
15619
16035
16612
17252
17892
19028
20725
22725
24469
26502
28951
29815
30887
31543
32183
33224
34424
35176
35176
35256
34280
33704
32904
31703
30823
30631
28214
26294
23445
20981
19188
18132
17572
17380
16868
16596
16788
16948
17748
19268
20244
21477
22869
23797
24421
24501
24758
24501
24053
24902
26374
28118
29447
31591
32119
33176
34088
34696
35208
35192
34632
33576
32615
31383
30823
29431
28230
27126
25750
23973
22437
21173
20629
20116
19540
19332
18628
17876
17556
16772
16211
15539
15539
15171
15491
17444
19620
23445
27110
28727
28646
29255
29863
31399
33464
34376
34104
33112
30663
27958
26086
24565
24549
25158
25750
25398
24694
22901
20997
19172
17956
17156
16836
16868
16612
16612
15731
15795
16996
19508
23093
27030
29687
31847
33224
34360
34728
34968
35416
35496
35352
35528
35176
35160
34904
34904
34504
33992
33432
33320
33304
32663
32167
31143
30199
28086
25446
22917
19796
18724
18228
18516
19988
21877
24806
26726
29463
31607
32743
33752
34744
35304
35576
35112
34296
31831
29399
26262
23653
21301
19652
19092
17892
16756
17700
19700
22645
24854
26214
26678
27110
26550
26566
27014
27526
28630
29559
31367
32952
33944
34744
35272
35336
35592
35528
34568
33272
32215
30455
27958
25414
23397
21765
20565
18900
17396
16948
16371
16179
15971
15939
16131
16836
17940
19140
18644
19028
19764
20100
20388
21349
21525
22501
22901
23749
25494
28919
31543
33032
34328
34648
34712
34296
33080
31095
29159
28262
28374
28759
28630
28502
27558
26214
24950
23701
22533
21941
22149
23413
24341
25702
26390
26214
25014
23909
23813
22405
22581
20981
19908
18788
18180
17236
17220
18516
20052
22565
24485
26854
27910
29223
29799
30903
32968
33976
34728
34936
35304
34920
32439
29047
25558
22709
20949
19876
18692
18868
18612
19060
18804
18356
17332
16852
16420
16243
15827
15587
15411
15491
15251
15187
15667
17844
19908
20933
22885
24021
25494
27126
29143
31543
32920
34040
34392
34888
34904
35048
35064
35272
34904
33864
34056
33512
32824
31879
30759
29479
27734
25030
22677
21061
19476
18404
17332
18116
19476
21477
23413
25126
26838
27558
27366
27574
27286
27078
27270
28502
28598
29895
30407
30727
31079
32840
34072
34632
35320
35480
35656
35704
35688
35720
35976
36024
36040
35960
35896
35880
34984
33704
32631
31735
30599
28743
26742
23349
20965
19108
17812
16852
16532
16548
17476
18580
18884
19636
20004
20853
21509
22997
24886
26742
28022
28695
29095
29703
29239
29303
29511
29623
29751
29895
30167
30439
30599
30535
30903
31383
31239
31399
31095
31111
31271
30999
31191
31143
31127
31175
31191
31111
30935
30807
30503
30055
30311
30167
29911
30071
30263
30183
30167
30087
30119
30503
31047
32279
33080
33368
33288
33624
33720
34040
34264
35432
35544
35672
35960
35848
35768
35752
35784
35848
35976
35704
35896
35672
35672
35576
35640
35656
35688
35880
35704
35768
35448
34424
34120
32231
30983
30183
29399
28566
27894
26502
23909
21189
19172
17860
17236
17460
17812
18276
18356
18388
18820
18708
19092
19044
18916
18932
19316
18980
18596
18484
18612
18516
18644
18180
18324
18228
17908
17668
17828
17748
17748
17764
17124
17828
17668
17732
18148
17956
18308
18052
18404
17940
18276
18212
18164
18628
18164
17780
18068
17796
17764
17364
19540
25206
29287
31831
33240
33944
34568
34856
34920
35192
35432
35688
35624
35528
35672
35784
35896
35976
35816
35832
36072
35848
35768
36040
36008
36024
36136
36120
36088
36024
35928
36120
35864
35896
35832
35928
35960
35896
35976
35768
35816
35688
35384
35400
35128
35320
35176
35304
35288
35128
35000
35288
34984
35160
35192
35176
35480
35160
35240
35496
35432
35496
35304
35240
35352
35256
35400
35416
34664
35288
35144
35336
35224
35240
35192
35048
35032
35272
35016
35240
35176
35112
35176
35256
35480
35480
35400
35320
35048
35096
35160
35464
35256
35240
35416
35320
35416
35272
35560
35432
35368
35432
35272
35144
35272
35240
35144
35000
35064
35032
35160
35112
35352
35288
35192
35464
35208
35464
35576
35176
35416
35576
35624
35576
35400
35624
35608
35352
33000
31031
29767
29335
28967
28214
25798
23541
21797
20533
20116
19588
19364
18756
18356
18420
18484
18548
19028
19956
20116
20180
20372
20388
20212
20645
20517
20148
20917
21445
21429
21861
22613
23653
24373
24341
24309
24261
24229
24421
23893
