33256
33032
33048
33016
33160
32904
32904
32695
32439
32119
32167
32279
32471
32295
32503
32551
32936
32824
32872
32904
32631
32375
32567
32359
32423
32295
32247
32039
32023
32263
32295
32535
32984
33176
33704
34168
34648
35032
35448
35640
35736
35880
35752
35912
35752
35880
35480
35016
35016
34744
35112
35272
34584
34008
33304
32391
32151
31735
31943
31975
31943
32119
31815
31703
31655
31223
30775
30791
30903
30791
30599
30471
30151
30471
30183
30071
29927
30071
29847
29703
29879
29575
29383
29223
28983
28967
28807
28502
28022
27830
27638
27078
26902
26502
26214
26038
25494
24630
24149
23797
23477
22869
22181
21669
20917
20533
20020
19412
19316
18884
18516
18212
17908
17220
16628
16660
16660
16548
15907
15923
15715
15891
15619
15379
15107
14963
14867
14691
14963
14611
14419
14387
14355
14435
14339
14083
14275
14307
13939
14547
14515
14595
14227
14819
14819
15155
15331
15475
16131
17204
18100
19028
19380
20212
21221
21733
23413
24373
25302
26614
27110
28342
28534
30327
30247
31159
32007
32631
33128
33192
33704
33832
34184
34712
34744
35320
35320
35624
35656
35352
35160
34984
34264
33928
33704
32952
32824
32535
31975
31863
31095
30439
30007
29639
29511
29191
29479
28727
28534
27862
27414
27078
26710
26422
26150
25286
24758
24565
24021
23397
22341
21141
20388
19060
18532
17188
16548
16179
17060
18788
20661
23013
25830
28422
30327
32519
33976
34664
34488
34376
33656
32631
31719
30407
28759
26742
23909
21317
19828
18452
17476
17156
16596
16131
16051
15619
15859
15827
15619
15107
15091
15219
14947
15203
15139
14851
15091
15011
15091
14899
14515
14723
14323
14291
14387
14595
14499
14723
14691
14835
14819
14611
14819
14867
14851
15139
14867
14819
14611
14995
16211
16980
18164
19492
20340
21589
22021
22517
23845
25078
27350
28935
30375
31767
32888
33768
34600
34792
34872
34600
33784
33240
32391
31767
31335
30631
29623
28326
26358
24870
23173
22085
20933
20196
19716
19108
18404
17924
17828
17348
16852
16083
16083
15459
15203
15427
15107
15731
16964
19492
22629
25894
29239
31943
33320
33480
32711
32103
30935
29079
26646
23205
20757
19012
18164
17364
17252
16788
16676
16644
16708
17524
17252
17428
17748
17652
17860
17572
18372
19364
20260
20885
21829
22229
22933
23909
26230
28102
29815
31623
33384
34216
33272
30759
26790
23189
20805
21301
25382
30007
32663
34184
34536
34504
33592
31431
28630
24197
21237
19268
18836
18468
17924
17684
17908
18644
21301
23493
24982
26614
27190
27878
28470
29143
29767
30183
30535
31047
31847
32663
33128
33544
33816
34088
34248
33976
34248
33944
34040
34216
34024
34104
34024
34408
34824
35000
35352
35672
35752
35960
35864
35928
35944
36168
35848
35736
35704
35816
35848
35656
35448
35128
34664
34152
33656
32615
30599
26902
23733
21221
20068
18884
17988
17492
16820
17028
16660
16900
16532
16516
16099
16115
16596
17172
17796
18580
19508
19764
20581
20821
21493
23157
25990
28759
31479
33320
33720
32103
28630
24886
21941
20052
18452
17940
17076
16996
17396
17428
17860
18500
18660
18740
18612
18788
19188
19076
19012
19108
19444
19268
19188
19828
19380
19524
19556
19796
19892
19892
20372
20420
20468
20741
20757
20677
20645
20340
20853
20485
20581
20629
20645
20292
20549
20436
20468
20645
20324
20533
20501
20693
20757
20885
20292
20436
20533
19796
20276
20212
20276
20148
20132
19908
19940
19732
19716
19780
19876
20020
20020
19924
19828
20356
20308
20212
20276
20260
20388
20292
20164
20420
20501
20517
20581
20324
20837
20485
20404
20501
20517
20244
20132
20372
20196
20372
20196
19780
19700
19572
19252
19236
19780
19556
19684
19972
19748
19940
19764
20212
20356
20100
20084
19956
19556
19428
18948
19252
19012
19700
19476
19620
19524
19620
19540
19444
19252
19396
19268
19428
19236
19220
19028
18948
18868
19348
19204
18756
19140
18948
19028
18868
19028
18276
18292
17956
17780
17412
17092
16932
16964
16580
15955
16051
15955
15843
16115
15619
15251
15203
15219
15683
15859
15843
16211
16420
16436
16500
16211
16227
16147
15475
15555
15315
15459
15523
15619
15379
15315
15347
15123
15571
15523
15395
15523
15299
15139
15267
14931
15043
15187
14867
15107
15171
14627
15203
15075
14851
14755
14419
14595
