24838
24950
24982
25638
25654
25574
25894
25830
25910
26406
26806
27334
27462
27574
27798
27718
27766
27894
27734
27766
27798
27862
27750
28006
28006
28342
28438
28679
28919
28871
28839
28823
28775
28743
29047
29287
29351
29559
29895
29623
29735
29815
29895
30055
29991
29879
30135
30247
30423
30759
30791
30167
30359
29927
29559
29575
29751
30023
30999
31255
31847
32471
32679
33176
33240
33592
33656
34008
34232
34184
34568
34744
34840
34984
35032
34888
35224
35080
35240
35400
35544
35528
35752
35656
35608
35736
35816
35640
35800
35688
35960
35752
35960
36056
35912
35880
35960
36072
36024
36008
36200
36248
36104
36168
36232
36328
36088
35784
36456
36360
36552
36552
36632
36552
36792
36648
36776
36728
36776
36680
36856
36889
36840
36552
36680
36312
36424
36168
36184
36344
36184
36232
36184
36216
36296
36360
36472
36456
36520
36504
36520
36504
36584
36344
36456
36408
36440
36552
36584
36536
36312
36344
36600
35928
36392
36184
36216
35912
35816
35768
35512
35480
35288
35240
35240
34936
34360
33880
33816
33000
32519
32071
31607
31431
31127
31575
31063
31095
30791
30807
30455
30151
30167
30023
29895
29623
29143
28983
28438
27846
27558
27254
27334
26870
26694
25894
25990
26486
26166
26470
26086
25254
25110
24373
24085
23733
23621
23253
22261
21637
21269
20917
20597
20645
20292
19668
19268
18596
18388
18068
18052
18180
17748
18116
17988
18036
18260
17748
17716
17844
17524
17556
17268
17556
17268
17188
17316
17172
17332
17172
17140
17476
17748
17476
18068
17716
18020
18212
18020
18644
18788
18868
19300
19620
19684
20324
20693
21157
21621
21493
22005
22101
22421
22789
22549
22645
22965
22789
23125
23205
22885
22837
23093
22613
22629
22677
22661
22869
22933
23397
23221
23397
23525
23573
23333
23285
23397
23749
23669
23925
23829
23765
24005
24053
24341
24646
24678
24646
24886
24646
24790
24806
25030
25062
25014
25174
25270
25238
25446
25494
24966
25126
24854
24694
24710
24934
24678
24886
24870
24630
24614
24549
24870
24854
24886
24806
25110
24742
25318
25142
25606
25206
25734
25430
25638
26006
26470
26438
26390
26582
26646
26742
26486
26374
26294
26310
26422
26006
26502
26742
26678
26806
26790
27078
27142
27350
27494
27670
27638
27638
27750
28246
28454
28871
29079
28983
29207
29527
29031
28759
28935
28903
