35320
35416
35544
35528
35352
35752
35608
35336
35560
35512
35624
35464
35448
35624
35480
35176
35512
35640
35544
35384
35480
35672
35528
35384
35720
35608
35480
35352
35880
35480
35144
34792
34936
35128
35176
35672
35368
35576
35672
35640
35832
35672
36200
35784
35752
35832
35832
35592
35752
35624
35736
35496
35896
35624
35880
35608
35720
35672
35672
35880
35800
35784
35608
35864
35912
35816
35656
35736
35640
35752
35576
35576
35736
35688
35656
35576
36184
35672
35640
35592
35144
35432
35144
35080
34728
34856
34376
34520
34280
34216
34264
34152
34392
34104
34120
33672
33528
33352
32952
32920
32695
32695
32375
32455
32615
32551
32455
32551
32599
32135
31975
31927
31895
31847
31351
31111
30631
29879
29047
28054
27414
26518
25190
23781
22389
20645
19108
17652
17220
16227
15907
15283
15267
15155
15027
14899
14819
14995
14755
14947
14483
14435
14339
14547
14387
14403
14451
14771
14259
14627
14275
14771
14403
14707
14867
15427
16019
16211
17156
18308
19380
19860
20613
21221
21269
21237
21909
22373
23573
24437
24934
25254
25830
26310
26310
26198
26262
26022
25942
26006
26166
26918
26982
27062
26982
26966
26694
26854
27014
26790
27110
27206
27222
27686
27910
27702
27830
27830
28262
28150
28102
28086
28070
27814
28166
28518
29415
30551
32055
33160
33992
34568
34904
35272
35208
35320
35272
35384
35224
35368
34984
34584
34008
33464
32695
32071
31607
31063
30871
30439
30055
28967
27414
26054
24165
22725
21733
20853
20244
18724
17972
17556
16756
16468
15987
15971
15715
15331
16099
16948
19108
20452
22245
23429
24982
26678
28166
29175
29831
30423
31063
31543
32279
33064
33448
33672
33928
34024
34312
34856
35112
35192
35240
35272
35352
35496
35016
34472
34216
33960
33704
33336
32840
32503
32199
31943
31783
31703
31335
31175
30999
30519
30103
29943
29495
29911
29527
29527
29815
29431
29031
28759
28118
27654
27654
27606
27702
27798
27126
25974
24389
23077
21973
20436
19428
18276
17124
16307
16548
16179
16163
16099
15683
16035
16420
16980
17300
18276
19476
19636
20629
21589
23173
24133
24565
25174
25958
26742
27910
28935
30631
31719
32952
33608
34056
34648
35112
35320
34936
34760
34456
33896
33960
33720
33656
33576
33272
33304
32968
33192
32968
32407
31495
31047
30663
30711
30455
30599
30247
30151
29559
29495
29175
28903
28502
26758
24533
22677
21429
20885
20965
20404
20020
19396
18212
17828
17444
16644
16660
16099
15891
15715
15427
15363
15203
15411
15443
15587
15843
16660
17012
17236
17204
17604
18196
17764
17812
17908
17620
18084
18452
18308
18228
18196
18420
18420
18420
19620
20629
20581
20661
20452
21077
22005
23573
24774
25110
25670
25526
26038
26790
27334
27590
28342
28711
28919
29287
29559
30055
30103
30279
30151
30295
30359
30279
30919
31159
31303
31655
31671
31719
32007
32567
33160
33448
33656
34120
33832
34360
34888
34952
35288
35464
35576
35608
35544
35736
35608
35112
35384
35864
35576
35640
35416
35480
35560
35592
35560
35576
35800
35800
36168
36168
35960
36280
36088
35992
36376
35832
35832
35752
35672
35832
35512
35464
35592
35320
35224
35272
35176
35192
35048
35064
34984
34664
33992
33304
31815
31783
31287
30615
29687
28951
28486
27526
27286
27174
27030
27286
27686
27990
28342
28374
28342
28470
28438
28262
28022
27782
27894
27702
27878
27782
27926
27718
27622
27574
27286
27190
26774
26710
26838
27286
27542
27622
28022
28406
28839
28903
29047
28743
28582
28230
27862
27478
27222
26902
26582
26262
26006
25942
25590
25542
25126
24710
24293
24309
23637
23253
22821
22197
21525
21093
20485
20100
19300
19044
19028
18660
18516
18548
18228
18276
18244
17924
17732
17764
17828
17828
17844
17380
17444
17460
17764
17508
17604
17828
17460
17620
17732
17700
17844
18212
18340
18580
18516
18756
18516
18180
18036
17684
17700
17732
17540
17588
17796
17572
17732
17268
17156
16868
17060
17300
16996
17508
17236
17204
16964
17284
17332
17268
17332
17284
16804
17092
16756
16948
16628
16548
16420
16548
16756
16740
16564
16548
16612
16836
16836
16339
16339
16227
16371
15987
16339
16211
16035
15859
15939
15843
15859
15987
16115
15779
15827
16003
16115
15907
16339
16420
16676
16628
16724
16804
16388
16468
16115
16564
16612
16548
16692
16404
16820
16564
16452
16484
16436
