34376
34440
34584
34504
34648
34872
34840
35080
35256
35336
35192
35432
35272
35528
35384
35592
35512
35576
35720
35512
35480
35720
35240
35656
35608
35448
35608
35416
35464
35768
35192
35240
35096
35208
35240
35416
35256
35432
35368
35080
35016
35000
35064
35064
35400
35272
35448
35688
35704
35736
35512
35576
35704
35656
35848
35928
35912
35992
35816
35704
35784
35656
35640
35896
35576
35736
35624
35672
35416
35352
35864
35864
35432
35416
34104
33016
32759
32391
31847
30711
29847
29175
28278
27942
27174
26822
26870
26710
26742
26470
26326
26070
25734
24870
23765
22997
21909
20901
20276
19636
19252
18708
18356
18212
18020
17700
17652
17940
18356
18388
18836
18996
19220
18836
18676
18484
19092
19012
19716
20533
20757
21269
21557
22437
23045
24517
25350
26022
26310
26838
28054
28646
29367
29655
30167
30183
30535
30967
30935
31255
31511
31671
31943
32247
32007
31895
32119
32183
32583
32615
32840
32824
33224
33464
33608
33608
33704
33752
33656
33976
33976
34040
34312
34536
34504
34552
34600
34888
34728
35464
35624
35736
35864
35816
35592
35592
35160
35608
35496
35368
35544
35416
35512
35496
35400
35512
35208
35224
35192
35176
35288
35192
35288
35320
35432
35336
35128
35240
35176
35128
34936
35032
34600
34696
34440
34472
34136
34136
33720
33864
33304
33400
33160
32968
32663
32471
32263
32023
32183
32119
31719
32119
31815
31783
31431
31463
31415
30807
30663
30503
30567
30231
30263
30199
30183
29703
29591
29095
28839
28743
28582
28486
27958
28118
28022
27846
27686
27862
27702
27846
27910
27462
27142
26374
26278
26006
26182
25718
25606
24854
23973
23109
22325
21125
20773
20276
19716
19540
19300
19476
19172
19284
19108
18692
18548
18580
17988
17972
17700
17620
17604
17636
17556
17300
17588
17140
17620
17460
17316
17364
16996
17204
17028
16964
17076
17204
16948
16884
17060
16916
16820
16996
16980
16820
16740
16948
17092
16900
16612
16612
17028
16868
16708
17108
17220
17076
16404
16692
16852
16996
17028
16948
17092
16628
16804
16900
16692
16980
16964
16596
16820
16948
16708
16644
16740
16580
16740
16932
16980
17252
16804
16820
16980
16644
16996
17188
16868
16916
16740
17252
17348
17460
17268
17444
17124
17364
17060
17076
17204
17620
17668
18084
17828
17972
18084
17732
17892
17956
18852
19076
19412
19764
19908
19908
19780
19796
19684
19940
20132
19924
20036
19828
19940
19828
19924
19780
19572
19396
19268
19460
19012
19156
19300
18884
19204
19188
19188
19284
19524
19780
19604
20132
20485
20757
20597
20420
21013
20372
20517
20308
20324
20645
20244
20196
20164
19908
20164
19860
19892
20244
20148
20036
20164
20148
20036
20084
19780
19700
19396
19812
19700
19636
19316
19492
19348
19316
19812
19364
19860
19508
19908
19956
19844
20292
20052
20116
20100
20501
20308
21045
20501
21029
21061
20597
20613
20693
20757
20725
20949
21205
21157
21253
21317
21029
20789
20485
20244
20068
20244
20004
20485
20356
20597
20164
20485
20260
20372
20629
20581
20501
20661
20517
20308
20276
20404
20212
20116
20196
20340
19956
19956
19524
19748
19332
19668
19780
19748
19492
19588
19204
19348
