22437
22181
21653
21541
21477
21621
21717
22005
22037
22149
21989
22085
22101
22053
22229
22405
22165
22501
22213
22325
22325
22373
22677
23029
23157
23653
23477
24021
23989
24309
24309
24565
24485
24549
24309
23669
23285
22965
22453
22197
21813
21925
22325
22341
22725
22437
22645
22341
22245
22341
22693
22757
22997
23205
23381
23797
23813
24325
24085
24165
24213
24565
25014
25126
25334
25190
25510
25510
25462
25686
26054
26182
26166
26582
26790
26806
27046
27510
27254
27814
28054
28662
28791
28999
29287
29559
29511
29511
29367
29991
30135
29831
30423
30823
30823
31015
31591
32055
32231
32808
33144
33368
33912
34264
34840
34904
35688
35464
35416
35576
35640
35784
35944
35672
35912
35768
35800
35928
35752
35896
35800
36280
35496
35704
35608
35624
35512
35464
35464
35528
35224
35240
34984
34728
34648
34536
34408
34168
33896
33368
33528
33096
32872
32247
31943
31959
31591
31143
31031
30263
29879
29591
28839
28630
28214
28198
27830
27782
27478
27542
26982
27142
26630
26070
25606
25670
25446
24742
23893
23141
22437
21797
20773
20036
19332
18708
18228
17604
17204
17316
16884
16820
16676
16548
16596
16756
16163
16371
16211
15971
15939
16115
15987
16404
16355
16532
17012
17012
17652
18340
19348
20164
21221
22101
23173
23877
24902
25558
26118
26422
26422
26982
26998
27574
27766
28294
28871
29271
29703
30551
31463
32119
33272
33960
34648
35048
35240
35288
35416
35320
34664
34168
33400
32167
31047
29943
28502
27094
25766
24421
23157
21317
20244
19092
18308
17396
17364
16852
17028
16820
16948
17140
17316
17524
18164
18916
19908
20741
22645
24037
26150
27750
28823
29815
31127
32599
33592
34360
35160
35448
35672
35576
35512
35432
35080
34552
34152
34040
32551
31799
30743
29671
28646
27734
26918
25590
25510
24293
22725
21365
19876
19652
18868
18836
17972
17428
17124
16820
16452
16291
15971
16179
15939
16131
15683
15955
15523
16003
15779
15699
15555
16532
17556
18484
18676
20068
20981
21973
23861
25542
26614
28102
29543
31031
32471
33512
34152
34664
35208
35608
35640
35496
35160
34568
34600
34072
32695
31751
30807
30215
29607
28662
28006
27110
26406
25622
25302
24886
24982
24229
23365
22485
21781
21669
21253
21109
20773
20837
20452
20260
20276
19988
18932
18404
17204
16996
16820
17396
19220
22037
24501
26726
28278
29079
29751
30279
30775
30903
31127
31207
31671
32695
34168
34936
35512
35496
35640
35800
35896
35880
35832
36088
36120
36296
36120
36072
36248
36424
36264
36120
36136
36504
36136
35832
36152
36440
36376
36520
36392
36504
36424
36280
36456
36360
36360
36200
36392
36472
36360
36584
36552
36488
36280
36440
36600
36472
36376
36440
36232
36392
36408
36552
36408
36472
36392
36408
36552
36408
36616
36504
36568
36344
36536
36632
36584
36552
36472
36584
36600
36344
36504
36376
36344
36424
36472
36536
36376
36392
36552
36408
36312
36456
36344
36296
36440
36264
36456
36296
36360
36440
36568
36520
36520
36632
36360
36376
36488
36568
36488
36440
36568
36616
36376
36568
36392
36520
36200
36408
36296
36408
36520
36536
36568
36584
36456
36520
36344
36584
36696
36376
36552
36344
36664
36328
36440
36328
36424
36248
36232
36424
36264
36024
36280
36152
36136
36152
36392
36296
36328
36216
36216
36200
36072
36264
36344
36216
36424
36168
36312
36312
36408
36296
36408
36376
36136
36120
36120
36344
36200
36184
36376
36248
36344
36024
36264
36040
36344
35720
35528
