35704
36088
36024
35912
36040
36184
36120
35800
35944
35880
35816
36104
36104
35976
36248
35880
36088
35896
36200
35992
36120
36248
35992
36104
35960
35992
35800
35816
35816
35960
35832
35768
35960
35720
35816
35896
35848
35272
35688
35816
35624
35816
35624
35800
35416
35864
35624
35544
35752
35560
35704
35752
35624
35640
35528
35512
35192
34904
34760
34312
34520
33880
33944
33944
33848
33640
33720
33432
33144
33048
32888
32503
32215
32183
32103
32311
32183
32391
32343
32679
32327
32151
31591
31127
30775
30215
29463
29783
29447
29191
28951
28823
28486
28582
28358
28326
27878
27830
27286
26918
26822
26214
25446
25302
25190
24790
24646
24726
24870
25062
25094
24950
24373
23765
22789
22037
21157
20693
19972
18836
17860
17220
16163
15411
15571
15923
16804
18580
20677
22533
24213
25670
26294
27398
27862
28598
29047
29655
30247
30887
31367
32039
32311
32856
33096
33288
33848
34376
34728
34776
35032
35128
35416
35304
35384
35416
35160
34744
34728
34584
34296
34088
33528
33240
33096
32359
32391
31895
31575
31319
31079
30359
29927
29095
28262
27430
26390
25158
23205
22533
21221
19940
18980
18100
16708
16083
15363
15411
15395
14787
15443
15075
15363
15315
15219
15219
15475
15859
15379
15475
15539
15555
15939
15715
15843
16500
17492
17988
19012
20052
20693
21781
22773
24437
25958
27686
29159
30567
31319
31991
32567
33096
33608
33816
34264
34424
34808
34920
35176
35112
35352
35368
35368
35480
35304
35288
35016
35320
34520
34632
34520
34200
34232
34264
33496
33288
33096
33096
32952
32663
32519
32279
31975
31399
31143
31079
30999
31079
31399
31015
30567
30071
29351
28102
27958
27526
26790
26470
26262
25398
24325
23573
23493
22549
22101
21717
21029
20452
20052
18580
17876
17252
16323
16532
15971
16067
15683
15219
14899
14931
14371
14483
13683
14163
14163
14083
13971
13731
13619
13859
13875
14323
14243
14195
14019
14067
14595
14579
14563
14259
14291
14307
14163
14467
14419
14563
14387
14643
14611
14515
14643
14227
14227
13955
14275
13939
14163
14035
14275
14147
14163
13923
13667
13651
13891
13747
13667
13843
14787
14467
14803
14851
15667
15779
16916
17476
17988
18612
19700
22213
24181
26262
27702
28839
29719
30311
30759
31207
31703
32295
32599
32727
32984
33144
33032
32968
33096
33096
32984
32824
33192
33336
33848
34232
34376
34344
34280
33752
33608
33416
33320
33592
34040
34376
34008
34664
34552
34632
34472
34312
34312
34104
34008
34168
34392
34472
34648
33128
29959
28326
27542
27014
28823
29943
30823
32087
32824
33608
34104
34408
34072
33784
34216
34360
34904
35256
35576
35288
34808
34248
33976
34072
34456
34728
35064
35144
35352
35192
35176
34584
34920
34904
34744
34552
34824
35048
35064
34984
35144
34952
35032
34920
35048
34936
34904
35128
35048
35080
35064
35144
35256
35048
35352
35272
35064
34888
35128
34888
34888
34568
35080
35112
35400
35432
35384
35432
35496
35208
35368
35432
35176
35128
35336
35320
35480
35512
35336
35336
35576
35448
35464
35544
35480
35352
35576
35416
35384
35224
35240
35384
35640
35448
35560
35384
35544
35400
35160
35320
35160
35192
35192
35368
35400
35448
35288
35256
35320
35320
35096
35304
35384
35224
35144
35320
35208
35224
35128
35192
35224
35288
35224
35320
35288
35208
35352
35256
35176
35144
35272
35272
35208
35240
35352
35096
35304
35192
35272
35160
35288
35320
35176
35304
35320
35336
35304
35160
35240
35272
35240
35080
35240
35032
34760
35160
35160
34872
35016
35016
34408
34888
34904
34744
34856
34936
34856
34872
34776
34840
34712
34872
34680
34888
34904
