33496
33608
34248
34296
34920
35112
35448
35400
35400
35624
35512
35576
35368
35416
35560
35288
35048
35144
35128
35416
35160
35448
35464
35368
35288
35848
35000
35368
35080
34936
34920
34856
35032
35016
35000
34648
34744
34696
34200
34408
34360
34296
34008
34344
34232
34264
34360
34152
34104
33656
33768
33576
33272
33208
33016
32968
32663
32343
32055
31831
31895
31655
31143
30743
30471
30135
30183
29815
29783
29543
29399
29271
28823
28711
28646
28711
28374
27910
28102
28198
27958
27974
27766
27638
27302
27062
26790
26758
26406
26326
25974
25446
25846
25590
25142
24758
24405
23749
23125
22485
21749
20901
20116
19444
19236
18852
18228
17972
17732
17508
17156
17108
16692
16756
16195
16227
15955
15475
15683
15443
14931
14947
14627
14899
14755
14435
14531
14675
14579
14435
14275
14739
14387
14963
14739
15283
15395
15987
16131
16628
16724
17316
17972
18580
18788
19012
19396
20020
19732
20196
20597
21061
21093
21893
22069
22613
22901
23541
24453
25126
25910
26838
27350
28230
28695
29527
30119
30679
31447
32183
32759
33000
33448
33560
33688
33704
34120
34136
34184
34344
34712
34776
34712
35128
35320
35192
35144
35176
35112
35144
35224
35336
35176
35128
35176
35304
35336
35384
35272
35304
35064
35112
35080
35064
35128
34984
34824
34632
34680
34664
34104
34136
34232
34136
33944
33720
33400
33048
32952
32263
31815
30967
29831
29015
28454
27574
27270
26902
26166
24918
24437
23605
22869
21925
21557
20452
20308
19684
18868
18644
18036
17348
17124
16500
16067
16051
15651
15491
15107
15427
14963
14867
15299
15123
15763
16019
15971
16371
16676
17220
17940
18996
19668
20084
21045
21925
22181
23029
23349
24662
25542
26406
26710
27782
28214
28839
29191
29463
30135
30247
30423
30807
30807
30951
31383
31207
31623
31751
31895
32007
32119
32327
32263
32119
32263
32439
32295
32071
32119
32247
32183
32311
32679
33272
33368
33672
34200
34568
35224
35256
35368
35208
35368
35656
35560
35368
35512
35352
35320
35320
35176
35288
35304
35256
35032
35208
35224
35032
35176
35176
34968
34904
34840
34728
34600
34696
34792
34696
34808
34632
34840
34840
34568
34792
34712
34824
34728
34680
34552
34472
34168
34040
33848
33496
33288
33224
33048
32936
32888
32455
32407
32199
32007
31815
31559
31415
31207
30887
30503
29895
29399
29143
28342
27670
26614
25862
24774
23893
22357
20949
19588
18692
17732
16804
16580
16500
16516
16676
16852
16772
16564
16868
16948
16900
16724
16612
16692
17012
17236
17284
16852
16900
16916
16868
16532
16468
16548
16660
16243
16211
16323
16404
16035
16083
16227
16035
16115
16099
15971
16003
15779
16243
16131
15875
16259
16275
16371
16532
16291
16468
16404
16676
16708
17012
17268
17348
17284
17668
17924
18212
18628
18644
19044
19476
19780
20308
20965
21749
22517
23301
24293
27190
29751
31047
32055
32936
33464
33368
33944
34008
34344
34488
34536
34456
34376
34920
34744
34920
35000
35064
35160
35048
35048
35240
35256
35016
35160
35288
35128
35336
35528
35544
35448
35224
35080
34792
33880
32968
31975
30935
29943
29127
28967
28342
28534
28278
27974
26918
27702
27798
27606
27606
27750
27734
27430
27574
27510
27814
27782
27510
27782
27862
27654
27910
27878
27894
27942
27830
27894
28310
27990
28438
28630
28807
29095
29191
28983
29031
28983
28759
28983
29159
29031
29143
29127
28967
28935
29079
29111
29383
29415
29431
29431
29735
29351
29575
29495
29319
29671
29911
29847
29879
30071
30071
29687
29911
29879
29751
29879
29127
28518
28022
27590
27046
26406
26294
26070
25654
25382
25446
25702
25654
25430
25238
25142
24549
23749
23349
23173
22437
22645
22229
21685
20741
20597
20004
19476
19268
18964
18212
18308
17892
17860
17652
17428
17284
17028
16500
16420
16500
16371
15939
16948
15603
15987
15523
15875
15347
15699
15427
15187
15411
15523
15987
16307
16644
18340
19428
20981
22373
23605
24229
25446
26534
26822
26838
27318
27382
27094
27238
27110
27174
27430
27110
27446
27638
27862
27910
27974
27894
27846
28054
28230
28246
28278
28198
28118
28278
28278
27766
28118
28038
28118
27926
27894
27542
27526
27318
27398
27398
27030
26950
26614
26726
26550
26838
26486
26550
26390
26166
26598
26486
26470
26150
26230
26166
25910
26054
26102
26246
26150
26262
25558
25574
25094
24950
25094
25014
24902
25014
24950
25110
25094
24790
24694
24437
24614
24854
24453
24437
24758
24453
24293
24325
24197
24181
23813
23573
23525
23573
23141
22821
22725
22261
22565
22309
22261
22421
22693
22517
22501
22133
22341
21909
22053
21877
21893
21685
21861
21717
21637
21701
21637
22357
26038
28102
29303
30151
30695
31575
32615
33192
34248
34120
34440
34600
34632
34552
34648
34664
34808
34808
34872
34712
34984
35064
34792
34808
34856
34872
35128
35176
35048
35288
35368
35240
35384
35528
35304
35400
35624
35688
35576
35816
35848
35896
35736
36008
35832
36408
36120
36216
35912
35896
35928
36088
36072
36152
36024
36120
35768
35912
36056
36104
35960
36104
36152
36088
36072
36008
35976
35944
35560
35896
36104
35912
36088
35976
35880
36024
36040
35752
35944
35816
35880
35720
35816
35816
36040
35800
35864
35960
35720
35864
35992
35704
35816
35864
35848
35800
35592
35656
35384
35512
35288
34936
34984
35192
34936
34808
34968
35032
35064
34920
34968
34984
35240
35160
35048
35352
35224
35096
35176
35160
35480
35304
35528
35336
35576
35592
35576
35496
35448
