32727
32904
32920
32920
33128
33352
33400
33288
33464
33128
33752
34088
34280
34504
34728
34664
34952
35192
35240
35352
35736
35608
35256
35368
35192
35096
35192
34872
34872
34504
34632
34120
34040
33768
33784
33400
33016
32759
32615
31847
31271
30327
29527
28839
27718
28134
27014
26550
25750
25030
24694
23877
23397
23077
22325
21973
21141
20452
19924
19572
19028
18644
17860
17428
16788
16339
16131
15523
15635
15043
15251
15123
15251
15699
16227
16740
18756
20340
22005
23493
24646
25222
25974
26550
26742
27334
27478
28022
28342
28230
28807
29239
29623
29879
30007
30359
30743
31239
31367
31959
32551
32936
33384
33512
33880
33960
34184
34600
34504
34856
34824
34872
34712
34776
34376
34520
33896
33416
33240
32936
32599
32679
32359
32631
32727
32567
32583
32295
31799
31687
31319
31239
31015
30359
30215
29943
29991
29511
28999
28775
27910
27030
25830
24758
23125
22133
20789
19764
19188
18596
18260
17572
17412
16772
15907
15539
15411
16195
16131
17060
17444
18132
19220
20164
20661
21013
21333
22037
22437
23509
24630
25350
26262
27798
27942
28486
29607
30231
31047
31943
32487
33128
33432
33880
34120
34472
34360
34760
34712
34968
34888
35048
34984
34744
34904
34536
34648
34456
34344
33800
33256
32503
32215
31639
31031
30439
29527
29303
29015
28679
28518
28310
28086
26902
25990
24822
23301
21781
20260
18628
17796
16868
16195
16035
15635
15411
15603
15283
15091
15299
15107
15171
15107
15043
15715
16083
16660
16900
17604
17556
18036
18948
19812
20853
21781
22245
23173
23877
24758
25894
27702
28871
29911
30743
31399
32231
32679
32519
33176
33688
33592
34040
34472
34520
34728
34840
34984
34712
34072
34920
34216
34184
33736
32856
32215
31223
29735
27846
26102
24389
22837
20997
18916
17652
17524
16996
17108
17172
17476
17316
17396
17748
17988
18692
18900
19316
19444
19540
19668
19460
19812
20549
20020
19828
20436
20917
21061
21493
22005
21797
21957
21925
22037
21717
22053
22405
22517
22789
22885
23445
23525
23845
23797
23765
23573
23381
23653
23637
24005
23941
24293
24437
24838
24758
24710
24565
24469
24742
24565
24245
24742
25062
24950
25014
25526
25430
25846
25398
26358
27318
27046
25270
24662
23813
23717
23925
24309
24229
25366
27094
28679
29287
28967
27462
25206
23941
22677
22725
23829
25606
26934
28054
28390
28182
27654
26662
25670
24806
23973
23781
24469
25142
25926
27014
26998
27526
27798
27990
27302
26982
25638
24710
24149
24085
24646
25526
26278
27862
28086
28262
27942
26486
25654
24341
23157
22837
22933
23461
24437
24806
24854
24838
24245
23493
22661
22005
21317
21093
21301
21669
21765
22149
22789
23253
24133
24165
23621
23925
22789
22357
21749
22117
22613
23381
24293
24742
24966
25574
25158
24998
24261
24069
23589
24069
24357
24565
24501
24213
24373
23893
22869
21797
21925
21653
20196
22181
24037
24982
24517
24389
24838
24341
21701
20436
19476
18612
17684
17156
17092
18180
19572
20084
20180
20613
20148
20068
19444
18324
17572
17748
17780
18356
19284
20292
20821
20821
20805
20468
20420
19940
20517
20677
20565
19700
19268
18596
18020
17108
16339
15955
15619
15299
14979
