34264
34296
34216
34248
34296
34312
34136
34184
34280
34056
34296
34088
34312
34360
34248
34712
34568
34728
35016
35080
35048
35272
35144
35272
35304
35272
35416
35448
35336
35496
35384
35272
35416
35176
35160
35272
35400
35368
35352
35560
35432
35512
35480
35304
35464
35576
35432
35592
35560
35480
36008
35608
35496
35720
35512
35992
35432
35336
35336
35496
35656
35928
35992
36664
35800
36008
36136
36168
36088
36168
35992
36040
35784
35496
35560
35176
35384
34792
34728
34296
34040
33544
33256
32759
32535
32167
30791
29511
27846
26294
25542
24181
23637
22901
22309
21669
21349
20837
20292
19652
19508
18676
18340
18228
17780
17828
16900
16612
16163
15779
15251
15203
15187
15315
15443
16083
16355
16692
17284
17684
18404
19284
19764
19940
20565
21109
21461
21957
22149
22613
23061
24085
24742
25990
26390
27190
27830
28679
29191
30071
30439
31159
31271
31511
31575
31959
32183
32183
32343
32167
32503
32487
32487
32808
33032
33368
33640
33896
34296
34616
34760
34968
35400
35640
35512
35352
35064
34904
34456
33896
33096
32551
32055
31575
30775
30343
29671
28614
27942
27382
27126
25782
25894
25382
24357
24005
23445
22773
22197
21909
21669
21365
20965
20501
20084
19636
19300
18404
18084
17524
16836
15267
15443
15203
15267
15155
15091
15235
15539
16291
16804
16836
17684
18036
19556
21589
24998
28727
30839
32599
33496
33976
33864
33896
34088
33912
34056
33560
32872
32455
32055
31767
31735
31719
31591
31447
31143
30631
30823
30567
30343
29671
29415
29143
28919
28230
28262
27478
26806
26646
25878
25254
24854
24549
23909
23541
22437
21237
19860
19028
18356
17060
16772
16259
15955
16083
15731
15779
15987
16500
17508
17460
17668
18596
19732
21589
23685
25430
26534
27478
28102
28390
29015
29127
29927
30695
31559
32295
32503
33464
33400
33720
33816
34072
34168
34040
34200
34280
33992
34392
34792
34968
34984
35288
35304
35624
35592
35512
35688
35864
35704
35912
35928
35688
36280
35960
35880
35704
35784
35752
35912
35544
35560
35480
35080
34872
35160
35064
34984
34584
34552
34312
33976
33512
33480
33352
33336
33128
32359
31015
30231
28646
27862
26310
26086
25542
24742
23829
23269
22117
21461
20757
19876
19588
19044
18724
18484
18004
18116
17732
18260
17620
17300
17220
17300
16948
16756
16163
16404
16291
16195
15859
15731
15779
15619
15491
15443
15571
15587
15315
15731
15379
15283
15507
15171
15139
15331
15107
15011
15219
15091
15123
14803
14483
14323
14515
14499
14531
14579
14531
14691
14435
14435
14531
14787
14947
15187
15843
15587
16227
16548
16788
17108
16900
17188
17284
17172
17652
18228
18788
19412
19444
19972
20084
20324
20597
20324
20901
21093
21413
21301
21989
22181
23621
23029
23109
23909
23749
23973
24325
23909
24053
24646
25574
26230
26934
27526
27766
28230
28342
28727
28711
28887
28855
28855
28775
28967
29351
29255
29415
29415
29687
29927
30647
30791
31687
32311
32695
33256
33880
34424
34888
35256
35480
35496
35672
35640
35496
35544
35432
35224
35080
35048
34904
34840
34776
34792
34824
35048
34920
34760
34888
34776
34696
34664
34792
34632
34952
34776
34856
34664
34888
34728
34488
34760
34632
34728
34488
34648
34520
34712
34600
34616
34440
34568
34728
34680
34632
34568
34648
34712
34888
34648
34968
34920
34936
34888
35016
34712
35416
34888
34920
35016
35128
34712
35192
35160
35224
35400
35384
35144
35416
35384
35128
35384
35160
35256
35352
35208
35240
35416
35208
35384
35224
35528
35352
35416
35320
35512
35448
35352
35320
35480
35336
35544
35272
35464
35448
35480
35336
35720
35672
35624
35704
35656
35608
35448
35576
35496
35688
35544
35144
35736
35800
35624
35704
35864
35768
35496
35736
35640
35640
35656
35624
35320
35336
35512
35544
35480
35432
35368
35352
35512
35208
35448
35384
