12515
12883
13235
13171
13571
13843
14099
14371
15171
15475
15683
15971
16388
16371
16083
16884
16948
16932
17492
18116
17972
18212
18260
18340
18628
18756
19092
18820
19428
19188
19092
19380
19316
19828
19476
19892
20212
20372
20965
21477
21717
22229
21637
21397
21541
21365
21493
21717
21909
21621
21653
21781
21765
21557
21093
21413
21189
20933
20853
20420
19684
19044
17700
16436
15651
14611
13971
13683
13555
13283
12515
12835
12611
12242
12563
12387
12771
12707
12915
13683
13795
14163
14611
15219
14963
15155
15459
16115
16371
16612
16804
17156
17556
17844
18020
18292
18596
18596
18868
19300
19284
19780
19908
20260
20549
20581
20741
20821
20917
21397
21269
21669
21829
22053
22021
22309
22245
22581
22309
22501
22565
22693
22245
22773
22597
22517
22309
22293
21941
21733
21669
21493
20965
20709
20420
19876
19572
18676
18260
17908
17428
16932
16628
16532
16323
16035
15843
15427
15555
15267
14723
14323
13987
13443
13331
13123
13059
13363
13059
13379
13347
13107
12755
12531
12659
12499
12531
12387
12210
12403
12050
12291
12178
12515
11938
12547
12627
12803
12851
12931
13347
13475
13363
13731
13667
13603
13587
13923
13939
14419
14675
14899
14915
15539
15459
16067
16243
16548
16852
17028
17348
17972
18388
18836
19364
19684
20340
20468
20949
21189
21541
21557
21845
22181
22117
22245
22277
22213
22341
22293
22213
22421
22069
22261
22069
22245
22437
22309
21877
21685
21413
21269
21205
20965
20853
20709
20565
20501
20052
20068
19860
19556
19364
18948
18788
18772
18340
18388
18500
18340
18052
17892
17540
17364
17268
17108
16900
16708
16516
16580
16484
16179
15811
15619
15363
15075
14899
14659
14579
13971
13859
13603
13843
13475
13251
13283
12723
12963
12611
12515
12403
12899
12819
12947
13091
13011
12755
12515
12595
12547
12771
12419
12339
12050
11938
11938
12258
12387
12114
11922
11666
12226
12226
12451
12643
13043
12739
12691
12563
12563
13491
13395
14083
13251
14403
13987
13555
13987
13331
13987
13715
13795
14211
13635
14147
13811
13875
12915
12435
13347
13491
13395
14067
15091
15939
16644
17156
17684
17732
17828
18036
18340
18516
18196
19076
18756
18708
18932
19140
19140
19764
19876
19524
18628
18340
18244
18180
18404
18404
19156
18868
18804
18084
18068
18292
18324
18404
18580
18004
18068
17444
17428
18068
17508
18244
18212
17828
18196
18308
18372
18036
18740
18484
18676
18916
19396
19412
19652
19620
19700
19540
19812
19924
20485
20741
21029
20965
21509
21525
21429
21557
21909
21589
20997
20821
21925
22245
22309
21797
21893
20645
21125
20725
21365
21445
21205
21525
21205
21029
21765
22053
22197
22373
22501
22773
22869
22901
22821
22757
22165
21829
21573
21717
21765
22293
22613
22645
22693
22933
22741
22789
22325
22501
22229
22389
22357
22693
22997
22645
22853
22789
22869
22901
22869
22805
23077
22869
22885
22789
22421
22405
21957
22069
21973
21797
22309
22277
22501
22725
22389
22549
22677
22229
22645
22197
22245
22725
22453
22709
22517
22709
22533
22933
22837
22549
22709
22325
22421
22293
21765
21637
21829
21637
21237
21093
20741
20356
20196
19844
19924
19796
19652
19620
20036
19892
20052
20164
20292
20052
19908
20356
20228
19892
20180
20036
19972
20084
20212
20116
20180
20020
20084
19508
18964
18500
18068
18116
17780
17460
17716
17716
18084
17764
18516
18372
18244
17844
17732
18004
17556
17668
17924
18084
17524
17092
17316
16307
16195
15891
15315
14691
14243
14083
14099
13827
13891
13859
13811
13443
13747
13571
13347
13731
13619
13555
13555
13331
13299
13139
13347
13331
12915
12899
12867
13379
12851
13139
13203
13331
13347
12915
13507
13283
13667
13059
13091
13187
13315
13667
13619
13539
13459
13027
13203
13459
13075
13411
13587
13459
14051
13891
13523
13667
13859
13459
14035
14227
14451
15059
15763
16243
17268
17444
17684
18244
18244
18340
18372
18676
18516
18180
18516
18580
18900
18804
19108
19332
19364
19492
19316
19204
19316
19284
19412
19172
19524
19444
20116
20356
20517
20789
20869
21253
21477
22037
22133
22373
22293
22149
22005
21525
21653
21189
21301
20597
20148
19156
18788
18324
18228
17908
17604
17524
16964
16436
16388
16115
15779
15731
15795
15331
15507
15699
15683
15347
15459
14995
14787
14675
14291
14115
13939
13795
13875
13859
14099
13747
13843
13987
13971
13875
13555
12771
12643
12403
12515
12242
12210
12371
12387
12435
12691
12547
12403
12323
12178
12130
12419
12611
12851
12307
12355
12387
12323
12355
12210
12162
12034
12499
12226
12547
12771
13379
14243
14627
15891
16259
17092
17204
17076
17284
16964
16900
16708
16660
17060
17012
17796
17844
18644
18548
19140
18964
18884
18996
18660
18340
18548
18228
18356
19012
18724
18660
18772
18612
18692
18740
18036
17972
17588
17796
17476
17508
17316
17316
17604
17828
17524
17876
17764
17828
17508
17556
17748
17908
18404
18532
18676
19252
19348
19796
19764
19700
19988
19908
19620
19540
20020
20004
20004
20436
20501
20420
20581
20981
21157
20965
20917
20725
20613
21013
20837
20853
20869
20773
21189
21173
21013
20885
20645
20789
20533
20180
20308
20164
20052
20420
20260
20725
20709
20629
20773
20452
20180
20388
20292
20260
20549
20789
20789
21141
21397
21525
21621
21397
21669
22421
22181
22133
22197
22309
22277
22261
22485
22501
22197
22309
22261
22517
22469
22565
22693
22741
22341
22469
22437
22373
22517
22565
22613
22693
22693
22645
22661
22597
22565
22437
22421
22389
22453
22389
22293
22213
22181
22005
21621
21861
21765
21765
21637
21669
21637
21445
21189
20949
21237
20917
20805
20661
20757
20581
20709
20212
20404
20164
20725
20485
20581
20340
20196
20709
20613
20501
20308
20725
20452
20565
20549
20452
20805
20677
20292
20501
20436
20116
20244
20260
20372
20485
20324
20132
19972
20020
19636
19188
18884
18996
18372
18196
17732
17700
17252
17412
17284
17364
16676
16468
16468
16355
16259
16131
16371
16179
16099
15907
16564
16243
16019
16131
15875
15251
15059
14611
14515
14483
14595
14515
14371
13843
13795
13331
13299
12899
12611
12355
12194
12034
11954
11922
11810
12002
12323
12178
11986
11986
11922
11906
11906
12595
12451
12226
12323
12323
12114
11954
12291
12210
12307
12066
12611
12387
12226
12611
12563
12419
12499
12451
13171
13379
13731
13875
14499
14707
15315
15843
16484
16500
16772
17348
17380
17844
17844
18420
18212
18708
18612
18628
18548
18676
18548
18596
19012
19156
19780
19700
19844
20372
20485
20661
20917
20965
20997
20901
21365
21269
21349
21221
21301
21733
21717
21669
21637
21557
21957
21733
21893
21989
21909
22037
21653
21541
21765
21717
21909
22037
21765
21557
22037
22133
22005
21925
21797
21589
21909
21893
21829
21877
21861
21861
21781
22053
22069
21829
21605
21525
21605
21717
21669
21477
21701
22197
22053
21685
21333
20917
20148
20020
19380
19364
19412
19332
19572
19444
19668
19684
19268
19300
18756
18868
18532
18772
19060
19124
19236
19236
19508
19364
19332
19156
19060
18500
18564
18388
17892
18292
18420
18212
18308
18740
18596
18900
18484
18324
18308
17892
17748
17252
17508
17620
17332
17860
17460
18004
17572
17988
17828
17732
17140
17268
16804
16820
16468
16820
16804
16548
16420
16371
16420
15875
15923
16227
16179
16019
15459
15523
15635
15795
15859
15683
16564
16147
15875
16019
15827
15555
14835
15011
14835
14819
15203
15171
15603
15891
16019
15843
15683
15571
15763
15651
15571
15283
15299
15571
14851
14787
14899
15011
15267
15139
15251
15251
15235
15427
15443
15843
15923
16355
16291
16788
17588
18292
18932
19524
19844
20565
20869
21285
21365
21317
21813
21669
21973
21573
21237
21269
20661
20629
20597
20244
20436
20597
20132
20324
20340
20084
19828
19300
18804
18468
18004
18228
18532
18340
18580
19348
18884
18932
19284
18724
18804
18676
18276
18276
18452
17972
18196
18212
17988
17860
17988
17812
17572
16580
16852
16243
15859
15603
15363
15155
15043
14771
14531
14435
13987
13891
13363
13123
12611
12659
12146
12258
12387
11906
12258
12467
12579
12082
12226
12130
11778
11938
11810
11906
11650
11490
11874
11634
11378
11250
11586
11538
11250
11810
11570
11394
11106
11794
11458
11362
11362
11698
11618
11522
11922
11938
11858
11538
12339
12291
12403
12178
12755
12515
12563
12387
12547
12371
12403
12739
12963
13283
13395
14371
14099
14291
13987
13891
13651
14131
13939
14211
14035
14131
14307
14803
15107
15139
15171
14899
15075
15219
15443
15635
16051
16179
16468
16516
16884
16452
16580
16772
16948
17172
17156
17092
17188
17444
17332
17700
18372
17860
18180
18676
18052
18420
18500
18116
18340
17956
18628
18100
18596
18404
18708
18884
18916
18948
18388
18900
18596
18276
18756
18628
18660
18596
18852
19044
18836
18580
18516
18900
18724
18948
18964
18788
18948
18788
19284
19108
19476
19364
19716
19412
19684
19284
19844
19284
19476
19668
19572
20036
20148
20164
20661
21141
20997
21061
21829
21349
21173
21077
21429
21429
21365
21781
21813
21973
21957
21957
21845
21829
22117
21909
21909
22165
22261
22085
22213
22021
22053
22389
22325
22229
22213
22053
21973
22245
22309
22277
22165
22181
22437
22501
22453
22581
22501
22613
22389
22549
22613
22613
22517
22421
22469
22405
22629
22453
22469
22373
22277
22133
22101
22485
22309
22277
21973
22469
22101
22053
21957
22341
22005
22149
22309
22149
21909
22245
22053
21621
21941
21845
21877
21429
21717
21525
21829
21861
21557
21333
21253
21237
21109
21109
20885
20677
20709
20773
20100
19508
17924
17764
18260
18756
19508
19828
20228
20084
19988
19620
19668
18900
18980
18788
18372
18852
19044
19524
20052
19572
19892
19204
19252
18724
19236
19476
19444
19892
19892
20212
20533
20789
21285
21445
21205
21653
21413
21717
21653
21445
21605
21429
21397
21541
21765
21573
21909
21813
21829
21861
21749
21461
21317
21621
21525
21285
21813
21589
21509
21765
21893
21925
21669
21477
21397
21861
22037
22309
21973
22069
22325
22213
22517
22453
22437
22293
22261
22165
22261
22389
22645
22501
22885
22629
22581
22341
22373
22149
22501
22661
22549
22485
22581
21941
18868
18644
17268
16916
16900
18068
19012
20004
20773
21013
21045
21253
21221
21253
21381
21093
21461
20693
19396
17700
16532
15843
17204
19060
20260
20629
19044
16772
17300
19124
20260
19124
17780
16788
15139
14739
14867
15923
17268
18580
20100
20549
19956
19300
16900
15779
17364
19364
19156
18084
17828
18180
17876
17476
17588
17268
17716
17044
17284
17348
17396
17140
17060
17492
17220
17828
17492
18020
18004
18628
18596
