13171
12835
12547
12675
12242
12483
12355
12274
11858
12130
11794
12274
12355
12899
13411
14515
15555
16916
17332
17988
18500
18340
18676
19092
19060
19492
19556
19844
19924
19764
20180
19844
19764
19908
19908
20260
20052
20517
20388
20661
20597
20517
20741
21093
21109
21349
21221
21733
21541
20821
20196
19268
19716
19876
20340
20020
19412
19556
19284
19460
19220
18996
18788
18116
18116
17956
17380
17140
16660
16083
14995
14419
13923
13731
13539
13555
13283
13171
12915
13011
12867
12851
12579
12371
12162
12034
11874
12002
12210
12194
11682
11970
12098
12162
12098
12146
11874
12627
12947
13395
14019
14323
14307
14403
14339
14403
14451
14515
14723
15059
15139
15331
15267
15315
15155
14947
14707
14531
14835
15219
15651
15731
16371
16916
17572
17684
18276
18900
18948
19412
19508
19860
19876
19780
20212
20196
20645
20613
20549
20581
20837
20853
20565
20997
20805
20757
21205
21013
20949
20933
21221
21109
21077
21253
21333
21221
21253
21189
21317
21381
21253
21285
21157
21653
21589
21461
21237
21621
21221
21365
21685
21317
21669
21669
21429
21397
21733
21621
21429
21845
21653
21461
21669
21477
20981
21189
20757
20981
20997
21221
21109
20981
20981
20901
21029
20757
20821
20725
20549
20565
20452
20629
20372
20244
20132
20004
20212
20180
19652
19540
19028
18580
17988
17684
17300
17012
16692
15763
15523
15651
14819
14771
14547
14403
14371
14163
14019
13683
13619
13571
13283
13107
12979
13283
12931
12643
12371
12307
11970
12307
12274
12291
12018
12002
11618
11746
11666
12066
12018
11714
12242
12403
12098
12002
12114
12643
12819
12579
13075
13331
13603
14291
14739
15059
15427
15891
16339
16660
16868
16772
16980
17252
17108
17364
17556
17812
17412
17684
17892
18164
17924
18308
18020
18260
18180
18772
19396
19492
20052
20148
20565
20533
20901
20709
20436
20901
20709
20581
20949
20805
20565
20949
20933
20789
20725
21077
21013
20821
20997
20949
21045
20645
20725
20725
20757
20805
20853
20885
20773
20533
20709
20501
21205
20789
20693
20372
20549
20180
20340
19764
19876
19156
18868
18180
18036
17636
17684
17700
17412
17508
16964
17188
16468
16884
16836
16436
16516
16660
16355
16371
16644
16291
16404
16532
16708
16980
16564
16660
16532
15859
16099
16259
16404
16147
16548
16836
16964
16804
16339
16003
15859
15779
15987
15763
15923
16227
16436
16532
15651
14979
14467
13907
13427
13427
13443
13411
13347
13187
13203
12979
13155
13267
13139
13059
12963
12755
12755
12707
12579
12499
12515
12595
12643
12755
12339
12563
12387
12355
12467
12627
12355
12258
12114
12082
11938
11938
12050
12515
13155
13379
14227
14739
15331
16323
16644
16996
17268
17652
17908
18276
18068
18532
18900
18804
19204
19028
19252
19092
19236
18980
19332
19092
19380
19204
19636
19492
20052
19796
20164
20228
19940
19476
19652
19252
19652
19620
19588
20244
20180
20388
20420
19908
20020
19636
19764
19268
19556
19668
19764
19476
19444
19396
18964
18772
18772
19028
18836
18500
18372
18356
18004
18116
17780
18100
18516
18468
18884
18676
18484
18708
18340
18484
18308
18500
18468
18708
18612
19140
18964
19172
18884
19252
18900
19044
19076
18756
18980
19156
19284
18980
19348
19060
19236
19364
19108
19412
19172
19636
19220
19396
19204
19412
19044
19428
19396
19316
19652
19444
19188
19300
19268
19236
19316
19428
19508
19620
19652
19668
19700
19604
19684
19524
19316
19540
19508
19604
19540
19684
19572
19780
19716
19460
19860
19492
19380
19636
19348
19588
19300
19860
19396
19188
19348
19044
19252
18916
19124
18948
19204
18932
19028
18692
18964
19140
18804
18980
18820
19012
18772
18996
18820
18628
18932
19124
18948
19236
19204
19428
19684
19684
19652
20132
20260
20949
20837
20901
20821
21221
21061
20741
20741
20388
19908
19684
19892
19316
18996
19028
18868
18372
18436
17908
17508
17380
16852
16836
16307
16275
15795
15971
15331
15075
15251
15123
14515
14291
13571
13411
13187
13123
12931
12883
12851
12883
12851
12082
12194
12226
12082
12291
11970
12194
12002
12226
11890
12114
12339
12387
12787
12643
12947
12915
13043
13411
13651
13939
14115
14291
13923
14051
14307
14563
14227
14531
14643
14739
14771
15059
15299
14931
15379
15875
16804
17012
17796
17940
18644
19188
19428
19556
20148
20164
20180
20645
20533
20501
20885
20933
20805
20853
20677
20997
21109
21093
21125
21077
21125
21109
21093
21045
21013
21349
21349
21285
21253
21237
21109
21269
21525
21589
21557
21685
21557
21509
21285
21829
21557
21365
21269
21189
21621
21573
21541
21413
21237
21749
21525
21397
21365
21621
21541
21397
21557
21477
21445
21285
21093
21285
21205
20997
20885
20901
20597
20709
20404
20517
20212
20356
20084
20260
20116
20004
19972
20004
19956
19860
19428
19316
19252
18916
18996
18676
18692
18100
18116
17412
17220
16996
16163
16163
16099
15571
15619
15027
14867
14723
14371
14435
14419
14163
14083
13939
13763
13603
13379
13123
12931
12691
12355
12851
12563
12499
12451
12307
12291
12098
11922
11858
11762
11762
11746
11714
11682
11634
11618
11682
11602
12002
12066
11890
11986
12050
12242
12547
12739
12483
13107
13155
13219
12899
13107
13427
13811
14195
14515
14771
14483
14899
15027
14995
15315
15587
15523
15795
15555
15859
16339
16275
16804
16596
16980
16612
17284
17188
17012
17588
17748
17732
18340
18436
18292
18740
18932
18884
19092
19668
19524
19668
20100
20068
20404
20340
20693
20276
20565
20693
20917
20645
20901
21045
21013
21013
21045
20981
21413
21429
21237
21237
21525
21541
21445
21477
21461
21301
21253
21221
21221
21557
21493
21333
21365
21269
21317
21221
21125
21061
21269
21317
21189
20981
20933
20901
20533
20517
20148
19860
19796
19428
18932
18868
18612
18196
17908
17988
17588
17684
17316
17460
17076
17204
16964
17124
16916
16548
16788
16468
16692
16724
16500
16548
15971
16179
16339
15699
15587
15555
14851
14899
14755
14067
14163
14099
14035
13715
13539
13491
13635
13491
13475
13235
12611
12467
12675
12643
12803
12515
12451
12451
12371
12339
12387
11890
11954
12146
12018
12371
11938
11842
11938
12034
11810
11426
11938
11586
11970
11602
11890
11650
11890
11810
11458
11522
11634
11586
11602
11602
11602
11474
11490
11490
11650
11826
11922
11986
12146
12178
12258
12371
12194
12531
12723
12258
12611
12835
13171
12739
13059
13379
13699
13923
13683
13827
13971
14067
14211
14403
14259
14179
14435
14691
14819
14403
14739
14851
15027
14755
14979
15171
15091
14899
15075
15411
15331
15619
15795
16083
15747
15923
16035
15971
15891
16163
15859
16179
16371
16163
16371
16452
16644
16371
16692
16371
16628
16804
16500
17044
16596
16964
16740
17140
16740
17188
16932
17140
16852
17092
17204
17012
17396
17156
17492
17252
17636
17412
17828
17668
17924
17636
17828
17652
17908
17684
18004
18228
18404
18564
18772
18324
18404
18516
18628
18884
19028
19508
19540
19604
20036
19940
19924
19812
19732
20036
19860
20244
20196
20052
20388
20084
20292
20052
20468
20452
20196
20260
20501
20645
20581
20613
20485
20949
20981
21029
20965
21333
21365
21397
21349
21317
21269
21029
21205
21397
21445
21381
21413
21301
21189
21429
21413
21301
21077
21445
20981
21157
21157
21253
20949
20709
20468
20148
20132
20340
20324
20212
20084
19924
19892
19684
19540
19780
19844
19732
19668
19428
19460
19588
19380
19188
19060
18676
18900
18628
18116
17812
17348
17524
16948
17124
16708
16900
16500
16612
16420
16660
16564
16676
16468
16003
16371
16131
16179
15859
16051
16083
16035
16035
15907
15907
16115
15987
15939
15715
15955
15827
16243
15779
15747
15747
15827
15939
15923
15955
16115
15859
15971
16179
15747
15939
16179
16019
16275
16003
16291
16291
16067
16019
16163
16147
16371
16083
16884
17204
17252
17492
16980
17060
16884
17220
17780
17476
17924
17556
17860
17220
16836
16404
16163
15587
15555
15555
15555
15619
15555
15603
15683
15347
15443
15283
15603
15411
15507
15523
15139
15139
15363
15443
15091
15139
15283
15267
15267
15379
15395
14915
15011
14995
14947
14947
14851
14947
14931
14899
14211
14323
14643
14867
14595
14595
14675
14707
14691
14547
14579
14515
14387
14067
14115
14227
14307
14403
14387
13955
14291
14163
13891
14179
13987
13827
13747
14051
13939
13603
14051
14003
13635
13731
13603
13795
13827
13859
13987
13779
13891
13875
13843
13843
13843
13939
13939
13811
13411
13363
13459
13507
13491
13475
13619
13251
13315
13091
13587
13699
13587
13219
13267
13459
12963
13107
13459
13555
13171
13299
13459
13491
13011
13171
13347
13443
13347
12947
13027
13171
13139
13155
13299
13411
13027
13043
13123
13155
12803
12771
12851
12931
12963
13043
13043
13075
12547
12483
12755
12899
12979
13027
12995
13171
13011
12787
12803
12771
12787
13043
13059
13267
13171
13155
13107
13203
12835
13203
12995
12899
12707
12531
12611
12451
12387
12403
12130
11890
12210
12098
12066
11570
11730
11826
12018
11522
11602
11746
11762
11330
11666
11490
11282
11682
11586
11378
11266
11666
11474
11250
11522
11458
11298
11234
11250
11586
11538
11474
11250
11634
11426
11522
11602
11394
11266
11586
11394
11650
11506
11170
11698
11298
11650
11362
11634
11378
10866
11458
11170
11474
11186
11154
11426
11362
11634
11170
11618
11554
11442
11378
11282
11154
11618
11506
11378
11090
11570
11330
11154
11410
11346
11026
11746
11442
11266
11106
11666
11522
11474
11378
11282
11218
11698
11490
11410
11394
11426
11362
11442
11330
11410
11330
11506
11410
11538
11522
11602
