20981
20645
20869
20917
20997
21205
21381
19156
16884
15411
14499
13779
13859
13891
14195
14387
14499
14787
14867
14915
15091
15251
15283
15363
15715
15955
16035
17028
18356
19364
19908
20693
20709
20773
20501
20292
20068
19636
18980
18772
18452
17652
17252
16948
16452
15891
15219
14819
14099
13667
13651
13363
12979
12675
12499
12291
12771
12803
13011
12675
12835
13059
13891
14403
14803
15443
16019
16211
16884
17716
17972
18644
19460
19748
20436
20485
20693
21045
21125
21397
21541
21429
21845
21701
21637
22069
21925
22261
21749
22053
21909
21685
21813
21701
21349
21477
20901
20709
20052
19476
19124
18868
18356
17876
17348
17156
16420
16307
16131
15891
16067
15555
16019
15267
14787
15027
14627
14883
14451
14547
13971
14131
13715
13331
12899
12547
12258
12659
12867
13379
14179
14931
15699
16243
16355
16740
17204
17540
17524
17908
17732
18052
18260
18052
18452
18276
18516
18692
18628
18852
18740
18964
19012
19076
19252
19012
19348
19204
19684
19924
20004
19940
20549
20645
20741
21221
21285
21269
21717
21861
21861
21861
21845
21733
22005
22165
22037
21989
21829
21781
22085
22053
21941
22261
22229
22165
21941
22005
22373
22245
22133
21973
22165
22277
22197
22085
22357
22485
22437
22437
22357
22565
22629
22421
22101
21845
21525
21813
21477
21269
21093
21365
21205
21013
21621
21061
20917
20613
20837
20741
20613
20452
20468
20372
20308
20244
20180
20196
20228
20212
19828
19956
19476
19508
18932
18756
18708
18116
17988
17668
17252
16660
16404
16035
15363
15267
15123
14787
14675
14723
14851
14883
14803
14723
14755
14563
14611
14291
14403
14307
14307
14211
14211
14035
14355
14179
14243
14275
14275
14211
14115
13907
13635
13395
13155
13011
12883
12707
12579
12371
12371
12178
12018
12291
12210
12018
11730
12194
12114
11938
11986
11906
11762
11618
11634
12098
11890
11778
11666
11682
12114
11842
11826
12242
12194
12194
12002
12499
12435
12483
12419
12739
12835
12995
13043
13139
13219
13203
13571
13763
13891
13987
14003
13987
14131
14051
14099
14099
13619
13635
14195
14435
14451
14323
14739
14499
14211
14099
14419
14163
13875
14067
14195
14483
14707
15171
15075
15459
15827
15619
16019
16307
16035
16355
16836
16436
16868
17236
17172
17572
17444
17748
17556
17828
17620
17892
17700
17828
18100
17892
18228
18100
18548
18900
18836
19268
19188
19572
19652
19668
20260
20292
20324
20821
20869
20773
20757
20933
21205
20981
20965
21349
21285
21109
21125
21573
21461
21397
21301
21701
21653
21525
21493
21429
21781
21813
21733
21669
21525
21477
21845
21749
21621
21653
21845
21925
21845
21749
22181
22053
22053
22069
22085
22133
22133
22037
22005
22181
22229
22213
22069
22213
22293
22693
22773
22725
22693
22565
22453
22373
22469
22677
22821
22581
22741
22885
22469
22517
22629
22501
22805
22661
22885
22629
22485
23093
22421
22517
22549
22437
22693
22677
22469
22261
22549
22229
22325
22149
21845
21877
21685
21365
21541
21253
21493
21221
21253
21317
21013
21365
21045
20709
20853
20533
20709
20356
20549
20084
20276
19796
19716
19188
18900
17924
17652
17332
17076
16147
16147
16131
15571
15491
15395
15571
15203
14899
14707
14579
14563
14419
14563
14451
14483
14355
14515
14195
14195
14083
14147
14083
14067
13987
13491
13523
13587
13555
13635
13699
13635
13619
13587
13059
13155
13107
13155
13091
13091
13139
13251
13283
13347
13251
13139
13059
13043
12995
12899
13027
12979
12931
12803
12387
12467
12483
12082
12210
11922
12130
12323
11954
12066
12178
12178
12194
12130
12002
11874
11666
11618
12130
12082
12082
12050
11970
11938
11842
12339
12579
12771
12899
13123
13971
14051
14227
14451
14771
14835
14963
15139
15155
15187
15059
15123
15123
15283
15267
15347
15523
15715
15923
15763
16003
15811
15603
15667
15683
15763
15699
15731
15779
16003
15987
15635
15667
15795
15891
15955
15907
15635
15715
15683
15619
15587
15667
15667
15779
15923
15875
15795
15731
15811
16003
16195
15763
15699
15891
15955
16195
15699
15651
15603
15651
15587
15507
15395
15491
15715
15747
15683
15651
15619
15667
15763
15859
15939
16067
15651
15619
15667
15731
15635
16035
15299
15523
15363
15187
15475
15283
15683
15267
14771
15043
15171
15235
15059
14915
14579
14323
14083
13555
13379
13283
13139
12915
12627
12515
12371
12130
12467
12483
13171
14515
15443
16628
17652
18452
18836
19028
19572
19716
20164
20084
20084
20276
20308
20565
20597
20533
20837
20885
20853
21269
21189
21109
21669
21589
21669
21749
22117
22117
22117
22373
22437
22309
22229
22613
22485
22325
22149
22373
22245
22085
22293
22085
21765
21989
21893
21685
22053
21909
21621
21909
21653
21877
21733
21541
21765
21525
21477
21269
20885
21013
20741
20997
20629
20340
20212
20148
20196
19908
19940
19796
19572
19860
19684
19828
19652
20004
19588
19316
19476
19332
19124
18836
18580
18228
17940
17556
17348
17460
17076
16564
16548
15827
15491
15187
14803
14611
14739
14563
14323
14467
13731
13315
13475
13251
12947
12675
12771
12819
12595
12242
12226
11986
12435
12258
12034
11714
12162
12291
12114
12034
11874
12242
12034
11906
11826
12226
12082
11938
11698
12050
11938
11810
11698
11682
12082
12018
12098
12178
12323
12371
12499
12595
12659
12739
12899
13155
13395
13587
13859
14019
14307
14467
14691
15011
15107
15315
15539
15187
15347
15539
15747
15875
16035
16243
16307
16628
16275
16404
16708
17044
17428
17172
17636
18324
18676
18596
19012
18900
19396
19364
19860
19700
20116
19956
20212
20148
20068
20501
20324
20725
21013
21045
21205
21397
21573
21621
21333
21525
21589
21653
21717
21653
21925
21813
21621
21909
21781
22181
21605
21733
21925
21717
21941
21765
22085
22005
22197
22085
21781
22085
22053
21925
21861
22085
21909
21749
21829
21829
21765
21685
22037
21845
21621
21701
21301
20853
20869
20372
20308
19716
19668
19252
19300
18948
18996
18756
18884
18580
18772
18340
18548
18132
18196
18260
18036
17764
17956
17700
17956
17476
17556
17396
16740
16548
16339
16131
15939
15555
15299
15027
14851
14515
14227
13923
14259
14019
13971
13795
13747
13459
13443
13219
13187
13075
13091
12915
12931
12675
12787
13139
13107
12915
12771
12771
12755
12595
12611
12435
12387
12371
12451
12531
12595
12451
12082
12050
12210
11650
11922
12178
11874
12274
12323
12307
12387
12403
13027
12995
13251
13347
13299
13795
13795
13875
14035
13747
14243
14243
14387
14355
14435
14547
14707
14755
14931
15011
15395
15491
15907
16115
16452
16676
16468
16692
16932
17396
17540
17172
17332
17572
17748
17572
17876
18340
18036
18148
18452
18164
18532
18772
18548
18772
18692
18820
18948
18884
19252
19204
19364
19556
19508
19812
19764
20180
20260
20549
20677
20885
20949
21061
21317
21333
21189
21061
21557
21413
21301
22021
21797
21765
21589
21813
21829
21797
21813
21749
21781
21717
22117
21973
22005
22389
22421
22325
22197
22453
22277
21941
22213
22245
22085
21989
22117
22069
21893
21541
21445
21605
21493
21477
21605
21685
21541
21317
21525
21221
20901
21253
21109
20965
20837
21157
20981
20565
20853
20436
20645
20084
20260
20180
19732
19524
19716
19188
18852
18900
18564
18596
18324
18372
18420
18004
18100
17556
17588
17044
16948
16804
16788
16035
16243
15651
15683
15635
15219
15187
15251
15411
14867
14883
14547
14579
14659
14579
14611
14403
14355
13907
13971
14099
13971
13811
13715
13411
13267
12931
12739
12483
12787
12563
12451
12226
12066
12226
12307
12130
12146
11922
12563
12403
12371
12339
12723
12899
12627
12499
12339
12531
12851
12979
12931
12899
12915
12915
12851
12899
12899
12963
13059
13043
13235
13427
13571
13955
13987
14691
14803
14851
15603
15555
15731
15843
16083
16291
16339
16275
16468
16436
16884
17316
17012
16868
17044
16820
16804
16820
16468
16788
16676
16964
17076
16884
17044
16788
16932
16996
16564
16852
17188
16980
17412
17284
17892
17588
17780
17860
17748
17972
17844
18068
17956
18340
18564
19108
19444
19684
19908
20485
20565
20436
20869
20789
20741
21125
21141
20981
21333
21237
21157
21493
21381
21477
21493
21397
21317
21573
21461
21221
21605
21541
21477
21557
21317
21621
21573
21333
21589
21477
21365
21493
21573
21589
21941
21749
22117
22037
21957
21765
22229
22197
22325
22597
22613
22341
22357
22181
22453
22309
22373
22165
22357
22309
22357
22469
22613
22341
22421
22501
22517
22645
22261
22421
22485
22629
22501
22389
22245
22437
22437
22389
22309
22197
22245
22229
22309
22277
22261
22165
22213
22229
22341
22325
22341
22261
22165
21973
22005
22373
22165
22309
22437
22421
22453
22261
22229
22421
22325
22165
22101
22037
22117
22277
22261
22197
22197
22069
22101
22005
22165
22005
22085
22181
22581
22197
22245
22181
22261
22261
22245
22213
22293
22325
22309
22373
22053
22133
22165
22421
22677
22629
22517
22517
22677
22469
22629
22517
22645
22629
22517
22373
22421
22325
22421
22341
22437
22597
22389
22725
22565
22389
22581
22725
22709
22645
22517
22405
22389
22469
22485
22677
22869
22853
22885
22821
22773
