20100
20196
20164
20597
20436
20404
20677
20773
21029
21157
21189
21253
21269
21653
19668
17556
15571
14659
14115
14211
14211
14435
15155
15523
15827
15987
16051
16259
16404
16371
16532
16932
17012
17060
17060
17012
17348
17700
18532
18964
19940
20340
20709
21285
21493
21573
22197
21877
22085
22149
22021
22069
22245
22021
22117
21861
21637
21365
21077
20501
20292
19652
19476
19268
19108
18420
18484
18516
18004
17940
17908
18212
17796
17476
17476
17588
17028
16868
16868
16900
16820
16836
16195
16083
15923
15731
15315
14803
14051
13283
13203
12787
12563
12451
12483
12963
12899
12659
13139
13139
13091
13043
13107
13155
13171
13251
13379
13363
13491
14051
14227
14339
14435
14723
15155
15875
16660
17204
17524
18148
18724
18804
19188
19300
19828
19988
19908
20308
20180
20645
20725
20468
20757
20581
20933
20805
20693
21045
21093
21221
21701
21509
21557
21365
21461
21733
22037
21957
22341
22229
22101
22021
22261
22117
22229
22149
22005
22325
22069
21941
22085
22117
22149
21941
22197
21973
22181
21973
22053
22037
21877
22165
22053
22069
21973
21893
21925
21717
21461
21525
21189
21045
20597
20068
19860
19108
19028
18452
18436
17924
17748
17716
17572
17220
17220
17140
16788
16836
16820
16596
16644
16612
16083
16211
16243
16243
15747
15779
15891
15779
16003
15507
15155
15011
14995
14835
14803
14611
14419
13907
13731
13523
13299
13139
12995
12707
12387
12194
12018
12274
12002
11826
11538
11874
11634
11458
11810
11698
11554
11826
11666
11826
11826
11794
11554
12034
11794
11938
12002
11570
11730
11762
11778
11826
11954
12226
12258
12242
12146
12066
11858
12499
12178
12002
12483
12467
12403
12274
12307
12787
12707
12579
13107
13043
13107
13267
13395
14019
14243
14483
14627
14915
15139
15347
15731
16163
16644
16660
17412
17716
17460
17860
18068
18580
18116
18356
18548
18276
18612
18868
18676
18932
19172
18900
19124
19348
19556
19380
19636
20004
19844
20501
20324
20260
20773
20757
21285
21605
21509
21957
21813
21733
22053
22165
22101
22005
22325
21925
22597
22373
22101
22485
22277
22533
22293
22325
22485
22277
22165
22437
22197
22437
22197
22437
22197
22341
22117
22373
22485
22469
22261
22373
22149
22437
22213
22373
22325
22181
22213
22261
22277
22165
22133
22021
21877
21829
21797
21621
21461
21157
21253
20901
21013
20693
20773
20244
20228
20020
19604
19460
19380
19028
18596
18324
18676
18196
18420
18196
17780
18020
17988
18324
18260
18276
18516
18628
17796
17940
17252
17060
16980
15907
16532
16211
15827
15619
15267
15123
14691
14243
14035
14051
14179
14371
14099
13987
13843
13555
13203
13475
13507
13907
14387
14467
14451
14755
14867
14451
14499
14163
14323
14179
14323
14675
14563
14291
13811
13699
14115
14195
13843
13875
13795
13923
13891
14115
14019
13635
13763
14259
13763
13635
13779
13795
13683
13619
13715
13859
13859
14115
14611
14003
14515
14707
15091
15091
14995
15203
15347
15619
15427
15299
16019
16147
16195
16708
16692
16564
16852
17140
17556
17204
17892
17828
18212
18596
18548
18964
19428
19444
19716
19764
19620
20036
19828
20260
20084
20068
20436
20533
20452
20356
20789
20821
20741
20693
21045
20917
20901
21205
21157
21013
21413
21397
21349
21733
21717
21733
21733
22101
22133
22117
22437
22501
22293
22165
22533
22533
22437
22357
22517
22309
22213
22581
22549
22373
22309
22565
22373
22165
22485
22357
22117
22357
22133
21877
21925
21637
21269
21525
21029
21077
20629
20629
20308
20004
20068
20068
19876
19732
19620
19364
19620
19236
19524
18788
19220
19108
18980
19060
18596
18708
18724
18292
18420
18580
18532
18164
18148
17908
17908
17716
17524
17268
17540
17236
16980
16948
16692
16371
16099
15699
15347
14979
14579
14339
14051
13667
13203
12883
13187
12755
12931
12675
12339
12467
12387
12162
12066
12387
11986
12435
12210
12018
12435
11858
12162
12034
11938
11954
11810
11650
12082
11938
11666
11986
11938
11810
11618
11362
11698
11586
11458
11234
11586
11634
11298
11634
11474
11730
11570
11858
11634
11442
11778
11570
11874
11778
11730
11970
11858
11842
12563
12963
13283
13539
14083
14371
14451
14451
14579
14611
14323
14867
15091
15139
15171
14979
15315
15267
15347
15171
15283
15331
15267
15587
15539
15491
15667
15603
15907
15875
15779
15811
15795
15555
15571
15699
15859
15939
15875
15939
16083
15587
15731
15523
15715
16035
15763
15331
15475
15011
14627
14147
13635
13411
13267
13155
13331
13235
12979
12707
12995
12691
12595
12707
12627
12931
12787
12707
12803
12659
12531
12258
12611
12515
12291
12707
12403
12531
12435
12258
12082
12547
12291
12114
12515
12226
12563
12291
12034
12435
12226
12098
12579
12659
12627
12515
12371
12371
12595
12579
12387
12419
12787
12963
12835
13059
12499
12963
12803
12883
12867
12643
13011
13235
13235
13155
13043
12819
12755
13011
13171
13299
13203
13059
12995
12867
12643
12931
12819
12707
12787
12755
12739
12659
12515
12931
12835
12851
12771
12563
12755
13043
12739
12435
12595
12499
12146
12323
12387
12499
12178
12226
12242
12291
12323
12018
12098
12274
12082
12563
12499
12451
12499
13139
13219
13619
14099
14195
14995
15907
17044
18116
18580
19428
19764
20388
20597
21109
21205
21109
21525
21573
21557
21893
21909
21877
21765
22069
21909
21877
22421
22341
22037
21829
22005
22149
21957
21845
21973
21797
21429
21685
21317
20725
21077
20340
20308
19508
19204
18484
18340
18020
17364
17092
17044
16804
16724
16099
15859
15763
15955
15635
15507
15715
15523
15571
15091
15075
14883
14915
14947
14771
14835
14691
14451
14339
14051
13795
13683
13347
13027
12787
12483
12082
11890
12114
11986
11858
11778
11666
11458
11506
11378
11826
11666
11442
11842
11666
11858
11442
11442
11554
11746
11810
11490
11762
11954
12066
12258
12242
12178
12050
12659
12371
12387
12274
13075
12931
13267
13203
13363
13603
13683
13939
14179
14499
14771
15075
15107
15411
15411
15827
16019
16259
16388
16628
16692
16291
16516
16660
16852
16852
17188
16948
17204
17332
17156
17300
17588
17780
17668
18020
18340
18228
18500
18276
18404
18580
18660
19092
18916
19028
19124
19172
19444
19492
19188
19556
19540
19876
19572
19780
19524
19796
19604
19860
19556
19972
19796
20084
20292
20100
20436
20244
20501
20613
20581
20949
20789
21061
20821
21125
21173
21573
21301
21749
21589
21525
21637
21669
22005
21653
21893
22133
22021
22101
22101
22213
22133
22069
22085
22437
22373
22485
22245
22213
22197
22485
22693
22325
22677
22389
22581
22293
22693
22277
22613
22261
22485
22453
22197
22069
22325
22229
22389
22261
22021
22165
21909
22053
22053
21957
21701
21637
21573
21461
21493
21013
21061
21077
20693
20533
20613
20645
20132
20020
20068
20100
19956
19588
19444
19396
19060
19140
18612
18660
18260
17780
17716
17508
17316
16996
16836
16468
16339
15955
15859
15795
15827
15651
15427
14979
14947
15059
14483
14579
14419
14259
14163
14227
14163
14051
13715
13875
13699
13363
13155
13171
13235
13235
12787
12579
12931
12483
12210
12387
12130
12018
12210
12098
12130
11794
11794
11634
11426
11490
11698
11586
11170
11586
11458
11490
11266
11474
11426
11394
11234
11170
11202
11634
11410
11650
11618
11970
11874
12371
12050
12274
12755
12611
13203
13139
13731
13811
13507
13763
14291
14211
14355
14755
14787
14739
15123
15443
14883
15555
15475
15619
15603
15475
15939
15731
16147
16179
16179
16179
16371
16083
16355
16628
17060
16804
16884
17508
17636
17572
17748
18052
18420
18292
18820
19188
19124
19380
19588
19620
19876
20020
19876
20276
20533
20452
20805
20693
20805
20773
21045
20885
21077
21205
21461
21381
21509
21541
21445
21765
21461
21621
21989
21749
21909
21733
21941
22085
21893
22149
22245
22245
22069
22485
22117
22117
22101
22117
22357
22357
22293
22501
22453
22309
22469
22325
22453
22405
22549
22357
22725
22549
22645
22693
22565
22597
22693
22469
22709
22389
22661
22389
22133
22341
22165
22357
22101
21909
22005
21877
21253
21701
21493
21397
21669
21557
21573
21493
21525
21317
21317
21621
21509
21221
21125
21333
21077
21317
21093
21093
21221
20853
21093
21141
21029
20981
20853
20933
20629
20597
20436
20661
20420
20501
20436
20661
20565
20517
20132
20340
20276
19972
20004
19604
19652
19668
19332
19284
19108
18932
18500
18212
17956
17860
17572
16900
16756
16740
16067
16147
15763
15571
14963
14755
14515
14259
13859
13699
13379
13011
13571
13299
13171
12963
12771
13059
13171
13011
12707
12547
12851
12771
12979
12787
12963
13139
12979
13011
12915
12835
12387
12451
12467
12307
11986
11746
12050
11762
11538
11730
11314
11490
11442
11282
11346
11410
11730
11282
11362
11634
11442
11698
11442
11554
11634
11442
11954
11730
11618
11810
11650
11570
11490
11570
11874
11394
11938
11554
11986
11762
12162
12291
12226
12947
13091
13475
14227
14739
15075
15267
15315
15731
15827
16019
16211
16788
16724
16676
16548
16596
16580
16532
16788
17012
17220
17444
17876
18132
18484
18340
18900
18692
19156
19236
18916
19060
19396
19364
19396
19524
19252
19236
19348
19156
19060
19252
19460
19044
19108
19572
19476
19540
19412
19652
19860
19652
19412
19364
19140
19108
18676
19364
18868
18484
18532
18228
17908
17812
17540
17748
17636
17908
17924
17844
17924
17812
17892
17940
17844
18004
18020
17652
18100
17924
17796
17924
18244
17844
17988
18084
18276
18452
18340
18404
18660
18708
18932
18788
19108
18996
18644
18628
18804
18852
18644
18788
18996
19284
19524
19092
19604
19348
19444
19540
19188
19188
19140
19188
19252
19444
19620
19412
19764
19748
19620
19812
19604
20004
19796
19604
19764
19828
19492
19876
20116
19972
19876
20084
19972
20212
19940
20020
20084
20677
20084
20324
20388
20148
20324
20324
20244
20132
20212
20036
20292
20324
20340
20244
20276
20116
20052
20324
20356
20340
20276
20004
20244
20068
20180
19748
19812
19972
20036
20052
20116
20052
19956
20244
19924
19796
19812
20260
20164
19956
20164
20404
20052
20388
20180
19924
20292
19908
20180
20468
20084
20228
20084
20116
20244
20196
19716
19748
19860
20020
19588
19620
19620
19220
19172
19268
19252
19572
19972
20036
20356
20949
21269
21413
21445
21637
21925
21733
21989
21989
21957
22309
21845
22117
22053
21989
21621
21877
21717
21445
21685
21285
21333
21061
20613
20164
20308
20036
20004
20068
19636
19316
19076
18676
18004
17252
16452
15731
15187
14835
14675
14163
13859
13395
13587
13299
13267
12819
13171
13107
13139
13203
13235
13763
13763
13379
13411
13091
12787
12755
13027
12835
12867
13347
13315
13123
13635
13571
13315
13363
13123
13299
13347
13411
13667
13683
13395
13843
13555
14147
13907
13763
13555
13459
13315
13459
13459
14067
13987
13731
14195
13635
14019
13811
13715
13363
13427
13795
14051
13859
14371
13843
13795
14291
14835
15011
14883
15491
15987
16115
16259
15827
15763
15395
15075
15251
14963
15299
14963
14819
14483
14659
14659
14323
14451
14003
13811
14035
13475
13507
12723
12579
12387
12947
13987
15715
17412
19012
20132
19476
18820
16740
15539
14595
14691
16275
17780
18916
19700
20212
20517
20485
20308
20565
20805
20501
20565
20549
20645
20340
20501
20148
20148
19988
19908
19444
19220
19028
18948
18916
18788
18180
18036
17620
17284
17236
16596
16724
16452
16404
16163
15795
15603
14979
14995
14515
14387
14179
13939
13699
13635
13155
13251
12883
12675
12787
12723
12739
12531
12675
13379
14131
14339
14883
15779
16371
17140
17828
18388
18644
19236
19620
19924
19988
20260
20597
20901
20901
21221
21077
21653
21669
21845
21845
21685
22101
22133
22229
22549
22741
22741
22869
22933
22821
22709
22773
22837
22597
22709
22677
22709
22773
22837
22725
22917
22437
22741
22821
22517
22693
22597
22757
22821
22725
22581
22453
22677
22725
22325
22501
22405
22661
22485
22293
22613
22421
22405
22805
22693
22901
22805
22773
22853
23013
22885
22757
22965
22917
22885
22981
22789
22693
23093
22725
23013
22677
22805
22149
21685
20549
19108
17588
16564
15763
14515
13939
13923
13731
13763
14147
14003
14627
14755
15203
16227
16548
17108
17316
18036
18228
18660
18756
18884
19124
19316
19108
19364
19572
19364
19300
19172
18996
18884
18756
18628
18324
18164
17956
17716
17588
17636
17764
18068
17716
17668
17572
17924
17940
17956
17716
17812
17556
17748
17876
17988
17716
17828
17780
17796
18116
18020
17604
17716
17892
18148
17716
17940
18036
18020
18020
18196
17988
18100
17956
17652
17972
17764
17844
18036
18036
18116
17908
17716
17748
17620
17732
18036
17764
17684
17940
17972
17524
17876
17636
17300
17460
17748
17428
17396
17364
17396
17540
17140
17076
17028
17012
17412
17348
17316
17428
17572
17236
17220
17364
17268
17364
17556
17252
17348
17508
17604
17476
17252
17876
17588
17396
17380
17748
18004
18132
17924
17572
17652
17716
17764
17524
17972
17940
17652
18180
17940
17892
17636
17972
17972
17700
17652
17828
17860
17476
